Set Temp (deg C)	117.000000	Laser Power (uW)	873.000000	Laser Detuning (GHz)	7.000000
X  Field (nT)	Z  Field (nT)	Photodiode Voltage (V)	Temperature (C) 2D	Y  Field (nT)	Photodiode Voltage (V)	Temperature (C) 1D	Frequency (Hz)	Photodiode Voltage (V)		
-1000.000000000	-1000.000000000	0.305149754	131.903235638	-1000.000000000	NaN	131.903235638	0.000000000	0.000000000
-900.000000000	-1000.000000000	0.331509079	131.903235638	-960.000000000	NaN	131.903235638	0.000000000	0.000000000
-800.000000000	-1000.000000000	0.373727792	131.903235638	-920.000000000	NaN	131.903235638	0.000000000	0.000000000
-700.000000000	-1000.000000000	0.434591067	131.903235638	-880.000000000	NaN	131.903235638	0.000000000	0.000000000
-600.000000000	-1000.000000000	0.518592215	131.903235638	-840.000000000	NaN	131.903235638	0.000000000	0.000000000
-500.000000000	-1000.000000000	0.617776595	131.903235638	-800.000000000	NaN	131.903235638	0.000000000	0.000000000
-400.000000000	-1000.000000000	0.742286758	131.903235638	-760.000000000	NaN	131.903235638	0.000000000	0.000000000
-300.000000000	-1000.000000000	0.851845549	131.903235638	-720.000000000	NaN	131.903235638	0.000000000	0.000000000
-200.000000000	-1000.000000000	0.958239242	131.903235638	-680.000000000	NaN	131.903235638	0.000000000	0.000000000
-100.000000000	-1000.000000000	1.013955635	131.903235638	-640.000000000	NaN	131.903235638	0.000000000	0.000000000
0.000000000	-1000.000000000	1.032835264	131.903235638	-600.000000000	NaN	131.903235638	0.000000000	0.000000000
100.000000000	-1000.000000000	1.009476814	131.903235638	-560.000000000	NaN	131.903235638	0.000000000	0.000000000
200.000000000	-1000.000000000	0.970382929	131.903235638	-520.000000000	NaN	131.903235638	0.000000000	0.000000000
300.000000000	-1000.000000000	0.883388863	131.903235638	-480.000000000	NaN	131.903235638	0.000000000	0.000000000
400.000000000	-1000.000000000	0.768357923	131.903235638	-440.000000000	NaN	131.903235638	0.000000000	0.000000000
500.000000000	-1000.000000000	0.645943880	131.903235638	-400.000000000	NaN	131.903235638	0.000000000	0.000000000
600.000000000	-1000.000000000	0.529913221	131.903235638	-360.000000000	NaN	131.903235638	0.000000000	0.000000000
700.000000000	-1000.000000000	0.441471893	131.903235638	-320.000000000	NaN	131.903235638	0.000000000	0.000000000
800.000000000	-1000.000000000	0.374835421	131.903235638	-280.000000000	NaN	131.903235638	0.000000000	0.000000000
900.000000000	-1000.000000000	0.330671918	131.903235638	-240.000000000	NaN	131.903235638	0.000000000	0.000000000
1000.000000000	-1000.000000000	0.302866878	131.903235638	-200.000000000	NaN	131.903235638	0.000000000	0.000000000
-1000.000000000	-900.000000000	0.291206181	131.912888026	-160.000000000	NaN	131.903235638	0.000000000	0.000000000
-900.000000000	-900.000000000	0.315076560	131.912888026	-120.000000000	NaN	131.903235638	0.000000000	0.000000000
-800.000000000	-900.000000000	0.342828472	131.912888026	-80.000000000	NaN	131.903235638	0.000000000	0.000000000
-700.000000000	-900.000000000	0.388183322	131.912888026	-40.000000000	NaN	131.903235638	0.000000000	0.000000000
-600.000000000	-900.000000000	0.472875124	131.912888026	0.000000000	NaN	131.903235638	0.000000000	0.000000000
-500.000000000	-900.000000000	0.595158730	131.912888026	40.000000000	NaN	131.903235638	0.000000000	0.000000000
-400.000000000	-900.000000000	0.704913905	131.912888026	80.000000000	NaN	131.903235638	0.000000000	0.000000000
-300.000000000	-900.000000000	0.834237770	131.912888026	120.000000000	NaN	131.903235638	0.000000000	0.000000000
-200.000000000	-900.000000000	0.917203788	131.912888026	160.000000000	NaN	131.903235638	0.000000000	0.000000000
-100.000000000	-900.000000000	1.003441194	131.912888026	200.000000000	NaN	131.903235638	0.000000000	0.000000000
0.000000000	-900.000000000	1.023417184	131.912888026	240.000000000	NaN	131.903235638	0.000000000	0.000000000
100.000000000	-900.000000000	1.004463498	131.912888026	280.000000000	NaN	131.903235638	0.000000000	0.000000000
200.000000000	-900.000000000	0.940116282	131.912888026	320.000000000	NaN	131.903235638	0.000000000	0.000000000
300.000000000	-900.000000000	0.839735672	131.912888026	360.000000000	NaN	131.903235638	0.000000000	0.000000000
400.000000000	-900.000000000	0.722066070	131.912888026	400.000000000	NaN	131.903235638	0.000000000	0.000000000
500.000000000	-900.000000000	0.600310497	131.912888026	440.000000000	NaN	131.903235638	0.000000000	0.000000000
600.000000000	-900.000000000	0.475417198	131.912888026	480.000000000	NaN	131.903235638	0.000000000	0.000000000
700.000000000	-900.000000000	0.401397600	131.912888026	520.000000000	NaN	131.903235638	0.000000000	0.000000000
800.000000000	-900.000000000	0.340308937	131.912888026	560.000000000	NaN	131.903235638	0.000000000	0.000000000
900.000000000	-900.000000000	0.307664459	131.912888026	600.000000000	NaN	131.903235638	0.000000000	0.000000000
1000.000000000	-900.000000000	0.291222281	131.912888026	640.000000000	NaN	131.903235638	0.000000000	0.000000000
-1000.000000000	-800.000000000	0.282630104	132.009368671	680.000000000	NaN	131.903235638	0.000000000	0.000000000
-900.000000000	-800.000000000	0.295577132	132.009368671	720.000000000	NaN	131.903235638	0.000000000	0.000000000
-800.000000000	-800.000000000	0.314749745	132.009368671	760.000000000	NaN	131.903235638	0.000000000	0.000000000
-700.000000000	-800.000000000	0.365897109	132.009368671	800.000000000	NaN	131.903235638	0.000000000	0.000000000
-600.000000000	-800.000000000	0.440660491	132.009368671	840.000000000	NaN	131.903235638	0.000000000	0.000000000
-500.000000000	-800.000000000	0.535745986	132.009368671	880.000000000	NaN	131.903235638	0.000000000	0.000000000
-400.000000000	-800.000000000	0.644387081	132.009368671	920.000000000	NaN	131.903235638	0.000000000	0.000000000
-300.000000000	-800.000000000	0.787295500	132.009368671	960.000000000	NaN	131.903235638	0.000000000	0.000000000
-200.000000000	-800.000000000	0.917688377	132.009368671	1000.000000000	NaN	131.903235638	0.000000000	0.000000000
-100.000000000	-800.000000000	0.999857494	132.009368671	0.000000000	0.000000000	0.000000000	0.000000000	0.000000000
0.000000000	-800.000000000	1.026947756	132.009368671	0.000000000	0.000000000	0.000000000	0.000000000	0.000000000
100.000000000	-800.000000000	1.002071145	132.009368671	0.000000000	0.000000000	0.000000000	0.000000000	0.000000000
200.000000000	-800.000000000	0.915576151	132.009368671	0.000000000	0.000000000	0.000000000	0.000000000	0.000000000
300.000000000	-800.000000000	0.812360463	132.009368671	0.000000000	0.000000000	0.000000000	0.000000000	0.000000000
400.000000000	-800.000000000	0.689052901	132.009368671	0.000000000	0.000000000	0.000000000	0.000000000	0.000000000
500.000000000	-800.000000000	0.538093259	132.009368671	0.000000000	0.000000000	0.000000000	0.000000000	0.000000000
600.000000000	-800.000000000	0.429799925	132.009368671	0.000000000	0.000000000	0.000000000	0.000000000	0.000000000
700.000000000	-800.000000000	0.371027945	132.009368671	0.000000000	0.000000000	0.000000000	0.000000000	0.000000000
800.000000000	-800.000000000	0.322173116	132.009368671	0.000000000	0.000000000	0.000000000	0.000000000	0.000000000
900.000000000	-800.000000000	0.291727798	132.009368671	0.000000000	0.000000000	0.000000000	0.000000000	0.000000000
1000.000000000	-800.000000000	0.277822864	132.009368671	0.000000000	0.000000000	0.000000000	0.000000000	0.000000000
-1000.000000000	-700.000000000	0.273141198	132.047938891	0.000000000	0.000000000	0.000000000	0.000000000	0.000000000
-900.000000000	-700.000000000	0.278980401	132.047938891	0.000000000	0.000000000	0.000000000	0.000000000	0.000000000
-800.000000000	-700.000000000	0.303517289	132.047938891	0.000000000	0.000000000	0.000000000	0.000000000	0.000000000
-700.000000000	-700.000000000	0.328863970	132.047938891	0.000000000	0.000000000	0.000000000	0.000000000	0.000000000
-600.000000000	-700.000000000	0.382149318	132.047938891	0.000000000	0.000000000	0.000000000	0.000000000	0.000000000
-500.000000000	-700.000000000	0.487261429	132.047938891	0.000000000	0.000000000	0.000000000	0.000000000	0.000000000
-400.000000000	-700.000000000	0.602007360	132.047938891	0.000000000	0.000000000	0.000000000	0.000000000	0.000000000
-300.000000000	-700.000000000	0.763859786	132.047938891	0.000000000	0.000000000	0.000000000	0.000000000	0.000000000
-200.000000000	-700.000000000	0.891073048	132.047938891	0.000000000	0.000000000	0.000000000	0.000000000	0.000000000
-100.000000000	-700.000000000	0.981407717	132.047938891	0.000000000	0.000000000	0.000000000	0.000000000	0.000000000
0.000000000	-700.000000000	1.022277354	132.047938891	0.000000000	0.000000000	0.000000000	0.000000000	0.000000000
100.000000000	-700.000000000	0.992983101	132.047938891	0.000000000	0.000000000	0.000000000	0.000000000	0.000000000
200.000000000	-700.000000000	0.903070231	132.047938891	0.000000000	0.000000000	0.000000000	0.000000000	0.000000000
300.000000000	-700.000000000	0.765769160	132.047938891	0.000000000	0.000000000	0.000000000	0.000000000	0.000000000
400.000000000	-700.000000000	0.619373644	132.047938891	0.000000000	0.000000000	0.000000000	0.000000000	0.000000000
500.000000000	-700.000000000	0.487831344	132.047938891	0.000000000	0.000000000	0.000000000	0.000000000	0.000000000
600.000000000	-700.000000000	0.399187171	132.047938891	0.000000000	0.000000000	0.000000000	0.000000000	0.000000000
700.000000000	-700.000000000	0.330454578	132.047938891	0.000000000	0.000000000	0.000000000	0.000000000	0.000000000
800.000000000	-700.000000000	0.303578466	132.047938891	0.000000000	0.000000000	0.000000000	0.000000000	0.000000000
900.000000000	-700.000000000	0.279303996	132.047938891	0.000000000	0.000000000	0.000000000	0.000000000	0.000000000
1000.000000000	-700.000000000	0.268428943	132.047938891	0.000000000	0.000000000	0.000000000	0.000000000	0.000000000
-1000.000000000	-600.000000000	0.261702671	132.153941936	0.000000000	0.000000000	0.000000000	0.000000000	0.000000000
-900.000000000	-600.000000000	0.269137311	132.153941936	0.000000000	0.000000000	0.000000000	0.000000000	0.000000000
-800.000000000	-600.000000000	0.284776135	132.153941936	0.000000000	0.000000000	0.000000000	0.000000000	0.000000000
-700.000000000	-600.000000000	0.306241284	132.153941936	0.000000000	0.000000000	0.000000000	0.000000000	0.000000000
-600.000000000	-600.000000000	0.342023509	132.153941936	0.000000000	0.000000000	0.000000000	0.000000000	0.000000000
-500.000000000	-600.000000000	0.416777229	132.153941936	0.000000000	0.000000000	0.000000000	0.000000000	0.000000000
-400.000000000	-600.000000000	0.540641774	132.153941936	0.000000000	0.000000000	0.000000000	0.000000000	0.000000000
-300.000000000	-600.000000000	0.689382936	132.153941936	0.000000000	0.000000000	0.000000000	0.000000000	0.000000000
-200.000000000	-600.000000000	0.862614355	132.153941936	0.000000000	0.000000000	0.000000000	0.000000000	0.000000000
-100.000000000	-600.000000000	0.965055678	132.153941936	0.000000000	0.000000000	0.000000000	0.000000000	0.000000000
0.000000000	-600.000000000	1.017099825	132.153941936	0.000000000	0.000000000	0.000000000	0.000000000	0.000000000
100.000000000	-600.000000000	0.981071242	132.153941936	0.000000000	0.000000000	0.000000000	0.000000000	0.000000000
200.000000000	-600.000000000	0.866623075	132.153941936	0.000000000	0.000000000	0.000000000	0.000000000	0.000000000
300.000000000	-600.000000000	0.727027868	132.153941936	0.000000000	0.000000000	0.000000000	0.000000000	0.000000000
400.000000000	-600.000000000	0.568709241	132.153941936	0.000000000	0.000000000	0.000000000	0.000000000	0.000000000
500.000000000	-600.000000000	0.430353740	132.153941936	0.000000000	0.000000000	0.000000000	0.000000000	0.000000000
600.000000000	-600.000000000	0.358815043	132.153941936	0.000000000	0.000000000	0.000000000	0.000000000	0.000000000
700.000000000	-600.000000000	0.311727913	132.153941936	0.000000000	0.000000000	0.000000000	0.000000000	0.000000000
800.000000000	-600.000000000	0.280994418	132.153941936	0.000000000	0.000000000	0.000000000	0.000000000	0.000000000
900.000000000	-600.000000000	0.269295084	132.153941936	0.000000000	0.000000000	0.000000000	0.000000000	0.000000000
1000.000000000	-600.000000000	0.262766832	132.153941936	0.000000000	0.000000000	0.000000000	0.000000000	0.000000000
-1000.000000000	-500.000000000	0.255884397	132.125041487	0.000000000	0.000000000	0.000000000	0.000000000	0.000000000
-900.000000000	-500.000000000	0.260710956	132.125041487	0.000000000	0.000000000	0.000000000	0.000000000	0.000000000
-800.000000000	-500.000000000	0.270415592	132.125041487	0.000000000	0.000000000	0.000000000	0.000000000	0.000000000
-700.000000000	-500.000000000	0.285354099	132.125041487	0.000000000	0.000000000	0.000000000	0.000000000	0.000000000
-600.000000000	-500.000000000	0.311689275	132.125041487	0.000000000	0.000000000	0.000000000	0.000000000	0.000000000
-500.000000000	-500.000000000	0.367816142	132.125041487	0.000000000	0.000000000	0.000000000	0.000000000	0.000000000
-400.000000000	-500.000000000	0.488183918	132.125041487	0.000000000	0.000000000	0.000000000	0.000000000	0.000000000
-300.000000000	-500.000000000	0.635167028	132.125041487	0.000000000	0.000000000	0.000000000	0.000000000	0.000000000
-200.000000000	-500.000000000	0.811436365	132.125041487	0.000000000	0.000000000	0.000000000	0.000000000	0.000000000
-100.000000000	-500.000000000	0.945820258	132.125041487	0.000000000	0.000000000	0.000000000	0.000000000	0.000000000
0.000000000	-500.000000000	1.004793533	132.125041487	0.000000000	0.000000000	0.000000000	0.000000000	0.000000000
100.000000000	-500.000000000	0.968520243	132.125041487	0.000000000	0.000000000	0.000000000	0.000000000	0.000000000
200.000000000	-500.000000000	0.852067718	132.125041487	0.000000000	0.000000000	0.000000000	0.000000000	0.000000000
300.000000000	-500.000000000	0.670521029	132.125041487	0.000000000	0.000000000	0.000000000	0.000000000	0.000000000
400.000000000	-500.000000000	0.490531191	132.125041487	0.000000000	0.000000000	0.000000000	0.000000000	0.000000000
500.000000000	-500.000000000	0.380024215	132.125041487	0.000000000	0.000000000	0.000000000	0.000000000	0.000000000
600.000000000	-500.000000000	0.318484774	132.125041487	0.000000000	0.000000000	0.000000000	0.000000000	0.000000000
700.000000000	-500.000000000	0.289515759	132.125041487	0.000000000	0.000000000	0.000000000	0.000000000	0.000000000
800.000000000	-500.000000000	0.271141669	132.125041487	0.000000000	0.000000000	0.000000000	0.000000000	0.000000000
900.000000000	-500.000000000	0.259485803	132.125041487	0.000000000	0.000000000	0.000000000	0.000000000	0.000000000
1000.000000000	-500.000000000	0.253385792	132.125041487	0.000000000	0.000000000	0.000000000	0.000000000	0.000000000
-1000.000000000	-400.000000000	0.248921466	132.202093546	0.000000000	0.000000000	0.000000000	0.000000000	0.000000000
-900.000000000	-400.000000000	0.252869005	132.202093546	0.000000000	0.000000000	0.000000000	0.000000000	0.000000000
-800.000000000	-400.000000000	0.259625866	132.202093546	0.000000000	0.000000000	0.000000000	0.000000000	0.000000000
-700.000000000	-400.000000000	0.268163305	132.202093546	0.000000000	0.000000000	0.000000000	0.000000000	0.000000000
-600.000000000	-400.000000000	0.284780965	132.202093546	0.000000000	0.000000000	0.000000000	0.000000000	0.000000000
-500.000000000	-400.000000000	0.323303284	132.202093546	0.000000000	0.000000000	0.000000000	0.000000000	0.000000000
-400.000000000	-400.000000000	0.413558985	132.202093546	0.000000000	0.000000000	0.000000000	0.000000000	0.000000000
-300.000000000	-400.000000000	0.558189977	132.202093546	0.000000000	0.000000000	0.000000000	0.000000000	0.000000000
-200.000000000	-400.000000000	0.751089843	132.202093546	0.000000000	0.000000000	0.000000000	0.000000000	0.000000000
-100.000000000	-400.000000000	0.930239375	132.202093546	0.000000000	0.000000000	0.000000000	0.000000000	0.000000000
0.000000000	-400.000000000	1.002591152	132.202093546	0.000000000	0.000000000	0.000000000	0.000000000	0.000000000
100.000000000	-400.000000000	0.944554854	132.202093546	0.000000000	0.000000000	0.000000000	0.000000000	0.000000000
200.000000000	-400.000000000	0.796175861	132.202093546	0.000000000	0.000000000	0.000000000	0.000000000	0.000000000
300.000000000	-400.000000000	0.605980660	132.202093546	0.000000000	0.000000000	0.000000000	0.000000000	0.000000000
400.000000000	-400.000000000	0.432937673	132.202093546	0.000000000	0.000000000	0.000000000	0.000000000	0.000000000
500.000000000	-400.000000000	0.335271478	132.202093546	0.000000000	0.000000000	0.000000000	0.000000000	0.000000000
600.000000000	-400.000000000	0.293163852	132.202093546	0.000000000	0.000000000	0.000000000	0.000000000	0.000000000
700.000000000	-400.000000000	0.271293002	132.202093546	0.000000000	0.000000000	0.000000000	0.000000000	0.000000000
800.000000000	-400.000000000	0.257895195	132.202093546	0.000000000	0.000000000	0.000000000	0.000000000	0.000000000
900.000000000	-400.000000000	0.254504690	132.202093546	0.000000000	0.000000000	0.000000000	0.000000000	0.000000000
1000.000000000	-400.000000000	0.250945143	132.202093546	0.000000000	0.000000000	0.000000000	0.000000000	0.000000000
-1000.000000000	-300.000000000	0.245661365	132.471376428	0.000000000	0.000000000	0.000000000	0.000000000	0.000000000
-900.000000000	-300.000000000	0.248533474	132.471376428	0.000000000	0.000000000	0.000000000	0.000000000	0.000000000
-800.000000000	-300.000000000	0.251144774	132.471376428	0.000000000	0.000000000	0.000000000	0.000000000	0.000000000
-700.000000000	-300.000000000	0.259685433	132.471376428	0.000000000	0.000000000	0.000000000	0.000000000	0.000000000
-600.000000000	-300.000000000	0.270621663	132.471376428	0.000000000	0.000000000	0.000000000	0.000000000	0.000000000
-500.000000000	-300.000000000	0.293150972	132.471376428	0.000000000	0.000000000	0.000000000	0.000000000	0.000000000
-400.000000000	-300.000000000	0.348682165	132.471376428	0.000000000	0.000000000	0.000000000	0.000000000	0.000000000
-300.000000000	-300.000000000	0.479406597	132.471376428	0.000000000	0.000000000	0.000000000	0.000000000	0.000000000
-200.000000000	-300.000000000	0.678168184	132.471376428	0.000000000	0.000000000	0.000000000	0.000000000	0.000000000
-100.000000000	-300.000000000	0.898634881	132.471376428	0.000000000	0.000000000	0.000000000	0.000000000	0.000000000
0.000000000	-300.000000000	1.001829656	132.471376428	0.000000000	0.000000000	0.000000000	0.000000000	0.000000000
100.000000000	-300.000000000	0.946209860	132.471376428	0.000000000	0.000000000	0.000000000	0.000000000	0.000000000
200.000000000	-300.000000000	0.739749514	132.471376428	0.000000000	0.000000000	0.000000000	0.000000000	0.000000000
300.000000000	-300.000000000	0.515509206	132.471376428	0.000000000	0.000000000	0.000000000	0.000000000	0.000000000
400.000000000	-300.000000000	0.361165535	132.471376428	0.000000000	0.000000000	0.000000000	0.000000000	0.000000000
500.000000000	-300.000000000	0.301279491	132.471376428	0.000000000	0.000000000	0.000000000	0.000000000	0.000000000
600.000000000	-300.000000000	0.275219613	132.471376428	0.000000000	0.000000000	0.000000000	0.000000000	0.000000000
700.000000000	-300.000000000	0.258308946	132.471376428	0.000000000	0.000000000	0.000000000	0.000000000	0.000000000
800.000000000	-300.000000000	0.251497348	132.471376428	0.000000000	0.000000000	0.000000000	0.000000000	0.000000000
900.000000000	-300.000000000	0.248013468	132.471376428	0.000000000	0.000000000	0.000000000	0.000000000	0.000000000
1000.000000000	-300.000000000	0.247316370	132.471376428	0.000000000	0.000000000	0.000000000	0.000000000	0.000000000
-1000.000000000	-200.000000000	0.244205992	132.586592519	0.000000000	0.000000000	0.000000000	0.000000000	0.000000000
-900.000000000	-200.000000000	0.245302352	132.586592519	0.000000000	0.000000000	0.000000000	0.000000000	0.000000000
-800.000000000	-200.000000000	0.248124553	132.586592519	0.000000000	0.000000000	0.000000000	0.000000000	0.000000000
-700.000000000	-200.000000000	0.250499194	132.586592519	0.000000000	0.000000000	0.000000000	0.000000000	0.000000000
-600.000000000	-200.000000000	0.258468329	132.586592519	0.000000000	0.000000000	0.000000000	0.000000000	0.000000000
-500.000000000	-200.000000000	0.272060937	132.586592519	0.000000000	0.000000000	0.000000000	0.000000000	0.000000000
-400.000000000	-200.000000000	0.299508572	132.586592519	0.000000000	0.000000000	0.000000000	0.000000000	0.000000000
-300.000000000	-200.000000000	0.396738472	132.586592519	0.000000000	0.000000000	0.000000000	0.000000000	0.000000000
-200.000000000	-200.000000000	0.597612260	132.586592519	0.000000000	0.000000000	0.000000000	0.000000000	0.000000000
-100.000000000	-200.000000000	0.844842364	132.586592519	0.000000000	0.000000000	0.000000000	0.000000000	0.000000000
0.000000000	-200.000000000	1.003141747	132.586592519	0.000000000	0.000000000	0.000000000	0.000000000	0.000000000
100.000000000	-200.000000000	0.913038905	132.586592519	0.000000000	0.000000000	0.000000000	0.000000000	0.000000000
200.000000000	-200.000000000	0.654771113	132.586592519	0.000000000	0.000000000	0.000000000	0.000000000	0.000000000
300.000000000	-200.000000000	0.432436986	132.586592519	0.000000000	0.000000000	0.000000000	0.000000000	0.000000000
400.000000000	-200.000000000	0.318858278	132.586592519	0.000000000	0.000000000	0.000000000	0.000000000	0.000000000
500.000000000	-200.000000000	0.274889578	132.586592519	0.000000000	0.000000000	0.000000000	0.000000000	0.000000000
600.000000000	-200.000000000	0.259437505	132.586592519	0.000000000	0.000000000	0.000000000	0.000000000	0.000000000
700.000000000	-200.000000000	0.252661325	132.586592519	0.000000000	0.000000000	0.000000000	0.000000000	0.000000000
800.000000000	-200.000000000	0.247345348	132.586592519	0.000000000	0.000000000	0.000000000	0.000000000	0.000000000
900.000000000	-200.000000000	0.244466800	132.586592519	0.000000000	0.000000000	0.000000000	0.000000000	0.000000000
1000.000000000	-200.000000000	0.243260965	132.586592519	0.000000000	0.000000000	0.000000000	0.000000000	0.000000000
-1000.000000000	-100.000000000	0.241907017	132.596188674	0.000000000	0.000000000	0.000000000	0.000000000	0.000000000
-900.000000000	-100.000000000	0.241918287	132.596188674	0.000000000	0.000000000	0.000000000	0.000000000	0.000000000
-800.000000000	-100.000000000	0.244141595	132.596188674	0.000000000	0.000000000	0.000000000	0.000000000	0.000000000
-700.000000000	-100.000000000	0.246002670	132.596188674	0.000000000	0.000000000	0.000000000	0.000000000	0.000000000
-600.000000000	-100.000000000	0.250428357	132.596188674	0.000000000	0.000000000	0.000000000	0.000000000	0.000000000
-500.000000000	-100.000000000	0.257175558	132.596188674	0.000000000	0.000000000	0.000000000	0.000000000	0.000000000
-400.000000000	-100.000000000	0.276145320	132.596188674	0.000000000	0.000000000	0.000000000	0.000000000	0.000000000
-300.000000000	-100.000000000	0.327803029	132.596188674	0.000000000	0.000000000	0.000000000	0.000000000	0.000000000
-200.000000000	-100.000000000	0.485752929	132.596188674	0.000000000	0.000000000	0.000000000	0.000000000	0.000000000
-100.000000000	-100.000000000	0.782515629	132.596188674	0.000000000	0.000000000	0.000000000	0.000000000	0.000000000
0.000000000	-100.000000000	1.006960498	132.596188674	0.000000000	0.000000000	0.000000000	0.000000000	0.000000000
100.000000000	-100.000000000	0.855978235	132.596188674	0.000000000	0.000000000	0.000000000	0.000000000	0.000000000
200.000000000	-100.000000000	0.557669972	132.596188674	0.000000000	0.000000000	0.000000000	0.000000000	0.000000000
300.000000000	-100.000000000	0.358119554	132.596188674	0.000000000	0.000000000	0.000000000	0.000000000	0.000000000
400.000000000	-100.000000000	0.282618834	132.596188674	0.000000000	0.000000000	0.000000000	0.000000000	0.000000000
500.000000000	-100.000000000	0.262679896	132.596188674	0.000000000	0.000000000	0.000000000	0.000000000	0.000000000
600.000000000	-100.000000000	0.252413396	132.596188674	0.000000000	0.000000000	0.000000000	0.000000000	0.000000000
700.000000000	-100.000000000	0.247852475	132.596188674	0.000000000	0.000000000	0.000000000	0.000000000	0.000000000
800.000000000	-100.000000000	0.244500608	132.596188674	0.000000000	0.000000000	0.000000000	0.000000000	0.000000000
900.000000000	-100.000000000	0.242702321	132.596188674	0.000000000	0.000000000	0.000000000	0.000000000	0.000000000
1000.000000000	-100.000000000	0.242217733	132.596188674	0.000000000	0.000000000	0.000000000	0.000000000	0.000000000
-1000.000000000	0.000000000	0.241116543	132.663339392	0.000000000	0.000000000	0.000000000	0.000000000	0.000000000
-900.000000000	0.000000000	0.241312954	132.663339392	0.000000000	0.000000000	0.000000000	0.000000000	0.000000000
-800.000000000	0.000000000	0.242658853	132.663339392	0.000000000	0.000000000	0.000000000	0.000000000	0.000000000
-700.000000000	0.000000000	0.243953233	132.663339392	0.000000000	0.000000000	0.000000000	0.000000000	0.000000000
-600.000000000	0.000000000	0.245923783	132.663339392	0.000000000	0.000000000	0.000000000	0.000000000	0.000000000
-500.000000000	0.000000000	0.250473435	132.663339392	0.000000000	0.000000000	0.000000000	0.000000000	0.000000000
-400.000000000	0.000000000	0.259585618	132.663339392	0.000000000	0.000000000	0.000000000	0.000000000	0.000000000
-300.000000000	0.000000000	0.287812457	132.663339392	0.000000000	0.000000000	0.000000000	0.000000000	0.000000000
-200.000000000	0.000000000	0.392565543	132.663339392	0.000000000	0.000000000	0.000000000	0.000000000	0.000000000
-100.000000000	0.000000000	0.712342113	132.663339392	0.000000000	0.000000000	0.000000000	0.000000000	0.000000000
0.000000000	0.000000000	1.012656426	132.663339392	0.000000000	0.000000000	0.000000000	0.000000000	0.000000000
100.000000000	0.000000000	0.799226677	132.663339392	0.000000000	0.000000000	0.000000000	0.000000000	0.000000000
200.000000000	0.000000000	0.448919415	132.663339392	0.000000000	0.000000000	0.000000000	0.000000000	0.000000000
300.000000000	0.000000000	0.307202410	132.663339392	0.000000000	0.000000000	0.000000000	0.000000000	0.000000000
400.000000000	0.000000000	0.266419755	132.663339392	0.000000000	0.000000000	0.000000000	0.000000000	0.000000000
500.000000000	0.000000000	0.253480777	132.663339392	0.000000000	0.000000000	0.000000000	0.000000000	0.000000000
600.000000000	0.000000000	0.246570974	132.663339392	0.000000000	0.000000000	0.000000000	0.000000000	0.000000000
700.000000000	0.000000000	0.244355715	132.663339392	0.000000000	0.000000000	0.000000000	0.000000000	0.000000000
800.000000000	0.000000000	0.242441513	132.663339392	0.000000000	0.000000000	0.000000000	0.000000000	0.000000000
900.000000000	0.000000000	0.241432089	132.663339392	0.000000000	0.000000000	0.000000000	0.000000000	0.000000000
1000.000000000	0.000000000	0.240454864	132.663339392	0.000000000	0.000000000	0.000000000	0.000000000	0.000000000
-1000.000000000	100.000000000	0.239884950	132.682518115	0.000000000	0.000000000	0.000000000	0.000000000	0.000000000
-900.000000000	100.000000000	0.240417835	132.682518115	0.000000000	0.000000000	0.000000000	0.000000000	0.000000000
-800.000000000	100.000000000	0.241089175	132.682518115	0.000000000	0.000000000	0.000000000	0.000000000	0.000000000
-700.000000000	100.000000000	0.242261201	132.682518115	0.000000000	0.000000000	0.000000000	0.000000000	0.000000000
-600.000000000	100.000000000	0.243748773	132.682518115	0.000000000	0.000000000	0.000000000	0.000000000	0.000000000
-500.000000000	100.000000000	0.246786704	132.682518115	0.000000000	0.000000000	0.000000000	0.000000000	0.000000000
-400.000000000	100.000000000	0.253305295	132.682518115	0.000000000	0.000000000	0.000000000	0.000000000	0.000000000
-300.000000000	100.000000000	0.268567397	132.682518115	0.000000000	0.000000000	0.000000000	0.000000000	0.000000000
-200.000000000	100.000000000	0.331435023	132.682518115	0.000000000	0.000000000	0.000000000	0.000000000	0.000000000
-100.000000000	100.000000000	0.630693045	132.682518115	0.000000000	0.000000000	0.000000000	0.000000000	0.000000000
0.000000000	100.000000000	0.996848541	132.682518115	0.000000000	0.000000000	0.000000000	0.000000000	0.000000000
100.000000000	100.000000000	0.754118120	132.682518115	0.000000000	0.000000000	0.000000000	0.000000000	0.000000000
200.000000000	100.000000000	0.396126702	132.682518115	0.000000000	0.000000000	0.000000000	0.000000000	0.000000000
300.000000000	100.000000000	0.283570301	132.682518115	0.000000000	0.000000000	0.000000000	0.000000000	0.000000000
400.000000000	100.000000000	0.258096436	132.682518115	0.000000000	0.000000000	0.000000000	0.000000000	0.000000000
500.000000000	100.000000000	0.249047040	132.682518115	0.000000000	0.000000000	0.000000000	0.000000000	0.000000000
600.000000000	100.000000000	0.244988416	132.682518115	0.000000000	0.000000000	0.000000000	0.000000000	0.000000000
700.000000000	100.000000000	0.242101818	132.682518115	0.000000000	0.000000000	0.000000000	0.000000000	0.000000000
800.000000000	100.000000000	0.241425649	132.682518115	0.000000000	0.000000000	0.000000000	0.000000000	0.000000000
900.000000000	100.000000000	0.240480622	132.682518115	0.000000000	0.000000000	0.000000000	0.000000000	0.000000000
1000.000000000	100.000000000	0.239791574	132.682518115	0.000000000	0.000000000	0.000000000	0.000000000	0.000000000
-1000.000000000	200.000000000	0.239611262	132.883701169	0.000000000	0.000000000	0.000000000	0.000000000	0.000000000
-900.000000000	200.000000000	0.240058822	132.883701169	0.000000000	0.000000000	0.000000000	0.000000000	0.000000000
-800.000000000	200.000000000	0.240298701	132.883701169	0.000000000	0.000000000	0.000000000	0.000000000	0.000000000
-700.000000000	200.000000000	0.241161621	132.883701169	0.000000000	0.000000000	0.000000000	0.000000000	0.000000000
-600.000000000	200.000000000	0.242734519	132.883701169	0.000000000	0.000000000	0.000000000	0.000000000	0.000000000
-500.000000000	200.000000000	0.244849962	132.883701169	0.000000000	0.000000000	0.000000000	0.000000000	0.000000000
-400.000000000	200.000000000	0.249388345	132.883701169	0.000000000	0.000000000	0.000000000	0.000000000	0.000000000
-300.000000000	200.000000000	0.261168176	132.883701169	0.000000000	0.000000000	0.000000000	0.000000000	0.000000000
-200.000000000	200.000000000	0.307980005	132.883701169	0.000000000	0.000000000	0.000000000	0.000000000	0.000000000
-100.000000000	200.000000000	0.574744860	132.883701169	0.000000000	0.000000000	0.000000000	0.000000000	0.000000000
0.000000000	200.000000000	0.966205169	132.883701169	0.000000000	0.000000000	0.000000000	0.000000000	0.000000000
100.000000000	200.000000000	0.711031633	132.883701169	0.000000000	0.000000000	0.000000000	0.000000000	0.000000000
200.000000000	200.000000000	0.357248585	132.883701169	0.000000000	0.000000000	0.000000000	0.000000000	0.000000000
300.000000000	200.000000000	0.273818977	132.883701169	0.000000000	0.000000000	0.000000000	0.000000000	0.000000000
400.000000000	200.000000000	0.253606352	132.883701169	0.000000000	0.000000000	0.000000000	0.000000000	0.000000000
500.000000000	200.000000000	0.247203675	132.883701169	0.000000000	0.000000000	0.000000000	0.000000000	0.000000000
600.000000000	200.000000000	0.243933914	132.883701169	0.000000000	0.000000000	0.000000000	0.000000000	0.000000000
700.000000000	200.000000000	0.241309734	132.883701169	0.000000000	0.000000000	0.000000000	0.000000000	0.000000000
800.000000000	200.000000000	0.240617466	132.883701169	0.000000000	0.000000000	0.000000000	0.000000000	0.000000000
900.000000000	200.000000000	0.239786744	132.883701169	0.000000000	0.000000000	0.000000000	0.000000000	0.000000000
1000.000000000	200.000000000	0.239305376	132.883701169	0.000000000	0.000000000	0.000000000	0.000000000	0.000000000
-1000.000000000	300.000000000	0.239661170	132.787943836	0.000000000	0.000000000	0.000000000	0.000000000	0.000000000
-900.000000000	300.000000000	0.240119999	132.787943836	0.000000000	0.000000000	0.000000000	0.000000000	0.000000000
-800.000000000	300.000000000	0.239817333	132.787943836	0.000000000	0.000000000	0.000000000	0.000000000	0.000000000
-700.000000000	300.000000000	0.241353203	132.787943836	0.000000000	0.000000000	0.000000000	0.000000000	0.000000000
-600.000000000	300.000000000	0.242462442	132.787943836	0.000000000	0.000000000	0.000000000	0.000000000	0.000000000
-500.000000000	300.000000000	0.244692190	132.787943836	0.000000000	0.000000000	0.000000000	0.000000000	0.000000000
-400.000000000	300.000000000	0.248742764	132.787943836	0.000000000	0.000000000	0.000000000	0.000000000	0.000000000
-300.000000000	300.000000000	0.259819057	132.787943836	0.000000000	0.000000000	0.000000000	0.000000000	0.000000000
-200.000000000	300.000000000	0.301751199	132.787943836	0.000000000	0.000000000	0.000000000	0.000000000	0.000000000
-100.000000000	300.000000000	0.550246600	132.787943836	0.000000000	0.000000000	0.000000000	0.000000000	0.000000000
0.000000000	300.000000000	0.943952743	132.787943836	0.000000000	0.000000000	0.000000000	0.000000000	0.000000000
100.000000000	300.000000000	0.685472427	132.787943836	0.000000000	0.000000000	0.000000000	0.000000000	0.000000000
200.000000000	300.000000000	0.355080014	132.787943836	0.000000000	0.000000000	0.000000000	0.000000000	0.000000000
300.000000000	300.000000000	0.271803349	132.787943836	0.000000000	0.000000000	0.000000000	0.000000000	0.000000000
400.000000000	300.000000000	0.255879568	132.787943836	0.000000000	0.000000000	0.000000000	0.000000000	0.000000000
500.000000000	300.000000000	0.247024973	132.787943836	0.000000000	0.000000000	0.000000000	0.000000000	0.000000000
600.000000000	300.000000000	0.244450701	132.787943836	0.000000000	0.000000000	0.000000000	0.000000000	0.000000000
700.000000000	300.000000000	0.242142066	132.787943836	0.000000000	0.000000000	0.000000000	0.000000000	0.000000000
800.000000000	300.000000000	0.240456474	132.787943836	0.000000000	0.000000000	0.000000000	0.000000000	0.000000000
900.000000000	300.000000000	0.239472809	132.787943836	0.000000000	0.000000000	0.000000000	0.000000000	0.000000000
1000.000000000	300.000000000	0.239587113	132.787943836	0.000000000	0.000000000	0.000000000	0.000000000	0.000000000
-1000.000000000	400.000000000	0.239978325	132.912412698	0.000000000	0.000000000	0.000000000	0.000000000	0.000000000
-900.000000000	400.000000000	0.240136098	132.912412698	0.000000000	0.000000000	0.000000000	0.000000000	0.000000000
-800.000000000	400.000000000	0.241044097	132.912412698	0.000000000	0.000000000	0.000000000	0.000000000	0.000000000
-700.000000000	400.000000000	0.240797778	132.912412698	0.000000000	0.000000000	0.000000000	0.000000000	0.000000000
-600.000000000	400.000000000	0.242845604	132.912412698	0.000000000	0.000000000	0.000000000	0.000000000	0.000000000
-500.000000000	400.000000000	0.245260494	132.912412698	0.000000000	0.000000000	0.000000000	0.000000000	0.000000000
-400.000000000	400.000000000	0.251753326	132.912412698	0.000000000	0.000000000	0.000000000	0.000000000	0.000000000
-300.000000000	400.000000000	0.264284993	132.912412698	0.000000000	0.000000000	0.000000000	0.000000000	0.000000000
-200.000000000	400.000000000	0.307072006	132.912412698	0.000000000	0.000000000	0.000000000	0.000000000	0.000000000
-100.000000000	400.000000000	0.543887388	132.912412698	0.000000000	0.000000000	0.000000000	0.000000000	0.000000000
0.000000000	400.000000000	0.918359718	132.912412698	0.000000000	0.000000000	0.000000000	0.000000000	0.000000000
100.000000000	400.000000000	0.684469442	132.912412698	0.000000000	0.000000000	0.000000000	0.000000000	0.000000000
200.000000000	400.000000000	0.360065956	132.912412698	0.000000000	0.000000000	0.000000000	0.000000000	0.000000000
300.000000000	400.000000000	0.276245136	132.912412698	0.000000000	0.000000000	0.000000000	0.000000000	0.000000000
400.000000000	400.000000000	0.255737894	132.912412698	0.000000000	0.000000000	0.000000000	0.000000000	0.000000000
500.000000000	400.000000000	0.248196999	132.912412698	0.000000000	0.000000000	0.000000000	0.000000000	0.000000000
600.000000000	400.000000000	0.245513252	132.912412698	0.000000000	0.000000000	0.000000000	0.000000000	0.000000000
700.000000000	400.000000000	0.242410924	132.912412698	0.000000000	0.000000000	0.000000000	0.000000000	0.000000000
800.000000000	400.000000000	0.241491656	132.912412698	0.000000000	0.000000000	0.000000000	0.000000000	0.000000000
900.000000000	400.000000000	0.240176346	132.912412698	0.000000000	0.000000000	0.000000000	0.000000000	0.000000000
1000.000000000	400.000000000	0.239765815	132.912412698	0.000000000	0.000000000	0.000000000	0.000000000	0.000000000
-1000.000000000	500.000000000	0.239194291	133.065418425	0.000000000	0.000000000	0.000000000	0.000000000	0.000000000
-900.000000000	500.000000000	0.240776849	133.065418425	0.000000000	0.000000000	0.000000000	0.000000000	0.000000000
-800.000000000	500.000000000	0.241749244	133.065418425	0.000000000	0.000000000	0.000000000	0.000000000	0.000000000
-700.000000000	500.000000000	0.242027762	133.065418425	0.000000000	0.000000000	0.000000000	0.000000000	0.000000000
-600.000000000	500.000000000	0.245089841	133.065418425	0.000000000	0.000000000	0.000000000	0.000000000	0.000000000
-500.000000000	500.000000000	0.247470922	133.065418425	0.000000000	0.000000000	0.000000000	0.000000000	0.000000000
-400.000000000	500.000000000	0.254897513	133.065418425	0.000000000	0.000000000	0.000000000	0.000000000	0.000000000
-300.000000000	500.000000000	0.272989865	133.065418425	0.000000000	0.000000000	0.000000000	0.000000000	0.000000000
-200.000000000	500.000000000	0.328133064	133.065418425	0.000000000	0.000000000	0.000000000	0.000000000	0.000000000
-100.000000000	500.000000000	0.563681440	133.065418425	0.000000000	0.000000000	0.000000000	0.000000000	0.000000000
0.000000000	500.000000000	0.890979675	133.065418425	0.000000000	0.000000000	0.000000000	0.000000000	0.000000000
100.000000000	500.000000000	0.698978106	133.065418425	0.000000000	0.000000000	0.000000000	0.000000000	0.000000000
200.000000000	500.000000000	0.384135968	133.065418425	0.000000000	0.000000000	0.000000000	0.000000000	0.000000000
300.000000000	500.000000000	0.293860950	133.065418425	0.000000000	0.000000000	0.000000000	0.000000000	0.000000000
400.000000000	500.000000000	0.264125610	133.065418425	0.000000000	0.000000000	0.000000000	0.000000000	0.000000000
500.000000000	500.000000000	0.251804844	133.065418425	0.000000000	0.000000000	0.000000000	0.000000000	0.000000000
600.000000000	500.000000000	0.247625475	133.065418425	0.000000000	0.000000000	0.000000000	0.000000000	0.000000000
700.000000000	500.000000000	0.244521537	133.065418425	0.000000000	0.000000000	0.000000000	0.000000000	0.000000000
800.000000000	500.000000000	0.242507520	133.065418425	0.000000000	0.000000000	0.000000000	0.000000000	0.000000000
900.000000000	500.000000000	0.241018338	133.065418425	0.000000000	0.000000000	0.000000000	0.000000000	0.000000000
1000.000000000	500.000000000	0.240157027	133.065418425	0.000000000	0.000000000	0.000000000	0.000000000	0.000000000
-1000.000000000	600.000000000	0.240519261	133.027186346	0.000000000	0.000000000	0.000000000	0.000000000	0.000000000
-900.000000000	600.000000000	0.240594927	133.027186346	0.000000000	0.000000000	0.000000000	0.000000000	0.000000000
-800.000000000	600.000000000	0.243364000	133.027186346	0.000000000	0.000000000	0.000000000	0.000000000	0.000000000
-700.000000000	600.000000000	0.244695409	133.027186346	0.000000000	0.000000000	0.000000000	0.000000000	0.000000000
-600.000000000	600.000000000	0.246902618	133.027186346	0.000000000	0.000000000	0.000000000	0.000000000	0.000000000
-500.000000000	600.000000000	0.252452034	133.027186346	0.000000000	0.000000000	0.000000000	0.000000000	0.000000000
-400.000000000	600.000000000	0.261709111	133.027186346	0.000000000	0.000000000	0.000000000	0.000000000	0.000000000
-300.000000000	600.000000000	0.282842614	133.027186346	0.000000000	0.000000000	0.000000000	0.000000000	0.000000000
-200.000000000	600.000000000	0.354833694	133.027186346	0.000000000	0.000000000	0.000000000	0.000000000	0.000000000
-100.000000000	600.000000000	0.594468073	133.027186346	0.000000000	0.000000000	0.000000000	0.000000000	0.000000000
0.000000000	600.000000000	0.881183263	133.027186346	0.000000000	0.000000000	0.000000000	0.000000000	0.000000000
100.000000000	600.000000000	0.712107062	133.027186346	0.000000000	0.000000000	0.000000000	0.000000000	0.000000000
200.000000000	600.000000000	0.430546933	133.027186346	0.000000000	0.000000000	0.000000000	0.000000000	0.000000000
300.000000000	600.000000000	0.308799457	133.027186346	0.000000000	0.000000000	0.000000000	0.000000000	0.000000000
400.000000000	600.000000000	0.274900847	133.027186346	0.000000000	0.000000000	0.000000000	0.000000000	0.000000000
500.000000000	600.000000000	0.257523302	133.027186346	0.000000000	0.000000000	0.000000000	0.000000000	0.000000000
600.000000000	600.000000000	0.249327167	133.027186346	0.000000000	0.000000000	0.000000000	0.000000000	0.000000000
700.000000000	600.000000000	0.246675619	133.027186346	0.000000000	0.000000000	0.000000000	0.000000000	0.000000000
800.000000000	600.000000000	0.244732438	133.027186346	0.000000000	0.000000000	0.000000000	0.000000000	0.000000000
900.000000000	600.000000000	0.243431617	133.027186346	0.000000000	0.000000000	0.000000000	0.000000000	0.000000000
1000.000000000	600.000000000	0.242510740	133.027186346	0.000000000	0.000000000	0.000000000	0.000000000	0.000000000
-1000.000000000	700.000000000	0.242486591	133.027186346	0.000000000	0.000000000	0.000000000	0.000000000	0.000000000
-900.000000000	700.000000000	0.242819845	133.027186346	0.000000000	0.000000000	0.000000000	0.000000000	0.000000000
-800.000000000	700.000000000	0.244999686	133.027186346	0.000000000	0.000000000	0.000000000	0.000000000	0.000000000
-700.000000000	700.000000000	0.246865590	133.027186346	0.000000000	0.000000000	0.000000000	0.000000000	0.000000000
-600.000000000	700.000000000	0.250159499	133.027186346	0.000000000	0.000000000	0.000000000	0.000000000	0.000000000
-500.000000000	700.000000000	0.259125179	133.027186346	0.000000000	0.000000000	0.000000000	0.000000000	0.000000000
-400.000000000	700.000000000	0.270323827	133.027186346	0.000000000	0.000000000	0.000000000	0.000000000	0.000000000
-300.000000000	700.000000000	0.305357434	133.027186346	0.000000000	0.000000000	0.000000000	0.000000000	0.000000000
-200.000000000	700.000000000	0.401284905	133.027186346	0.000000000	0.000000000	0.000000000	0.000000000	0.000000000
-100.000000000	700.000000000	0.642554985	133.027186346	0.000000000	0.000000000	0.000000000	0.000000000	0.000000000
0.000000000	700.000000000	0.872764951	133.027186346	0.000000000	0.000000000	0.000000000	0.000000000	0.000000000
100.000000000	700.000000000	0.738670863	133.027186346	0.000000000	0.000000000	0.000000000	0.000000000	0.000000000
200.000000000	700.000000000	0.468423678	133.027186346	0.000000000	0.000000000	0.000000000	0.000000000	0.000000000
300.000000000	700.000000000	0.339254436	133.027186346	0.000000000	0.000000000	0.000000000	0.000000000	0.000000000
400.000000000	700.000000000	0.283357790	133.027186346	0.000000000	0.000000000	0.000000000	0.000000000	0.000000000
500.000000000	700.000000000	0.266463223	133.027186346	0.000000000	0.000000000	0.000000000	0.000000000	0.000000000
600.000000000	700.000000000	0.255882787	133.027186346	0.000000000	0.000000000	0.000000000	0.000000000	0.000000000
700.000000000	700.000000000	0.250239996	133.027186346	0.000000000	0.000000000	0.000000000	0.000000000	0.000000000
800.000000000	700.000000000	0.245806259	133.027186346	0.000000000	0.000000000	0.000000000	0.000000000	0.000000000
900.000000000	700.000000000	0.244858012	133.027186346	0.000000000	0.000000000	0.000000000	0.000000000	0.000000000
1000.000000000	700.000000000	0.242418974	133.027186346	0.000000000	0.000000000	0.000000000	0.000000000	0.000000000
-1000.000000000	800.000000000	0.243932304	133.189583387	0.000000000	0.000000000	0.000000000	0.000000000	0.000000000
-900.000000000	800.000000000	0.243996701	133.189583387	0.000000000	0.000000000	0.000000000	0.000000000	0.000000000
-800.000000000	800.000000000	0.247762319	133.189583387	0.000000000	0.000000000	0.000000000	0.000000000	0.000000000
-700.000000000	800.000000000	0.250299563	133.189583387	0.000000000	0.000000000	0.000000000	0.000000000	0.000000000
-600.000000000	800.000000000	0.256573446	133.189583387	0.000000000	0.000000000	0.000000000	0.000000000	0.000000000
-500.000000000	800.000000000	0.267617540	133.189583387	0.000000000	0.000000000	0.000000000	0.000000000	0.000000000
-400.000000000	800.000000000	0.287612826	133.189583387	0.000000000	0.000000000	0.000000000	0.000000000	0.000000000
-300.000000000	800.000000000	0.328609602	133.189583387	0.000000000	0.000000000	0.000000000	0.000000000	0.000000000
-200.000000000	800.000000000	0.462473387	133.189583387	0.000000000	0.000000000	0.000000000	0.000000000	0.000000000
-100.000000000	800.000000000	0.699322627	133.189583387	0.000000000	0.000000000	0.000000000	0.000000000	0.000000000
0.000000000	800.000000000	0.882588729	133.189583387	0.000000000	0.000000000	0.000000000	0.000000000	0.000000000
100.000000000	800.000000000	0.767319521	133.189583387	0.000000000	0.000000000	0.000000000	0.000000000	0.000000000
200.000000000	800.000000000	0.524592413	133.189583387	0.000000000	0.000000000	0.000000000	0.000000000	0.000000000
300.000000000	800.000000000	0.374465138	133.189583387	0.000000000	0.000000000	0.000000000	0.000000000	0.000000000
400.000000000	800.000000000	0.302672077	133.189583387	0.000000000	0.000000000	0.000000000	0.000000000	0.000000000
500.000000000	800.000000000	0.273817367	133.189583387	0.000000000	0.000000000	0.000000000	0.000000000	0.000000000
600.000000000	800.000000000	0.262757173	133.189583387	0.000000000	0.000000000	0.000000000	0.000000000	0.000000000
700.000000000	800.000000000	0.253302076	133.189583387	0.000000000	0.000000000	0.000000000	0.000000000	0.000000000
800.000000000	800.000000000	0.248380531	133.189583387	0.000000000	0.000000000	0.000000000	0.000000000	0.000000000
900.000000000	800.000000000	0.246199081	133.189583387	0.000000000	0.000000000	0.000000000	0.000000000	0.000000000
1000.000000000	800.000000000	0.244130325	133.189583387	0.000000000	0.000000000	0.000000000	0.000000000	0.000000000
-1000.000000000	900.000000000	0.245059253	133.218217416	0.000000000	0.000000000	0.000000000	0.000000000	0.000000000
-900.000000000	900.000000000	0.245044764	133.218217416	0.000000000	0.000000000	0.000000000	0.000000000	0.000000000
-800.000000000	900.000000000	0.251679270	133.218217416	0.000000000	0.000000000	0.000000000	0.000000000	0.000000000
-700.000000000	900.000000000	0.254538499	133.218217416	0.000000000	0.000000000	0.000000000	0.000000000	0.000000000
-600.000000000	900.000000000	0.264767971	133.218217416	0.000000000	0.000000000	0.000000000	0.000000000	0.000000000
-500.000000000	900.000000000	0.278835507	133.218217416	0.000000000	0.000000000	0.000000000	0.000000000	0.000000000
-400.000000000	900.000000000	0.310040710	133.218217416	0.000000000	0.000000000	0.000000000	0.000000000	0.000000000
-300.000000000	900.000000000	0.368693551	133.218217416	0.000000000	0.000000000	0.000000000	0.000000000	0.000000000
-200.000000000	900.000000000	0.499649816	133.218217416	0.000000000	0.000000000	0.000000000	0.000000000	0.000000000
-100.000000000	900.000000000	0.711393864	133.218217416	0.000000000	0.000000000	0.000000000	0.000000000	0.000000000
0.000000000	900.000000000	0.872991949	133.218217416	0.000000000	0.000000000	0.000000000	0.000000000	0.000000000
100.000000000	900.000000000	0.778783814	133.218217416	0.000000000	0.000000000	0.000000000	0.000000000	0.000000000
200.000000000	900.000000000	0.575429076	133.218217416	0.000000000	0.000000000	0.000000000	0.000000000	0.000000000
300.000000000	900.000000000	0.409606616	133.218217416	0.000000000	0.000000000	0.000000000	0.000000000	0.000000000
400.000000000	900.000000000	0.331261151	133.218217416	0.000000000	0.000000000	0.000000000	0.000000000	0.000000000
500.000000000	900.000000000	0.293466518	133.218217416	0.000000000	0.000000000	0.000000000	0.000000000	0.000000000
600.000000000	900.000000000	0.270273919	133.218217416	0.000000000	0.000000000	0.000000000	0.000000000	0.000000000
700.000000000	900.000000000	0.261633444	133.218217416	0.000000000	0.000000000	0.000000000	0.000000000	0.000000000
800.000000000	900.000000000	0.254525620	133.218217416	0.000000000	0.000000000	0.000000000	0.000000000	0.000000000
900.000000000	900.000000000	0.250185258	133.218217416	0.000000000	0.000000000	0.000000000	0.000000000	0.000000000
1000.000000000	900.000000000	0.247110299	133.218217416	0.000000000	0.000000000	0.000000000	0.000000000	0.000000000
-1000.000000000	1000.000000000	0.248897317	133.275463585	0.000000000	0.000000000	0.000000000	0.000000000	0.000000000
-900.000000000	1000.000000000	0.248185730	133.275463585	0.000000000	0.000000000	0.000000000	0.000000000	0.000000000
-800.000000000	1000.000000000	0.252357049	133.275463585	0.000000000	0.000000000	0.000000000	0.000000000	0.000000000
-700.000000000	1000.000000000	0.261779948	133.275463585	0.000000000	0.000000000	0.000000000	0.000000000	0.000000000
-600.000000000	1000.000000000	0.270001841	133.275463585	0.000000000	0.000000000	0.000000000	0.000000000	0.000000000
-500.000000000	1000.000000000	0.288119953	133.275463585	0.000000000	0.000000000	0.000000000	0.000000000	0.000000000
-400.000000000	1000.000000000	0.323694496	133.275463585	0.000000000	0.000000000	0.000000000	0.000000000	0.000000000
-300.000000000	1000.000000000	0.399608971	133.275463585	0.000000000	0.000000000	0.000000000	0.000000000	0.000000000
-200.000000000	1000.000000000	0.548280877	133.275463585	0.000000000	0.000000000	0.000000000	0.000000000	0.000000000
-100.000000000	1000.000000000	0.734158235	133.275463585	0.000000000	0.000000000	0.000000000	0.000000000	0.000000000
0.000000000	1000.000000000	0.868451953	133.275463585	0.000000000	0.000000000	0.000000000	0.000000000	0.000000000
100.000000000	1000.000000000	0.795359628	133.275463585	0.000000000	0.000000000	0.000000000	0.000000000	0.000000000
200.000000000	1000.000000000	0.632080798	133.275463585	0.000000000	0.000000000	0.000000000	0.000000000	0.000000000
300.000000000	1000.000000000	0.466052255	133.275463585	0.000000000	0.000000000	0.000000000	0.000000000	0.000000000
400.000000000	1000.000000000	0.351092225	133.275463585	0.000000000	0.000000000	0.000000000	0.000000000	0.000000000
500.000000000	1000.000000000	0.306655035	133.275463585	0.000000000	0.000000000	0.000000000	0.000000000	0.000000000
600.000000000	1000.000000000	0.279349074	133.275463585	0.000000000	0.000000000	0.000000000	0.000000000	0.000000000
700.000000000	1000.000000000	0.266448734	133.275463585	0.000000000	0.000000000	0.000000000	0.000000000	0.000000000
800.000000000	1000.000000000	0.257333331	133.275463585	0.000000000	0.000000000	0.000000000	0.000000000	0.000000000
900.000000000	1000.000000000	0.251053008	133.275463585	0.000000000	0.000000000	0.000000000	0.000000000	0.000000000
1000.000000000	1000.000000000	0.247396866	133.275463585	0.000000000	0.000000000	0.000000000	0.000000000	0.000000000
