Set Temp (deg C)	82.000000	Laser Power (uW)	796.000000	Laser Detuning (GHz)	7.000000
X  Field (nT)	Z  Field (nT)	Photodiode Voltage (V)	Temperature (C) 2D	Y  Field (nT)	Photodiode Voltage (V)	Temperature (C) 1D	Frequency (Hz)	Photodiode Voltage (V)		
-1000.000000000	-1000.000000000	0.489230370	124.425042750	-1000.000000000	NaN	124.425042750	0.000000000	0.000000000
-900.000000000	-1000.000000000	0.551705191	124.425042750	-960.000000000	NaN	124.425042750	0.000000000	0.000000000
-800.000000000	-1000.000000000	0.686742656	124.425042750	-920.000000000	NaN	124.425042750	0.000000000	0.000000000
-700.000000000	-1000.000000000	0.793991189	124.425042750	-880.000000000	NaN	124.425042750	0.000000000	0.000000000
-600.000000000	-1000.000000000	1.022700765	124.425042750	-840.000000000	NaN	124.425042750	0.000000000	0.000000000
-500.000000000	-1000.000000000	1.272738792	124.425042750	-800.000000000	NaN	124.425042750	0.000000000	0.000000000
-400.000000000	-1000.000000000	1.488850909	124.425042750	-760.000000000	NaN	124.425042750	0.000000000	0.000000000
-300.000000000	-1000.000000000	1.689820140	124.425042750	-720.000000000	NaN	124.425042750	0.000000000	0.000000000
-200.000000000	-1000.000000000	1.877703961	124.425042750	-680.000000000	NaN	124.425042750	0.000000000	0.000000000
-100.000000000	-1000.000000000	1.990141622	124.425042750	-640.000000000	NaN	124.425042750	0.000000000	0.000000000
0.000000000	-1000.000000000	2.016497827	124.425042750	-600.000000000	NaN	124.425042750	0.000000000	0.000000000
100.000000000	-1000.000000000	1.989892081	124.425042750	-560.000000000	NaN	124.425042750	0.000000000	0.000000000
200.000000000	-1000.000000000	1.871874397	124.425042750	-520.000000000	NaN	124.425042750	0.000000000	0.000000000
300.000000000	-1000.000000000	1.706051465	124.425042750	-480.000000000	NaN	124.425042750	0.000000000	0.000000000
400.000000000	-1000.000000000	1.533553838	124.425042750	-440.000000000	NaN	124.425042750	0.000000000	0.000000000
500.000000000	-1000.000000000	1.212904170	124.425042750	-400.000000000	NaN	124.425042750	0.000000000	0.000000000
600.000000000	-1000.000000000	1.024355772	124.425042750	-360.000000000	NaN	124.425042750	0.000000000	0.000000000
700.000000000	-1000.000000000	0.848519440	124.425042750	-320.000000000	NaN	124.425042750	0.000000000	0.000000000
800.000000000	-1000.000000000	0.652525263	124.425042750	-280.000000000	NaN	124.425042750	0.000000000	0.000000000
900.000000000	-1000.000000000	0.563222608	124.425042750	-240.000000000	NaN	124.425042750	0.000000000	0.000000000
1000.000000000	-1000.000000000	0.451569354	124.425042750	-200.000000000	NaN	124.425042750	0.000000000	0.000000000
-1000.000000000	-900.000000000	0.430092932	124.323087167	-160.000000000	NaN	124.425042750	0.000000000	0.000000000
-900.000000000	-900.000000000	0.501538260	124.323087167	-120.000000000	NaN	124.425042750	0.000000000	0.000000000
-800.000000000	-900.000000000	0.603556109	124.323087167	-80.000000000	NaN	124.425042750	0.000000000	0.000000000
-700.000000000	-900.000000000	0.772959097	124.323087167	-40.000000000	NaN	124.425042750	0.000000000	0.000000000
-600.000000000	-900.000000000	0.900196511	124.323087167	0.000000000	NaN	124.425042750	0.000000000	0.000000000
-500.000000000	-900.000000000	1.139162990	124.323087167	40.000000000	NaN	124.425042750	0.000000000	0.000000000
-400.000000000	-900.000000000	1.364450027	124.323087167	80.000000000	NaN	124.425042750	0.000000000	0.000000000
-300.000000000	-900.000000000	1.631170360	124.323087167	120.000000000	NaN	124.425042750	0.000000000	0.000000000
-200.000000000	-900.000000000	1.821501249	124.323087167	160.000000000	NaN	124.425042750	0.000000000	0.000000000
-100.000000000	-900.000000000	1.957313491	124.323087167	200.000000000	NaN	124.425042750	0.000000000	0.000000000
0.000000000	-900.000000000	1.987541580	124.323087167	240.000000000	NaN	124.425042750	0.000000000	0.000000000
100.000000000	-900.000000000	1.939298350	124.323087167	280.000000000	NaN	124.425042750	0.000000000	0.000000000
200.000000000	-900.000000000	1.866688808	124.323087167	320.000000000	NaN	124.425042750	0.000000000	0.000000000
300.000000000	-900.000000000	1.668496604	124.323087167	360.000000000	NaN	124.425042750	0.000000000	0.000000000
400.000000000	-900.000000000	1.383756301	124.323087167	400.000000000	NaN	124.425042750	0.000000000	0.000000000
500.000000000	-900.000000000	1.165282479	124.323087167	440.000000000	NaN	124.425042750	0.000000000	0.000000000
600.000000000	-900.000000000	0.908621264	124.323087167	480.000000000	NaN	124.425042750	0.000000000	0.000000000
700.000000000	-900.000000000	0.721969475	124.323087167	520.000000000	NaN	124.425042750	0.000000000	0.000000000
800.000000000	-900.000000000	0.605827721	124.323087167	560.000000000	NaN	124.425042750	0.000000000	0.000000000
900.000000000	-900.000000000	0.517186749	124.323087167	600.000000000	NaN	124.425042750	0.000000000	0.000000000
1000.000000000	-900.000000000	0.434108089	124.323087167	640.000000000	NaN	124.425042750	0.000000000	0.000000000
-1000.000000000	-800.000000000	0.420732818	124.425042750	680.000000000	NaN	124.425042750	0.000000000	0.000000000
-900.000000000	-800.000000000	0.467266139	124.425042750	720.000000000	NaN	124.425042750	0.000000000	0.000000000
-800.000000000	-800.000000000	0.545162448	124.425042750	760.000000000	NaN	124.425042750	0.000000000	0.000000000
-700.000000000	-800.000000000	0.710682275	124.425042750	800.000000000	NaN	124.425042750	0.000000000	0.000000000
-600.000000000	-800.000000000	0.862508102	124.425042750	840.000000000	NaN	124.425042750	0.000000000	0.000000000
-500.000000000	-800.000000000	1.090974610	124.425042750	880.000000000	NaN	124.425042750	0.000000000	0.000000000
-400.000000000	-800.000000000	1.398065357	124.425042750	920.000000000	NaN	124.425042750	0.000000000	0.000000000
-300.000000000	-800.000000000	1.577361654	124.425042750	960.000000000	NaN	124.425042750	0.000000000	0.000000000
-200.000000000	-800.000000000	1.833076654	124.425042750	1000.000000000	NaN	124.425042750	0.000000000	0.000000000
-100.000000000	-800.000000000	1.948247963	124.425042750	0.000000000	0.000000000	0.000000000	0.000000000	0.000000000
0.000000000	-800.000000000	2.031022638	124.425042750	0.000000000	0.000000000	0.000000000	0.000000000	0.000000000
100.000000000	-800.000000000	1.976228586	124.425042750	0.000000000	0.000000000	0.000000000	0.000000000	0.000000000
200.000000000	-800.000000000	1.866283105	124.425042750	0.000000000	0.000000000	0.000000000	0.000000000	0.000000000
300.000000000	-800.000000000	1.619962025	124.425042750	0.000000000	0.000000000	0.000000000	0.000000000	0.000000000
400.000000000	-800.000000000	1.348498851	124.425042750	0.000000000	0.000000000	0.000000000	0.000000000	0.000000000
500.000000000	-800.000000000	1.161879085	124.425042750	0.000000000	0.000000000	0.000000000	0.000000000	0.000000000
600.000000000	-800.000000000	0.888207378	124.425042750	0.000000000	0.000000000	0.000000000	0.000000000	0.000000000
700.000000000	-800.000000000	0.710342580	124.425042750	0.000000000	0.000000000	0.000000000	0.000000000	0.000000000
800.000000000	-800.000000000	0.543811722	124.425042750	0.000000000	0.000000000	0.000000000	0.000000000	0.000000000
900.000000000	-800.000000000	0.457864167	124.425042750	0.000000000	0.000000000	0.000000000	0.000000000	0.000000000
1000.000000000	-800.000000000	0.397094266	124.425042750	0.000000000	0.000000000	0.000000000	0.000000000	0.000000000
-1000.000000000	-700.000000000	0.392850499	124.261882807	0.000000000	0.000000000	0.000000000	0.000000000	0.000000000
-900.000000000	-700.000000000	0.432316240	124.261882807	0.000000000	0.000000000	0.000000000	0.000000000	0.000000000
-800.000000000	-700.000000000	0.500902339	124.261882807	0.000000000	0.000000000	0.000000000	0.000000000	0.000000000
-700.000000000	-700.000000000	0.592173925	124.261882807	0.000000000	0.000000000	0.000000000	0.000000000	0.000000000
-600.000000000	-700.000000000	0.756703658	124.261882807	0.000000000	0.000000000	0.000000000	0.000000000	0.000000000
-500.000000000	-700.000000000	1.018882016	124.261882807	0.000000000	0.000000000	0.000000000	0.000000000	0.000000000
-400.000000000	-700.000000000	1.222869628	124.261882807	0.000000000	0.000000000	0.000000000	0.000000000	0.000000000
-300.000000000	-700.000000000	1.503084302	124.261882807	0.000000000	0.000000000	0.000000000	0.000000000	0.000000000
-200.000000000	-700.000000000	1.720859608	124.261882807	0.000000000	0.000000000	0.000000000	0.000000000	0.000000000
-100.000000000	-700.000000000	1.900957817	124.261882807	0.000000000	0.000000000	0.000000000	0.000000000	0.000000000
0.000000000	-700.000000000	1.988285369	124.261882807	0.000000000	0.000000000	0.000000000	0.000000000	0.000000000
100.000000000	-700.000000000	1.916015511	124.261882807	0.000000000	0.000000000	0.000000000	0.000000000	0.000000000
200.000000000	-700.000000000	1.738927867	124.261882807	0.000000000	0.000000000	0.000000000	0.000000000	0.000000000
300.000000000	-700.000000000	1.548028722	124.261882807	0.000000000	0.000000000	0.000000000	0.000000000	0.000000000
400.000000000	-700.000000000	1.275573878	124.261882807	0.000000000	0.000000000	0.000000000	0.000000000	0.000000000
500.000000000	-700.000000000	1.015365935	124.261882807	0.000000000	0.000000000	0.000000000	0.000000000	0.000000000
600.000000000	-700.000000000	0.754311307	124.261882807	0.000000000	0.000000000	0.000000000	0.000000000	0.000000000
700.000000000	-700.000000000	0.738738489	124.261882807	0.000000000	0.000000000	0.000000000	0.000000000	0.000000000
800.000000000	-700.000000000	0.502352883	124.261882807	0.000000000	0.000000000	0.000000000	0.000000000	0.000000000
900.000000000	-700.000000000	0.424503267	124.261882807	0.000000000	0.000000000	0.000000000	0.000000000	0.000000000
1000.000000000	-700.000000000	0.379170953	124.261882807	0.000000000	0.000000000	0.000000000	0.000000000	0.000000000
-1000.000000000	-600.000000000	0.353742164	124.333285635	0.000000000	0.000000000	0.000000000	0.000000000	0.000000000
-900.000000000	-600.000000000	0.385338582	124.333285635	0.000000000	0.000000000	0.000000000	0.000000000	0.000000000
-800.000000000	-600.000000000	0.457825529	124.333285635	0.000000000	0.000000000	0.000000000	0.000000000	0.000000000
-700.000000000	-600.000000000	0.557235290	124.333285635	0.000000000	0.000000000	0.000000000	0.000000000	0.000000000
-600.000000000	-600.000000000	0.709196312	124.333285635	0.000000000	0.000000000	0.000000000	0.000000000	0.000000000
-500.000000000	-600.000000000	0.956316989	124.333285635	0.000000000	0.000000000	0.000000000	0.000000000	0.000000000
-400.000000000	-600.000000000	1.227969888	124.333285635	0.000000000	0.000000000	0.000000000	0.000000000	0.000000000
-300.000000000	-600.000000000	1.478041841	124.333285635	0.000000000	0.000000000	0.000000000	0.000000000	0.000000000
-200.000000000	-600.000000000	1.750931517	124.333285635	0.000000000	0.000000000	0.000000000	0.000000000	0.000000000
-100.000000000	-600.000000000	1.919504235	124.333285635	0.000000000	0.000000000	0.000000000	0.000000000	0.000000000
0.000000000	-600.000000000	1.993966820	124.333285635	0.000000000	0.000000000	0.000000000	0.000000000	0.000000000
100.000000000	-600.000000000	1.941553864	124.333285635	0.000000000	0.000000000	0.000000000	0.000000000	0.000000000
200.000000000	-600.000000000	1.736284360	124.333285635	0.000000000	0.000000000	0.000000000	0.000000000	0.000000000
300.000000000	-600.000000000	1.545307943	124.333285635	0.000000000	0.000000000	0.000000000	0.000000000	0.000000000
400.000000000	-600.000000000	1.197250831	124.333285635	0.000000000	0.000000000	0.000000000	0.000000000	0.000000000
500.000000000	-600.000000000	0.923051050	124.333285635	0.000000000	0.000000000	0.000000000	0.000000000	0.000000000
600.000000000	-600.000000000	0.678726828	124.333285635	0.000000000	0.000000000	0.000000000	0.000000000	0.000000000
700.000000000	-600.000000000	0.520195705	124.333285635	0.000000000	0.000000000	0.000000000	0.000000000	0.000000000
800.000000000	-600.000000000	0.452288991	124.333285635	0.000000000	0.000000000	0.000000000	0.000000000	0.000000000
900.000000000	-600.000000000	0.394750213	124.333285635	0.000000000	0.000000000	0.000000000	0.000000000	0.000000000
1000.000000000	-600.000000000	0.358898759	124.333285635	0.000000000	0.000000000	0.000000000	0.000000000	0.000000000
-1000.000000000	-500.000000000	0.347740358	124.363877160	0.000000000	0.000000000	0.000000000	0.000000000	0.000000000
-900.000000000	-500.000000000	0.361126897	124.363877160	0.000000000	0.000000000	0.000000000	0.000000000	0.000000000
-800.000000000	-500.000000000	0.402782136	124.363877160	0.000000000	0.000000000	0.000000000	0.000000000	0.000000000
-700.000000000	-500.000000000	0.496326927	124.363877160	0.000000000	0.000000000	0.000000000	0.000000000	0.000000000
-600.000000000	-500.000000000	0.651979497	124.363877160	0.000000000	0.000000000	0.000000000	0.000000000	0.000000000
-500.000000000	-500.000000000	0.844425394	124.363877160	0.000000000	0.000000000	0.000000000	0.000000000	0.000000000
-400.000000000	-500.000000000	1.141816156	124.363877160	0.000000000	0.000000000	0.000000000	0.000000000	0.000000000
-300.000000000	-500.000000000	1.441361199	124.363877160	0.000000000	0.000000000	0.000000000	0.000000000	0.000000000
-200.000000000	-500.000000000	1.727317045	124.363877160	0.000000000	0.000000000	0.000000000	0.000000000	0.000000000
-100.000000000	-500.000000000	1.920500783	124.363877160	0.000000000	0.000000000	0.000000000	0.000000000	0.000000000
0.000000000	-500.000000000	2.014648013	124.363877160	0.000000000	0.000000000	0.000000000	0.000000000	0.000000000
100.000000000	-500.000000000	1.943416555	124.363877160	0.000000000	0.000000000	0.000000000	0.000000000	0.000000000
200.000000000	-500.000000000	1.756947826	124.363877160	0.000000000	0.000000000	0.000000000	0.000000000	0.000000000
300.000000000	-500.000000000	1.498264171	124.363877160	0.000000000	0.000000000	0.000000000	0.000000000	0.000000000
400.000000000	-500.000000000	1.115707943	124.363877160	0.000000000	0.000000000	0.000000000	0.000000000	0.000000000
500.000000000	-500.000000000	0.843654237	124.363877160	0.000000000	0.000000000	0.000000000	0.000000000	0.000000000
600.000000000	-500.000000000	0.649883373	124.363877160	0.000000000	0.000000000	0.000000000	0.000000000	0.000000000
700.000000000	-500.000000000	0.494768520	124.363877160	0.000000000	0.000000000	0.000000000	0.000000000	0.000000000
800.000000000	-500.000000000	0.406760265	124.363877160	0.000000000	0.000000000	0.000000000	0.000000000	0.000000000
900.000000000	-500.000000000	0.373536210	124.363877160	0.000000000	0.000000000	0.000000000	0.000000000	0.000000000
1000.000000000	-500.000000000	0.345721510	124.363877160	0.000000000	0.000000000	0.000000000	0.000000000	0.000000000
-1000.000000000	-400.000000000	0.330395010	124.425042750	0.000000000	0.000000000	0.000000000	0.000000000	0.000000000
-900.000000000	-400.000000000	0.356136125	124.425042750	0.000000000	0.000000000	0.000000000	0.000000000	0.000000000
-800.000000000	-400.000000000	0.381457049	124.425042750	0.000000000	0.000000000	0.000000000	0.000000000	0.000000000
-700.000000000	-400.000000000	0.461631396	124.425042750	0.000000000	0.000000000	0.000000000	0.000000000	0.000000000
-600.000000000	-400.000000000	0.582862108	124.425042750	0.000000000	0.000000000	0.000000000	0.000000000	0.000000000
-500.000000000	-400.000000000	0.792186461	124.425042750	0.000000000	0.000000000	0.000000000	0.000000000	0.000000000
-400.000000000	-400.000000000	1.043370636	124.425042750	0.000000000	0.000000000	0.000000000	0.000000000	0.000000000
-300.000000000	-400.000000000	1.314450451	124.425042750	0.000000000	0.000000000	0.000000000	0.000000000	0.000000000
-200.000000000	-400.000000000	1.667028350	124.425042750	0.000000000	0.000000000	0.000000000	0.000000000	0.000000000
-100.000000000	-400.000000000	1.900057867	124.425042750	0.000000000	0.000000000	0.000000000	0.000000000	0.000000000
0.000000000	-400.000000000	2.017637658	124.425042750	0.000000000	0.000000000	0.000000000	0.000000000	0.000000000
100.000000000	-400.000000000	1.949572938	124.425042750	0.000000000	0.000000000	0.000000000	0.000000000	0.000000000
200.000000000	-400.000000000	1.720020837	124.425042750	0.000000000	0.000000000	0.000000000	0.000000000	0.000000000
300.000000000	-400.000000000	1.365330661	124.425042750	0.000000000	0.000000000	0.000000000	0.000000000	0.000000000
400.000000000	-400.000000000	1.045160879	124.425042750	0.000000000	0.000000000	0.000000000	0.000000000	0.000000000
500.000000000	-400.000000000	0.772791665	124.425042750	0.000000000	0.000000000	0.000000000	0.000000000	0.000000000
600.000000000	-400.000000000	0.590641275	124.425042750	0.000000000	0.000000000	0.000000000	0.000000000	0.000000000
700.000000000	-400.000000000	0.462429920	124.425042750	0.000000000	0.000000000	0.000000000	0.000000000	0.000000000
800.000000000	-400.000000000	0.386642623	124.425042750	0.000000000	0.000000000	0.000000000	0.000000000	0.000000000
900.000000000	-400.000000000	0.353375101	124.425042750	0.000000000	0.000000000	0.000000000	0.000000000	0.000000000
1000.000000000	-400.000000000	0.329102239	124.425042750	0.000000000	0.000000000	0.000000000	0.000000000	0.000000000
-1000.000000000	-300.000000000	0.319965907	124.363877160	0.000000000	0.000000000	0.000000000	0.000000000	0.000000000
-900.000000000	-300.000000000	0.334633947	124.363877160	0.000000000	0.000000000	0.000000000	0.000000000	0.000000000
-800.000000000	-300.000000000	0.364414367	124.363877160	0.000000000	0.000000000	0.000000000	0.000000000	0.000000000
-700.000000000	-300.000000000	0.403487284	124.363877160	0.000000000	0.000000000	0.000000000	0.000000000	0.000000000
-600.000000000	-300.000000000	0.488222556	124.363877160	0.000000000	0.000000000	0.000000000	0.000000000	0.000000000
-500.000000000	-300.000000000	0.661317075	124.363877160	0.000000000	0.000000000	0.000000000	0.000000000	0.000000000
-400.000000000	-300.000000000	0.926502734	124.363877160	0.000000000	0.000000000	0.000000000	0.000000000	0.000000000
-300.000000000	-300.000000000	1.232844751	124.363877160	0.000000000	0.000000000	0.000000000	0.000000000	0.000000000
-200.000000000	-300.000000000	1.600303172	124.363877160	0.000000000	0.000000000	0.000000000	0.000000000	0.000000000
-100.000000000	-300.000000000	1.871108072	124.363877160	0.000000000	0.000000000	0.000000000	0.000000000	0.000000000
0.000000000	-300.000000000	2.023618560	124.363877160	0.000000000	0.000000000	0.000000000	0.000000000	0.000000000
100.000000000	-300.000000000	1.938546512	124.363877160	0.000000000	0.000000000	0.000000000	0.000000000	0.000000000
200.000000000	-300.000000000	1.640593286	124.363877160	0.000000000	0.000000000	0.000000000	0.000000000	0.000000000
300.000000000	-300.000000000	1.283438384	124.363877160	0.000000000	0.000000000	0.000000000	0.000000000	0.000000000
400.000000000	-300.000000000	0.975652230	124.363877160	0.000000000	0.000000000	0.000000000	0.000000000	0.000000000
500.000000000	-300.000000000	0.706040855	124.363877160	0.000000000	0.000000000	0.000000000	0.000000000	0.000000000
600.000000000	-300.000000000	0.495702276	124.363877160	0.000000000	0.000000000	0.000000000	0.000000000	0.000000000
700.000000000	-300.000000000	0.415107735	124.363877160	0.000000000	0.000000000	0.000000000	0.000000000	0.000000000
800.000000000	-300.000000000	0.362749703	124.363877160	0.000000000	0.000000000	0.000000000	0.000000000	0.000000000
900.000000000	-300.000000000	0.331592796	124.363877160	0.000000000	0.000000000	0.000000000	0.000000000	0.000000000
1000.000000000	-300.000000000	0.317523648	124.363877160	0.000000000	0.000000000	0.000000000	0.000000000	0.000000000
-1000.000000000	-200.000000000	0.311772991	124.231271922	0.000000000	0.000000000	0.000000000	0.000000000	0.000000000
-900.000000000	-200.000000000	0.319140014	124.231271922	0.000000000	0.000000000	0.000000000	0.000000000	0.000000000
-800.000000000	-200.000000000	0.336002384	124.231271922	0.000000000	0.000000000	0.000000000	0.000000000	0.000000000
-700.000000000	-200.000000000	0.376047696	124.231271922	0.000000000	0.000000000	0.000000000	0.000000000	0.000000000
-600.000000000	-200.000000000	0.448124111	124.231271922	0.000000000	0.000000000	0.000000000	0.000000000	0.000000000
-500.000000000	-200.000000000	0.589366213	124.231271922	0.000000000	0.000000000	0.000000000	0.000000000	0.000000000
-400.000000000	-200.000000000	0.823288652	124.231271922	0.000000000	0.000000000	0.000000000	0.000000000	0.000000000
-300.000000000	-200.000000000	1.115901135	124.231271922	0.000000000	0.000000000	0.000000000	0.000000000	0.000000000
-200.000000000	-200.000000000	1.452637147	124.231271922	0.000000000	0.000000000	0.000000000	0.000000000	0.000000000
-100.000000000	-200.000000000	1.782394401	124.231271922	0.000000000	0.000000000	0.000000000	0.000000000	0.000000000
0.000000000	-200.000000000	1.972701224	124.231271922	0.000000000	0.000000000	0.000000000	0.000000000	0.000000000
100.000000000	-200.000000000	1.868527350	124.231271922	0.000000000	0.000000000	0.000000000	0.000000000	0.000000000
200.000000000	-200.000000000	1.537216435	124.231271922	0.000000000	0.000000000	0.000000000	0.000000000	0.000000000
300.000000000	-200.000000000	1.179530345	124.231271922	0.000000000	0.000000000	0.000000000	0.000000000	0.000000000
400.000000000	-200.000000000	0.834062290	124.231271922	0.000000000	0.000000000	0.000000000	0.000000000	0.000000000
500.000000000	-200.000000000	0.582317952	124.231271922	0.000000000	0.000000000	0.000000000	0.000000000	0.000000000
600.000000000	-200.000000000	0.435003208	124.231271922	0.000000000	0.000000000	0.000000000	0.000000000	0.000000000
700.000000000	-200.000000000	0.400558828	124.231271922	0.000000000	0.000000000	0.000000000	0.000000000	0.000000000
800.000000000	-200.000000000	0.342454969	124.231271922	0.000000000	0.000000000	0.000000000	0.000000000	0.000000000
900.000000000	-200.000000000	0.321255458	124.231271922	0.000000000	0.000000000	0.000000000	0.000000000	0.000000000
1000.000000000	-200.000000000	0.310129256	124.231271922	0.000000000	0.000000000	0.000000000	0.000000000	0.000000000
-1000.000000000	-100.000000000	0.306313731	124.302688295	0.000000000	0.000000000	0.000000000	0.000000000	0.000000000
-900.000000000	-100.000000000	0.314245838	124.302688295	0.000000000	0.000000000	0.000000000	0.000000000	0.000000000
-800.000000000	-100.000000000	0.324098588	124.302688295	0.000000000	0.000000000	0.000000000	0.000000000	0.000000000
-700.000000000	-100.000000000	0.351526905	124.302688295	0.000000000	0.000000000	0.000000000	0.000000000	0.000000000
-600.000000000	-100.000000000	0.402287889	124.302688295	0.000000000	0.000000000	0.000000000	0.000000000	0.000000000
-500.000000000	-100.000000000	0.500364624	124.302688295	0.000000000	0.000000000	0.000000000	0.000000000	0.000000000
-400.000000000	-100.000000000	0.739388890	124.302688295	0.000000000	0.000000000	0.000000000	0.000000000	0.000000000
-300.000000000	-100.000000000	1.028383815	124.302688295	0.000000000	0.000000000	0.000000000	0.000000000	0.000000000
-200.000000000	-100.000000000	1.423296174	124.302688295	0.000000000	0.000000000	0.000000000	0.000000000	0.000000000
-100.000000000	-100.000000000	1.756139650	124.302688295	0.000000000	0.000000000	0.000000000	0.000000000	0.000000000
0.000000000	-100.000000000	1.976362210	124.302688295	0.000000000	0.000000000	0.000000000	0.000000000	0.000000000
100.000000000	-100.000000000	1.836302958	124.302688295	0.000000000	0.000000000	0.000000000	0.000000000	0.000000000
200.000000000	-100.000000000	1.496976229	124.302688295	0.000000000	0.000000000	0.000000000	0.000000000	0.000000000
300.000000000	-100.000000000	1.079655203	124.302688295	0.000000000	0.000000000	0.000000000	0.000000000	0.000000000
400.000000000	-100.000000000	0.764721098	124.302688295	0.000000000	0.000000000	0.000000000	0.000000000	0.000000000
500.000000000	-100.000000000	0.514158477	124.302688295	0.000000000	0.000000000	0.000000000	0.000000000	0.000000000
600.000000000	-100.000000000	0.409286240	124.302688295	0.000000000	0.000000000	0.000000000	0.000000000	0.000000000
700.000000000	-100.000000000	0.352199854	124.302688295	0.000000000	0.000000000	0.000000000	0.000000000	0.000000000
800.000000000	-100.000000000	0.326309017	124.302688295	0.000000000	0.000000000	0.000000000	0.000000000	0.000000000
900.000000000	-100.000000000	0.310299908	124.302688295	0.000000000	0.000000000	0.000000000	0.000000000	0.000000000
1000.000000000	-100.000000000	0.305004861	124.302688295	0.000000000	0.000000000	0.000000000	0.000000000	0.000000000
-1000.000000000	0.000000000	0.299329870	124.363877160	0.000000000	0.000000000	0.000000000	0.000000000	0.000000000
-900.000000000	0.000000000	0.307419750	124.363877160	0.000000000	0.000000000	0.000000000	0.000000000	0.000000000
-800.000000000	0.000000000	0.317005252	124.363877160	0.000000000	0.000000000	0.000000000	0.000000000	0.000000000
-700.000000000	0.000000000	0.333872451	124.363877160	0.000000000	0.000000000	0.000000000	0.000000000	0.000000000
-600.000000000	0.000000000	0.371731483	124.363877160	0.000000000	0.000000000	0.000000000	0.000000000	0.000000000
-500.000000000	0.000000000	0.443110799	124.363877160	0.000000000	0.000000000	0.000000000	0.000000000	0.000000000
-400.000000000	0.000000000	0.634762936	124.363877160	0.000000000	0.000000000	0.000000000	0.000000000	0.000000000
-300.000000000	0.000000000	0.935793628	124.363877160	0.000000000	0.000000000	0.000000000	0.000000000	0.000000000
-200.000000000	0.000000000	1.305119300	124.363877160	0.000000000	0.000000000	0.000000000	0.000000000	0.000000000
-100.000000000	0.000000000	1.718734505	124.363877160	0.000000000	0.000000000	0.000000000	0.000000000	0.000000000
0.000000000	0.000000000	1.992807673	124.363877160	0.000000000	0.000000000	0.000000000	0.000000000	0.000000000
100.000000000	0.000000000	1.802832486	124.363877160	0.000000000	0.000000000	0.000000000	0.000000000	0.000000000
200.000000000	0.000000000	1.414232275	124.363877160	0.000000000	0.000000000	0.000000000	0.000000000	0.000000000
300.000000000	0.000000000	1.037539478	124.363877160	0.000000000	0.000000000	0.000000000	0.000000000	0.000000000
400.000000000	0.000000000	0.663723917	124.363877160	0.000000000	0.000000000	0.000000000	0.000000000	0.000000000
500.000000000	0.000000000	0.486884707	124.363877160	0.000000000	0.000000000	0.000000000	0.000000000	0.000000000
600.000000000	0.000000000	0.379872882	124.363877160	0.000000000	0.000000000	0.000000000	0.000000000	0.000000000
700.000000000	0.000000000	0.345979098	124.363877160	0.000000000	0.000000000	0.000000000	0.000000000	0.000000000
800.000000000	0.000000000	0.316744444	124.363877160	0.000000000	0.000000000	0.000000000	0.000000000	0.000000000
900.000000000	0.000000000	0.308424344	124.363877160	0.000000000	0.000000000	0.000000000	0.000000000	0.000000000
1000.000000000	0.000000000	0.298938658	124.363877160	0.000000000	0.000000000	0.000000000	0.000000000	0.000000000
-1000.000000000	100.000000000	0.298631162	124.465806861	0.000000000	0.000000000	0.000000000	0.000000000	0.000000000
-900.000000000	100.000000000	0.303805465	124.465806861	0.000000000	0.000000000	0.000000000	0.000000000	0.000000000
-800.000000000	100.000000000	0.312998145	124.465806861	0.000000000	0.000000000	0.000000000	0.000000000	0.000000000
-700.000000000	100.000000000	0.328073496	124.465806861	0.000000000	0.000000000	0.000000000	0.000000000	0.000000000
-600.000000000	100.000000000	0.362202328	124.465806861	0.000000000	0.000000000	0.000000000	0.000000000	0.000000000
-500.000000000	100.000000000	0.427742439	124.465806861	0.000000000	0.000000000	0.000000000	0.000000000	0.000000000
-400.000000000	100.000000000	0.585367154	124.465806861	0.000000000	0.000000000	0.000000000	0.000000000	0.000000000
-300.000000000	100.000000000	0.885708772	124.465806861	0.000000000	0.000000000	0.000000000	0.000000000	0.000000000
-200.000000000	100.000000000	1.289551284	124.465806861	0.000000000	0.000000000	0.000000000	0.000000000	0.000000000
-100.000000000	100.000000000	1.709433935	124.465806861	0.000000000	0.000000000	0.000000000	0.000000000	0.000000000
0.000000000	100.000000000	1.989413936	124.465806861	0.000000000	0.000000000	0.000000000	0.000000000	0.000000000
100.000000000	100.000000000	1.799111934	124.465806861	0.000000000	0.000000000	0.000000000	0.000000000	0.000000000
200.000000000	100.000000000	1.362025478	124.465806861	0.000000000	0.000000000	0.000000000	0.000000000	0.000000000
300.000000000	100.000000000	0.955281808	124.465806861	0.000000000	0.000000000	0.000000000	0.000000000	0.000000000
400.000000000	100.000000000	0.629319774	124.465806861	0.000000000	0.000000000	0.000000000	0.000000000	0.000000000
500.000000000	100.000000000	0.452908813	124.465806861	0.000000000	0.000000000	0.000000000	0.000000000	0.000000000
600.000000000	100.000000000	0.369261856	124.465806861	0.000000000	0.000000000	0.000000000	0.000000000	0.000000000
700.000000000	100.000000000	0.334600138	124.465806861	0.000000000	0.000000000	0.000000000	0.000000000	0.000000000
800.000000000	100.000000000	0.316176140	124.465806861	0.000000000	0.000000000	0.000000000	0.000000000	0.000000000
900.000000000	100.000000000	0.305051548	124.465806861	0.000000000	0.000000000	0.000000000	0.000000000	0.000000000
1000.000000000	100.000000000	0.299416806	124.465806861	0.000000000	0.000000000	0.000000000	0.000000000	0.000000000
-1000.000000000	200.000000000	0.297273994	124.404656809	0.000000000	0.000000000	0.000000000	0.000000000	0.000000000
-900.000000000	200.000000000	0.302622169	124.404656809	0.000000000	0.000000000	0.000000000	0.000000000	0.000000000
-800.000000000	200.000000000	0.311228836	124.404656809	0.000000000	0.000000000	0.000000000	0.000000000	0.000000000
-700.000000000	200.000000000	0.324874572	124.404656809	0.000000000	0.000000000	0.000000000	0.000000000	0.000000000
-600.000000000	200.000000000	0.354754808	124.404656809	0.000000000	0.000000000	0.000000000	0.000000000	0.000000000
-500.000000000	200.000000000	0.412084292	124.404656809	0.000000000	0.000000000	0.000000000	0.000000000	0.000000000
-400.000000000	200.000000000	0.556642837	124.404656809	0.000000000	0.000000000	0.000000000	0.000000000	0.000000000
-300.000000000	200.000000000	0.845484726	124.404656809	0.000000000	0.000000000	0.000000000	0.000000000	0.000000000
-200.000000000	200.000000000	1.244631045	124.404656809	0.000000000	0.000000000	0.000000000	0.000000000	0.000000000
-100.000000000	200.000000000	1.700708109	124.404656809	0.000000000	0.000000000	0.000000000	0.000000000	0.000000000
0.000000000	200.000000000	1.993435546	124.404656809	0.000000000	0.000000000	0.000000000	0.000000000	0.000000000
100.000000000	200.000000000	1.788888866	124.404656809	0.000000000	0.000000000	0.000000000	0.000000000	0.000000000
200.000000000	200.000000000	1.356335986	124.404656809	0.000000000	0.000000000	0.000000000	0.000000000	0.000000000
300.000000000	200.000000000	0.943883518	124.404656809	0.000000000	0.000000000	0.000000000	0.000000000	0.000000000
400.000000000	200.000000000	0.604802194	124.404656809	0.000000000	0.000000000	0.000000000	0.000000000	0.000000000
500.000000000	200.000000000	0.435901547	124.404656809	0.000000000	0.000000000	0.000000000	0.000000000	0.000000000
600.000000000	200.000000000	0.361851364	124.404656809	0.000000000	0.000000000	0.000000000	0.000000000	0.000000000
700.000000000	200.000000000	0.330312904	124.404656809	0.000000000	0.000000000	0.000000000	0.000000000	0.000000000
800.000000000	200.000000000	0.313392577	124.404656809	0.000000000	0.000000000	0.000000000	0.000000000	0.000000000
900.000000000	200.000000000	0.303985777	124.404656809	0.000000000	0.000000000	0.000000000	0.000000000	0.000000000
1000.000000000	200.000000000	0.297974312	124.404656809	0.000000000	0.000000000	0.000000000	0.000000000	0.000000000
-1000.000000000	300.000000000	0.297457526	124.363877160	0.000000000	0.000000000	0.000000000	0.000000000	0.000000000
-900.000000000	300.000000000	0.302902297	124.363877160	0.000000000	0.000000000	0.000000000	0.000000000	0.000000000
-800.000000000	300.000000000	0.311224006	124.363877160	0.000000000	0.000000000	0.000000000	0.000000000	0.000000000
-700.000000000	300.000000000	0.325001757	124.363877160	0.000000000	0.000000000	0.000000000	0.000000000	0.000000000
-600.000000000	300.000000000	0.350969871	124.363877160	0.000000000	0.000000000	0.000000000	0.000000000	0.000000000
-500.000000000	300.000000000	0.405953692	124.363877160	0.000000000	0.000000000	0.000000000	0.000000000	0.000000000
-400.000000000	300.000000000	0.541231007	124.363877160	0.000000000	0.000000000	0.000000000	0.000000000	0.000000000
-300.000000000	300.000000000	0.837085734	124.363877160	0.000000000	0.000000000	0.000000000	0.000000000	0.000000000
-200.000000000	300.000000000	1.249773158	124.363877160	0.000000000	0.000000000	0.000000000	0.000000000	0.000000000
-100.000000000	300.000000000	1.710089181	124.363877160	0.000000000	0.000000000	0.000000000	0.000000000	0.000000000
0.000000000	300.000000000	1.980224439	124.363877160	0.000000000	0.000000000	0.000000000	0.000000000	0.000000000
100.000000000	300.000000000	1.801262799	124.363877160	0.000000000	0.000000000	0.000000000	0.000000000	0.000000000
200.000000000	300.000000000	1.355531024	124.363877160	0.000000000	0.000000000	0.000000000	0.000000000	0.000000000
300.000000000	300.000000000	0.919576826	124.363877160	0.000000000	0.000000000	0.000000000	0.000000000	0.000000000
400.000000000	300.000000000	0.593155982	124.363877160	0.000000000	0.000000000	0.000000000	0.000000000	0.000000000
500.000000000	300.000000000	0.431255299	124.363877160	0.000000000	0.000000000	0.000000000	0.000000000	0.000000000
600.000000000	300.000000000	0.357614037	124.363877160	0.000000000	0.000000000	0.000000000	0.000000000	0.000000000
700.000000000	300.000000000	0.330428819	124.363877160	0.000000000	0.000000000	0.000000000	0.000000000	0.000000000
800.000000000	300.000000000	0.313650165	124.363877160	0.000000000	0.000000000	0.000000000	0.000000000	0.000000000
900.000000000	300.000000000	0.304378599	124.363877160	0.000000000	0.000000000	0.000000000	0.000000000	0.000000000
1000.000000000	300.000000000	0.297921184	124.363877160	0.000000000	0.000000000	0.000000000	0.000000000	0.000000000
-1000.000000000	400.000000000	0.299590678	124.333285635	0.000000000	0.000000000	0.000000000	0.000000000	0.000000000
-900.000000000	400.000000000	0.302895857	124.333285635	0.000000000	0.000000000	0.000000000	0.000000000	0.000000000
-800.000000000	400.000000000	0.312344515	124.333285635	0.000000000	0.000000000	0.000000000	0.000000000	0.000000000
-700.000000000	400.000000000	0.326861222	124.333285635	0.000000000	0.000000000	0.000000000	0.000000000	0.000000000
-600.000000000	400.000000000	0.354814375	124.333285635	0.000000000	0.000000000	0.000000000	0.000000000	0.000000000
-500.000000000	400.000000000	0.407190116	124.333285635	0.000000000	0.000000000	0.000000000	0.000000000	0.000000000
-400.000000000	400.000000000	0.537420310	124.333285635	0.000000000	0.000000000	0.000000000	0.000000000	0.000000000
-300.000000000	400.000000000	0.826522998	124.333285635	0.000000000	0.000000000	0.000000000	0.000000000	0.000000000
-200.000000000	400.000000000	1.244878976	124.333285635	0.000000000	0.000000000	0.000000000	0.000000000	0.000000000
-100.000000000	400.000000000	1.709878286	124.333285635	0.000000000	0.000000000	0.000000000	0.000000000	0.000000000
0.000000000	400.000000000	1.949912634	124.333285635	0.000000000	0.000000000	0.000000000	0.000000000	0.000000000
100.000000000	400.000000000	1.817220442	124.333285635	0.000000000	0.000000000	0.000000000	0.000000000	0.000000000
200.000000000	400.000000000	1.391010651	124.333285635	0.000000000	0.000000000	0.000000000	0.000000000	0.000000000
300.000000000	400.000000000	0.926016538	124.333285635	0.000000000	0.000000000	0.000000000	0.000000000	0.000000000
400.000000000	400.000000000	0.599138471	124.333285635	0.000000000	0.000000000	0.000000000	0.000000000	0.000000000
500.000000000	400.000000000	0.435492626	124.333285635	0.000000000	0.000000000	0.000000000	0.000000000	0.000000000
600.000000000	400.000000000	0.367278426	124.333285635	0.000000000	0.000000000	0.000000000	0.000000000	0.000000000
700.000000000	400.000000000	0.332051625	124.333285635	0.000000000	0.000000000	0.000000000	0.000000000	0.000000000
800.000000000	400.000000000	0.315057241	124.333285635	0.000000000	0.000000000	0.000000000	0.000000000	0.000000000
900.000000000	400.000000000	0.306861106	124.333285635	0.000000000	0.000000000	0.000000000	0.000000000	0.000000000
1000.000000000	400.000000000	0.299643806	124.333285635	0.000000000	0.000000000	0.000000000	0.000000000	0.000000000
-1000.000000000	500.000000000	0.299044913	124.302688295	0.000000000	0.000000000	0.000000000	0.000000000	0.000000000
-900.000000000	500.000000000	0.304254635	124.302688295	0.000000000	0.000000000	0.000000000	0.000000000	0.000000000
-800.000000000	500.000000000	0.315215014	124.302688295	0.000000000	0.000000000	0.000000000	0.000000000	0.000000000
-700.000000000	500.000000000	0.333154424	124.302688295	0.000000000	0.000000000	0.000000000	0.000000000	0.000000000
-600.000000000	500.000000000	0.359323779	124.302688295	0.000000000	0.000000000	0.000000000	0.000000000	0.000000000
-500.000000000	500.000000000	0.417619220	124.302688295	0.000000000	0.000000000	0.000000000	0.000000000	0.000000000
-400.000000000	500.000000000	0.553538898	124.302688295	0.000000000	0.000000000	0.000000000	0.000000000	0.000000000
-300.000000000	500.000000000	0.840580887	124.302688295	0.000000000	0.000000000	0.000000000	0.000000000	0.000000000
-200.000000000	500.000000000	1.278806621	124.302688295	0.000000000	0.000000000	0.000000000	0.000000000	0.000000000
-100.000000000	500.000000000	1.740130491	124.302688295	0.000000000	0.000000000	0.000000000	0.000000000	0.000000000
0.000000000	500.000000000	1.978846336	124.302688295	0.000000000	0.000000000	0.000000000	0.000000000	0.000000000
100.000000000	500.000000000	1.810840280	124.302688295	0.000000000	0.000000000	0.000000000	0.000000000	0.000000000
200.000000000	500.000000000	1.407596144	124.302688295	0.000000000	0.000000000	0.000000000	0.000000000	0.000000000
300.000000000	500.000000000	0.956761336	124.302688295	0.000000000	0.000000000	0.000000000	0.000000000	0.000000000
400.000000000	500.000000000	0.619256120	124.302688295	0.000000000	0.000000000	0.000000000	0.000000000	0.000000000
500.000000000	500.000000000	0.446831340	124.302688295	0.000000000	0.000000000	0.000000000	0.000000000	0.000000000
600.000000000	500.000000000	0.368794977	124.302688295	0.000000000	0.000000000	0.000000000	0.000000000	0.000000000
700.000000000	500.000000000	0.338600805	124.302688295	0.000000000	0.000000000	0.000000000	0.000000000	0.000000000
800.000000000	500.000000000	0.318349541	124.302688295	0.000000000	0.000000000	0.000000000	0.000000000	0.000000000
900.000000000	500.000000000	0.310209753	124.302688295	0.000000000	0.000000000	0.000000000	0.000000000	0.000000000
1000.000000000	500.000000000	0.301358377	124.302688295	0.000000000	0.000000000	0.000000000	0.000000000	0.000000000
-1000.000000000	600.000000000	0.301070200	124.302688295	0.000000000	0.000000000	0.000000000	0.000000000	0.000000000
-900.000000000	600.000000000	0.308321309	124.302688295	0.000000000	0.000000000	0.000000000	0.000000000	0.000000000
-800.000000000	600.000000000	0.322276151	124.302688295	0.000000000	0.000000000	0.000000000	0.000000000	0.000000000
-700.000000000	600.000000000	0.334925343	124.302688295	0.000000000	0.000000000	0.000000000	0.000000000	0.000000000
-600.000000000	600.000000000	0.367621340	124.302688295	0.000000000	0.000000000	0.000000000	0.000000000	0.000000000
-500.000000000	600.000000000	0.440802164	124.302688295	0.000000000	0.000000000	0.000000000	0.000000000	0.000000000
-400.000000000	600.000000000	0.581294039	124.302688295	0.000000000	0.000000000	0.000000000	0.000000000	0.000000000
-300.000000000	600.000000000	0.911931274	124.302688295	0.000000000	0.000000000	0.000000000	0.000000000	0.000000000
-200.000000000	600.000000000	1.344097299	124.302688295	0.000000000	0.000000000	0.000000000	0.000000000	0.000000000
-100.000000000	600.000000000	1.762238065	124.302688295	0.000000000	0.000000000	0.000000000	0.000000000	0.000000000
0.000000000	600.000000000	1.973918333	124.302688295	0.000000000	0.000000000	0.000000000	0.000000000	0.000000000
100.000000000	600.000000000	1.855929634	124.302688295	0.000000000	0.000000000	0.000000000	0.000000000	0.000000000
200.000000000	600.000000000	1.462707264	124.302688295	0.000000000	0.000000000	0.000000000	0.000000000	0.000000000
300.000000000	600.000000000	1.005146113	124.302688295	0.000000000	0.000000000	0.000000000	0.000000000	0.000000000
400.000000000	600.000000000	0.648495618	124.302688295	0.000000000	0.000000000	0.000000000	0.000000000	0.000000000
500.000000000	600.000000000	0.477540692	124.302688295	0.000000000	0.000000000	0.000000000	0.000000000	0.000000000
600.000000000	600.000000000	0.390079816	124.302688295	0.000000000	0.000000000	0.000000000	0.000000000	0.000000000
700.000000000	600.000000000	0.349620752	124.302688295	0.000000000	0.000000000	0.000000000	0.000000000	0.000000000
800.000000000	600.000000000	0.326296138	124.302688295	0.000000000	0.000000000	0.000000000	0.000000000	0.000000000
900.000000000	600.000000000	0.313714562	124.302688295	0.000000000	0.000000000	0.000000000	0.000000000	0.000000000
1000.000000000	600.000000000	0.304924364	124.302688295	0.000000000	0.000000000	0.000000000	0.000000000	0.000000000
-1000.000000000	700.000000000	0.306233234	124.394462867	0.000000000	0.000000000	0.000000000	0.000000000	0.000000000
-900.000000000	700.000000000	0.312548976	124.394462867	0.000000000	0.000000000	0.000000000	0.000000000	0.000000000
-800.000000000	700.000000000	0.328910658	124.394462867	0.000000000	0.000000000	0.000000000	0.000000000	0.000000000
-700.000000000	700.000000000	0.345663553	124.394462867	0.000000000	0.000000000	0.000000000	0.000000000	0.000000000
-600.000000000	700.000000000	0.391356488	124.394462867	0.000000000	0.000000000	0.000000000	0.000000000	0.000000000
-500.000000000	700.000000000	0.467602614	124.394462867	0.000000000	0.000000000	0.000000000	0.000000000	0.000000000
-400.000000000	700.000000000	0.634693709	124.394462867	0.000000000	0.000000000	0.000000000	0.000000000	0.000000000
-300.000000000	700.000000000	0.938929768	124.394462867	0.000000000	0.000000000	0.000000000	0.000000000	0.000000000
-200.000000000	700.000000000	1.374682744	124.394462867	0.000000000	0.000000000	0.000000000	0.000000000	0.000000000
-100.000000000	700.000000000	1.783461790	124.394462867	0.000000000	0.000000000	0.000000000	0.000000000	0.000000000
0.000000000	700.000000000	2.000417820	124.394462867	0.000000000	0.000000000	0.000000000	0.000000000	0.000000000
100.000000000	700.000000000	1.879222127	124.394462867	0.000000000	0.000000000	0.000000000	0.000000000	0.000000000
200.000000000	700.000000000	1.524921398	124.394462867	0.000000000	0.000000000	0.000000000	0.000000000	0.000000000
300.000000000	700.000000000	1.058375173	124.394462867	0.000000000	0.000000000	0.000000000	0.000000000	0.000000000
400.000000000	700.000000000	0.711570956	124.394462867	0.000000000	0.000000000	0.000000000	0.000000000	0.000000000
500.000000000	700.000000000	0.509591114	124.394462867	0.000000000	0.000000000	0.000000000	0.000000000	0.000000000
600.000000000	700.000000000	0.416846455	124.394462867	0.000000000	0.000000000	0.000000000	0.000000000	0.000000000
700.000000000	700.000000000	0.361534208	124.394462867	0.000000000	0.000000000	0.000000000	0.000000000	0.000000000
800.000000000	700.000000000	0.335946037	124.394462867	0.000000000	0.000000000	0.000000000	0.000000000	0.000000000
900.000000000	700.000000000	0.322897583	124.394462867	0.000000000	0.000000000	0.000000000	0.000000000	0.000000000
1000.000000000	700.000000000	0.308826826	124.394462867	0.000000000	0.000000000	0.000000000	0.000000000	0.000000000
-1000.000000000	800.000000000	0.313395797	124.425042750	0.000000000	0.000000000	0.000000000	0.000000000	0.000000000
-900.000000000	800.000000000	0.321022018	124.425042750	0.000000000	0.000000000	0.000000000	0.000000000	0.000000000
-800.000000000	800.000000000	0.337353112	124.425042750	0.000000000	0.000000000	0.000000000	0.000000000	0.000000000
-700.000000000	800.000000000	0.366330179	124.425042750	0.000000000	0.000000000	0.000000000	0.000000000	0.000000000
-600.000000000	800.000000000	0.417063795	124.425042750	0.000000000	0.000000000	0.000000000	0.000000000	0.000000000
-500.000000000	800.000000000	0.504210739	124.425042750	0.000000000	0.000000000	0.000000000	0.000000000	0.000000000
-400.000000000	800.000000000	0.691615906	124.425042750	0.000000000	0.000000000	0.000000000	0.000000000	0.000000000
-300.000000000	800.000000000	1.013577306	124.425042750	0.000000000	0.000000000	0.000000000	0.000000000	0.000000000
-200.000000000	800.000000000	1.438493917	124.425042750	0.000000000	0.000000000	0.000000000	0.000000000	0.000000000
-100.000000000	800.000000000	1.819826920	124.425042750	0.000000000	0.000000000	0.000000000	0.000000000	0.000000000
0.000000000	800.000000000	2.025788748	124.425042750	0.000000000	0.000000000	0.000000000	0.000000000	0.000000000
100.000000000	800.000000000	1.925481912	124.425042750	0.000000000	0.000000000	0.000000000	0.000000000	0.000000000
200.000000000	800.000000000	1.588705226	124.425042750	0.000000000	0.000000000	0.000000000	0.000000000	0.000000000
300.000000000	800.000000000	1.114052939	124.425042750	0.000000000	0.000000000	0.000000000	0.000000000	0.000000000
400.000000000	800.000000000	0.781267935	124.425042750	0.000000000	0.000000000	0.000000000	0.000000000	0.000000000
500.000000000	800.000000000	0.566875533	124.425042750	0.000000000	0.000000000	0.000000000	0.000000000	0.000000000
600.000000000	800.000000000	0.433021388	124.425042750	0.000000000	0.000000000	0.000000000	0.000000000	0.000000000
700.000000000	800.000000000	0.381732347	124.425042750	0.000000000	0.000000000	0.000000000	0.000000000	0.000000000
800.000000000	800.000000000	0.354555177	124.425042750	0.000000000	0.000000000	0.000000000	0.000000000	0.000000000
900.000000000	800.000000000	0.335817243	124.425042750	0.000000000	0.000000000	0.000000000	0.000000000	0.000000000
1000.000000000	800.000000000	0.316164870	124.425042750	0.000000000	0.000000000	0.000000000	0.000000000	0.000000000
-1000.000000000	900.000000000	0.319439461	124.486185026	0.000000000	0.000000000	0.000000000	0.000000000	0.000000000
-900.000000000	900.000000000	0.338368976	124.486185026	0.000000000	0.000000000	0.000000000	0.000000000	0.000000000
-800.000000000	900.000000000	0.351808642	124.486185026	0.000000000	0.000000000	0.000000000	0.000000000	0.000000000
-700.000000000	900.000000000	0.384662413	124.486185026	0.000000000	0.000000000	0.000000000	0.000000000	0.000000000
-600.000000000	900.000000000	0.448291543	124.486185026	0.000000000	0.000000000	0.000000000	0.000000000	0.000000000
-500.000000000	900.000000000	0.548857231	124.486185026	0.000000000	0.000000000	0.000000000	0.000000000	0.000000000
-400.000000000	900.000000000	0.737384530	124.486185026	0.000000000	0.000000000	0.000000000	0.000000000	0.000000000
-300.000000000	900.000000000	1.055710738	124.486185026	0.000000000	0.000000000	0.000000000	0.000000000	0.000000000
-200.000000000	900.000000000	1.435573504	124.486185026	0.000000000	0.000000000	0.000000000	0.000000000	0.000000000
-100.000000000	900.000000000	1.803563390	124.486185026	0.000000000	0.000000000	0.000000000	0.000000000	0.000000000
0.000000000	900.000000000	1.978286080	124.486185026	0.000000000	0.000000000	0.000000000	0.000000000	0.000000000
100.000000000	900.000000000	1.894838466	124.486185026	0.000000000	0.000000000	0.000000000	0.000000000	0.000000000
200.000000000	900.000000000	1.586206613	124.486185026	0.000000000	0.000000000	0.000000000	0.000000000	0.000000000
300.000000000	900.000000000	1.192239128	124.486185026	0.000000000	0.000000000	0.000000000	0.000000000	0.000000000
400.000000000	900.000000000	0.839494186	124.486185026	0.000000000	0.000000000	0.000000000	0.000000000	0.000000000
500.000000000	900.000000000	0.597583281	124.486185026	0.000000000	0.000000000	0.000000000	0.000000000	0.000000000
600.000000000	900.000000000	0.485947729	124.486185026	0.000000000	0.000000000	0.000000000	0.000000000	0.000000000
700.000000000	900.000000000	0.410274735	124.486185026	0.000000000	0.000000000	0.000000000	0.000000000	0.000000000
800.000000000	900.000000000	0.363223021	124.486185026	0.000000000	0.000000000	0.000000000	0.000000000	0.000000000
900.000000000	900.000000000	0.337047226	124.486185026	0.000000000	0.000000000	0.000000000	0.000000000	0.000000000
1000.000000000	900.000000000	0.330562443	124.486185026	0.000000000	0.000000000	0.000000000	0.000000000	0.000000000
-1000.000000000	1000.000000000	0.328038078	124.333285635	0.000000000	0.000000000	0.000000000	0.000000000	0.000000000
-900.000000000	1000.000000000	0.346272105	124.333285635	0.000000000	0.000000000	0.000000000	0.000000000	0.000000000
-800.000000000	1000.000000000	0.372161333	124.333285635	0.000000000	0.000000000	0.000000000	0.000000000	0.000000000
-700.000000000	1000.000000000	0.408416880	124.333285635	0.000000000	0.000000000	0.000000000	0.000000000	0.000000000
-600.000000000	1000.000000000	0.463750059	124.333285635	0.000000000	0.000000000	0.000000000	0.000000000	0.000000000
-500.000000000	1000.000000000	0.575300281	124.333285635	0.000000000	0.000000000	0.000000000	0.000000000	0.000000000
-400.000000000	1000.000000000	0.769323881	124.333285635	0.000000000	0.000000000	0.000000000	0.000000000	0.000000000
-300.000000000	1000.000000000	1.081851146	124.333285635	0.000000000	0.000000000	0.000000000	0.000000000	0.000000000
-200.000000000	1000.000000000	1.447210074	124.333285635	0.000000000	0.000000000	0.000000000	0.000000000	0.000000000
-100.000000000	1000.000000000	1.797967269	124.333285635	0.000000000	0.000000000	0.000000000	0.000000000	0.000000000
0.000000000	1000.000000000	1.958002541	124.333285635	0.000000000	0.000000000	0.000000000	0.000000000	0.000000000
100.000000000	1000.000000000	1.891885851	124.333285635	0.000000000	0.000000000	0.000000000	0.000000000	0.000000000
200.000000000	1000.000000000	1.603606742	124.333285635	0.000000000	0.000000000	0.000000000	0.000000000	0.000000000
300.000000000	1000.000000000	1.197460126	124.333285635	0.000000000	0.000000000	0.000000000	0.000000000	0.000000000
400.000000000	1000.000000000	0.836614024	124.333285635	0.000000000	0.000000000	0.000000000	0.000000000	0.000000000
500.000000000	1000.000000000	0.648703296	124.333285635	0.000000000	0.000000000	0.000000000	0.000000000	0.000000000
600.000000000	1000.000000000	0.494383746	124.333285635	0.000000000	0.000000000	0.000000000	0.000000000	0.000000000
700.000000000	1000.000000000	0.419483515	124.333285635	0.000000000	0.000000000	0.000000000	0.000000000	0.000000000
800.000000000	1000.000000000	0.381115745	124.333285635	0.000000000	0.000000000	0.000000000	0.000000000	0.000000000
900.000000000	1000.000000000	0.353693866	124.333285635	0.000000000	0.000000000	0.000000000	0.000000000	0.000000000
1000.000000000	1000.000000000	0.335543555	124.333285635	0.000000000	0.000000000	0.000000000	0.000000000	0.000000000
