Set Temp (deg C)	117.000000	Laser Power (uW)	712.000000	Laser Detuning (GHz)	7.000000
X  Field (nT)	Z  Field (nT)	Photodiode Voltage (V)	Temperature (C) 2D	Y  Field (nT)	Photodiode Voltage (V)	Temperature (C) 1D	Frequency (Hz)	Photodiode Voltage (V)		
-1000.000000000	-1000.000000000	0.555143995	117.491753336	-1000.000000000	NaN	117.491753336	0.000000000	0.000000000
-900.000000000	-1000.000000000	0.625758614	117.491753336	-960.000000000	NaN	117.491753336	0.000000000	0.000000000
-800.000000000	-1000.000000000	0.715383262	117.491753336	-920.000000000	NaN	117.491753336	0.000000000	0.000000000
-700.000000000	-1000.000000000	0.772091345	117.491753336	-880.000000000	NaN	117.491753336	0.000000000	0.000000000
-600.000000000	-1000.000000000	0.882453495	117.491753336	-840.000000000	NaN	117.491753336	0.000000000	0.000000000
-500.000000000	-1000.000000000	1.053289404	117.491753336	-800.000000000	NaN	117.491753336	0.000000000	0.000000000
-400.000000000	-1000.000000000	1.192010511	117.491753336	-760.000000000	NaN	117.491753336	0.000000000	0.000000000
-300.000000000	-1000.000000000	1.408621663	117.491753336	-720.000000000	NaN	117.491753336	0.000000000	0.000000000
-200.000000000	-1000.000000000	1.530651133	117.491753336	-680.000000000	NaN	117.491753336	0.000000000	0.000000000
-100.000000000	-1000.000000000	1.667100794	117.491753336	-640.000000000	NaN	117.491753336	0.000000000	0.000000000
0.000000000	-1000.000000000	1.708696578	117.491753336	-600.000000000	NaN	117.491753336	0.000000000	0.000000000
100.000000000	-1000.000000000	1.677190230	117.491753336	-560.000000000	NaN	117.491753336	0.000000000	0.000000000
200.000000000	-1000.000000000	1.585522389	117.491753336	-520.000000000	NaN	117.491753336	0.000000000	0.000000000
300.000000000	-1000.000000000	1.395381603	117.491753336	-480.000000000	NaN	117.491753336	0.000000000	0.000000000
400.000000000	-1000.000000000	1.219609522	117.491753336	-440.000000000	NaN	117.491753336	0.000000000	0.000000000
500.000000000	-1000.000000000	1.043541288	117.491753336	-400.000000000	NaN	117.491753336	0.000000000	0.000000000
600.000000000	-1000.000000000	0.894325103	117.491753336	-360.000000000	NaN	117.491753336	0.000000000	0.000000000
700.000000000	-1000.000000000	0.765413366	117.491753336	-320.000000000	NaN	117.491753336	0.000000000	0.000000000
800.000000000	-1000.000000000	0.676472929	117.491753336	-280.000000000	NaN	117.491753336	0.000000000	0.000000000
900.000000000	-1000.000000000	0.607281481	117.491753336	-240.000000000	NaN	117.491753336	0.000000000	0.000000000
1000.000000000	-1000.000000000	0.555124676	117.491753336	-200.000000000	NaN	117.491753336	0.000000000	0.000000000
-1000.000000000	-900.000000000	0.548514316	117.491753336	-160.000000000	NaN	117.491753336	0.000000000	0.000000000
-900.000000000	-900.000000000	0.599507143	117.491753336	-120.000000000	NaN	117.491753336	0.000000000	0.000000000
-800.000000000	-900.000000000	0.666058310	117.491753336	-80.000000000	NaN	117.491753336	0.000000000	0.000000000
-700.000000000	-900.000000000	0.736331637	117.491753336	-40.000000000	NaN	117.491753336	0.000000000	0.000000000
-600.000000000	-900.000000000	0.862696461	117.491753336	0.000000000	NaN	117.491753336	0.000000000	0.000000000
-500.000000000	-900.000000000	1.048968356	117.491753336	40.000000000	NaN	117.491753336	0.000000000	0.000000000
-400.000000000	-900.000000000	1.222515444	117.491753336	80.000000000	NaN	117.491753336	0.000000000	0.000000000
-300.000000000	-900.000000000	1.406908698	117.491753336	120.000000000	NaN	117.491753336	0.000000000	0.000000000
-200.000000000	-900.000000000	1.562163909	117.491753336	160.000000000	NaN	117.491753336	0.000000000	0.000000000
-100.000000000	-900.000000000	1.675404817	117.491753336	200.000000000	NaN	117.491753336	0.000000000	0.000000000
0.000000000	-900.000000000	1.729276327	117.491753336	240.000000000	NaN	117.491753336	0.000000000	0.000000000
100.000000000	-900.000000000	1.683295088	117.491753336	280.000000000	NaN	117.491753336	0.000000000	0.000000000
200.000000000	-900.000000000	1.580492966	117.491753336	320.000000000	NaN	117.491753336	0.000000000	0.000000000
300.000000000	-900.000000000	1.420061826	117.491753336	360.000000000	NaN	117.491753336	0.000000000	0.000000000
400.000000000	-900.000000000	1.194167817	117.491753336	400.000000000	NaN	117.491753336	0.000000000	0.000000000
500.000000000	-900.000000000	1.037252908	117.491753336	440.000000000	NaN	117.491753336	0.000000000	0.000000000
600.000000000	-900.000000000	0.893112827	117.491753336	480.000000000	NaN	117.491753336	0.000000000	0.000000000
700.000000000	-900.000000000	0.740123016	117.491753336	520.000000000	NaN	117.491753336	0.000000000	0.000000000
800.000000000	-900.000000000	0.651639802	117.491753336	560.000000000	NaN	117.491753336	0.000000000	0.000000000
900.000000000	-900.000000000	0.605811617	117.491753336	600.000000000	NaN	117.491753336	0.000000000	0.000000000
1000.000000000	-900.000000000	0.543380259	117.491753336	640.000000000	NaN	117.491753336	0.000000000	0.000000000
-1000.000000000	-800.000000000	0.536352928	117.576405151	680.000000000	NaN	117.491753336	0.000000000	0.000000000
-900.000000000	-800.000000000	0.555345236	117.576405151	720.000000000	NaN	117.491753336	0.000000000	0.000000000
-800.000000000	-800.000000000	0.633727753	117.576405151	760.000000000	NaN	117.491753336	0.000000000	0.000000000
-700.000000000	-800.000000000	0.695259170	117.576405151	800.000000000	NaN	117.491753336	0.000000000	0.000000000
-600.000000000	-800.000000000	0.818964386	117.576405151	840.000000000	NaN	117.491753336	0.000000000	0.000000000
-500.000000000	-800.000000000	0.977339429	117.576405151	880.000000000	NaN	117.491753336	0.000000000	0.000000000
-400.000000000	-800.000000000	1.138984290	117.576405151	920.000000000	NaN	117.491753336	0.000000000	0.000000000
-300.000000000	-800.000000000	1.333919323	117.576405151	960.000000000	NaN	117.491753336	0.000000000	0.000000000
-200.000000000	-800.000000000	1.524428753	117.576405151	1000.000000000	NaN	117.491753336	0.000000000	0.000000000
-100.000000000	-800.000000000	1.653305297	117.576405151	0.000000000	0.000000000	0.000000000	0.000000000	0.000000000
0.000000000	-800.000000000	1.705607121	117.576405151	0.000000000	0.000000000	0.000000000	0.000000000	0.000000000
100.000000000	-800.000000000	1.677634571	117.576405151	0.000000000	0.000000000	0.000000000	0.000000000	0.000000000
200.000000000	-800.000000000	1.542141206	117.576405151	0.000000000	0.000000000	0.000000000	0.000000000	0.000000000
300.000000000	-800.000000000	1.385646358	117.576405151	0.000000000	0.000000000	0.000000000	0.000000000	0.000000000
400.000000000	-800.000000000	1.150696519	117.576405151	0.000000000	0.000000000	0.000000000	0.000000000	0.000000000
500.000000000	-800.000000000	0.974309545	117.576405151	0.000000000	0.000000000	0.000000000	0.000000000	0.000000000
600.000000000	-800.000000000	0.827733662	117.576405151	0.000000000	0.000000000	0.000000000	0.000000000	0.000000000
700.000000000	-800.000000000	0.739982952	117.576405151	0.000000000	0.000000000	0.000000000	0.000000000	0.000000000
800.000000000	-800.000000000	0.623121553	117.576405151	0.000000000	0.000000000	0.000000000	0.000000000	0.000000000
900.000000000	-800.000000000	0.576570513	117.576405151	0.000000000	0.000000000	0.000000000	0.000000000	0.000000000
1000.000000000	-800.000000000	0.526120233	117.576405151	0.000000000	0.000000000	0.000000000	0.000000000	0.000000000
-1000.000000000	-700.000000000	0.501494792	117.502336654	0.000000000	0.000000000	0.000000000	0.000000000	0.000000000
-900.000000000	-700.000000000	0.533942867	117.502336654	0.000000000	0.000000000	0.000000000	0.000000000	0.000000000
-800.000000000	-700.000000000	0.612723034	117.502336654	0.000000000	0.000000000	0.000000000	0.000000000	0.000000000
-700.000000000	-700.000000000	0.674078967	117.502336654	0.000000000	0.000000000	0.000000000	0.000000000	0.000000000
-600.000000000	-700.000000000	0.794957145	117.502336654	0.000000000	0.000000000	0.000000000	0.000000000	0.000000000
-500.000000000	-700.000000000	0.913734394	117.502336654	0.000000000	0.000000000	0.000000000	0.000000000	0.000000000
-400.000000000	-700.000000000	1.114579381	117.502336654	0.000000000	0.000000000	0.000000000	0.000000000	0.000000000
-300.000000000	-700.000000000	1.296398311	117.502336654	0.000000000	0.000000000	0.000000000	0.000000000	0.000000000
-200.000000000	-700.000000000	1.523689796	117.502336654	0.000000000	0.000000000	0.000000000	0.000000000	0.000000000
-100.000000000	-700.000000000	1.669510860	117.502336654	0.000000000	0.000000000	0.000000000	0.000000000	0.000000000
0.000000000	-700.000000000	1.734714674	117.502336654	0.000000000	0.000000000	0.000000000	0.000000000	0.000000000
100.000000000	-700.000000000	1.689502981	117.502336654	0.000000000	0.000000000	0.000000000	0.000000000	0.000000000
200.000000000	-700.000000000	1.539261040	117.502336654	0.000000000	0.000000000	0.000000000	0.000000000	0.000000000
300.000000000	-700.000000000	1.352678220	117.502336654	0.000000000	0.000000000	0.000000000	0.000000000	0.000000000
400.000000000	-700.000000000	1.168811438	117.502336654	0.000000000	0.000000000	0.000000000	0.000000000	0.000000000
500.000000000	-700.000000000	0.949656716	117.502336654	0.000000000	0.000000000	0.000000000	0.000000000	0.000000000
600.000000000	-700.000000000	0.804061286	117.502336654	0.000000000	0.000000000	0.000000000	0.000000000	0.000000000
700.000000000	-700.000000000	0.692319443	117.502336654	0.000000000	0.000000000	0.000000000	0.000000000	0.000000000
800.000000000	-700.000000000	0.597646067	117.502336654	0.000000000	0.000000000	0.000000000	0.000000000	0.000000000
900.000000000	-700.000000000	0.553875372	117.502336654	0.000000000	0.000000000	0.000000000	0.000000000	0.000000000
1000.000000000	-700.000000000	0.492567748	117.502336654	0.000000000	0.000000000	0.000000000	0.000000000	0.000000000
-1000.000000000	-600.000000000	0.497816109	117.618718416	0.000000000	0.000000000	0.000000000	0.000000000	0.000000000
-900.000000000	-600.000000000	0.525727411	117.618718416	0.000000000	0.000000000	0.000000000	0.000000000	0.000000000
-800.000000000	-600.000000000	0.574685288	117.618718416	0.000000000	0.000000000	0.000000000	0.000000000	0.000000000
-700.000000000	-600.000000000	0.668566577	117.618718416	0.000000000	0.000000000	0.000000000	0.000000000	0.000000000
-600.000000000	-600.000000000	0.739995831	117.618718416	0.000000000	0.000000000	0.000000000	0.000000000	0.000000000
-500.000000000	-600.000000000	0.898628440	117.618718416	0.000000000	0.000000000	0.000000000	0.000000000	0.000000000
-400.000000000	-600.000000000	1.061551556	117.618718416	0.000000000	0.000000000	0.000000000	0.000000000	0.000000000
-300.000000000	-600.000000000	1.273951068	117.618718416	0.000000000	0.000000000	0.000000000	0.000000000	0.000000000
-200.000000000	-600.000000000	1.490597682	117.618718416	0.000000000	0.000000000	0.000000000	0.000000000	0.000000000
-100.000000000	-600.000000000	1.632616078	117.618718416	0.000000000	0.000000000	0.000000000	0.000000000	0.000000000
0.000000000	-600.000000000	1.715674020	117.618718416	0.000000000	0.000000000	0.000000000	0.000000000	0.000000000
100.000000000	-600.000000000	1.661288943	117.618718416	0.000000000	0.000000000	0.000000000	0.000000000	0.000000000
200.000000000	-600.000000000	1.510771716	117.618718416	0.000000000	0.000000000	0.000000000	0.000000000	0.000000000
300.000000000	-600.000000000	1.318736080	117.618718416	0.000000000	0.000000000	0.000000000	0.000000000	0.000000000
400.000000000	-600.000000000	1.118937457	117.618718416	0.000000000	0.000000000	0.000000000	0.000000000	0.000000000
500.000000000	-600.000000000	0.921648799	117.618718416	0.000000000	0.000000000	0.000000000	0.000000000	0.000000000
600.000000000	-600.000000000	0.777214134	117.618718416	0.000000000	0.000000000	0.000000000	0.000000000	0.000000000
700.000000000	-600.000000000	0.658797539	117.618718416	0.000000000	0.000000000	0.000000000	0.000000000	0.000000000
800.000000000	-600.000000000	0.576990704	117.618718416	0.000000000	0.000000000	0.000000000	0.000000000	0.000000000
900.000000000	-600.000000000	0.527904032	117.618718416	0.000000000	0.000000000	0.000000000	0.000000000	0.000000000
1000.000000000	-600.000000000	0.496257700	117.618718416	0.000000000	0.000000000	0.000000000	0.000000000	0.000000000
-1000.000000000	-500.000000000	0.476088537	117.523501713	0.000000000	0.000000000	0.000000000	0.000000000	0.000000000
-900.000000000	-500.000000000	0.510745431	117.523501713	0.000000000	0.000000000	0.000000000	0.000000000	0.000000000
-800.000000000	-500.000000000	0.562301730	117.523501713	0.000000000	0.000000000	0.000000000	0.000000000	0.000000000
-700.000000000	-500.000000000	0.644792782	117.523501713	0.000000000	0.000000000	0.000000000	0.000000000	0.000000000
-600.000000000	-500.000000000	0.732904102	117.523501713	0.000000000	0.000000000	0.000000000	0.000000000	0.000000000
-500.000000000	-500.000000000	0.872240113	117.523501713	0.000000000	0.000000000	0.000000000	0.000000000	0.000000000
-400.000000000	-500.000000000	1.038787170	117.523501713	0.000000000	0.000000000	0.000000000	0.000000000	0.000000000
-300.000000000	-500.000000000	1.240569188	117.523501713	0.000000000	0.000000000	0.000000000	0.000000000	0.000000000
-200.000000000	-500.000000000	1.469198493	117.523501713	0.000000000	0.000000000	0.000000000	0.000000000	0.000000000
-100.000000000	-500.000000000	1.647770355	117.523501713	0.000000000	0.000000000	0.000000000	0.000000000	0.000000000
0.000000000	-500.000000000	1.725399614	117.523501713	0.000000000	0.000000000	0.000000000	0.000000000	0.000000000
100.000000000	-500.000000000	1.647232638	117.523501713	0.000000000	0.000000000	0.000000000	0.000000000	0.000000000
200.000000000	-500.000000000	1.477261021	117.523501713	0.000000000	0.000000000	0.000000000	0.000000000	0.000000000
300.000000000	-500.000000000	1.233701230	117.523501713	0.000000000	0.000000000	0.000000000	0.000000000	0.000000000
400.000000000	-500.000000000	1.055319524	117.523501713	0.000000000	0.000000000	0.000000000	0.000000000	0.000000000
500.000000000	-500.000000000	0.904722017	117.523501713	0.000000000	0.000000000	0.000000000	0.000000000	0.000000000
600.000000000	-500.000000000	0.732290719	117.523501713	0.000000000	0.000000000	0.000000000	0.000000000	0.000000000
700.000000000	-500.000000000	0.631130940	117.523501713	0.000000000	0.000000000	0.000000000	0.000000000	0.000000000
800.000000000	-500.000000000	0.572262348	117.523501713	0.000000000	0.000000000	0.000000000	0.000000000	0.000000000
900.000000000	-500.000000000	0.507894251	117.523501713	0.000000000	0.000000000	0.000000000	0.000000000	0.000000000
1000.000000000	-500.000000000	0.481077700	117.523501713	0.000000000	0.000000000	0.000000000	0.000000000	0.000000000
-1000.000000000	-400.000000000	0.470096390	117.544664668	0.000000000	0.000000000	0.000000000	0.000000000	0.000000000
-900.000000000	-400.000000000	0.505783637	117.544664668	0.000000000	0.000000000	0.000000000	0.000000000	0.000000000
-800.000000000	-400.000000000	0.554086273	117.544664668	0.000000000	0.000000000	0.000000000	0.000000000	0.000000000
-700.000000000	-400.000000000	0.605950071	117.544664668	0.000000000	0.000000000	0.000000000	0.000000000	0.000000000
-600.000000000	-400.000000000	0.698301933	117.544664668	0.000000000	0.000000000	0.000000000	0.000000000	0.000000000
-500.000000000	-400.000000000	0.835863796	117.544664668	0.000000000	0.000000000	0.000000000	0.000000000	0.000000000
-400.000000000	-400.000000000	1.008734638	117.544664668	0.000000000	0.000000000	0.000000000	0.000000000	0.000000000
-300.000000000	-400.000000000	1.224664700	117.544664668	0.000000000	0.000000000	0.000000000	0.000000000	0.000000000
-200.000000000	-400.000000000	1.416585990	117.544664668	0.000000000	0.000000000	0.000000000	0.000000000	0.000000000
-100.000000000	-400.000000000	1.650759997	117.544664668	0.000000000	0.000000000	0.000000000	0.000000000	0.000000000
0.000000000	-400.000000000	1.731750791	117.544664668	0.000000000	0.000000000	0.000000000	0.000000000	0.000000000
100.000000000	-400.000000000	1.655213065	117.544664668	0.000000000	0.000000000	0.000000000	0.000000000	0.000000000
200.000000000	-400.000000000	1.476274136	117.544664668	0.000000000	0.000000000	0.000000000	0.000000000	0.000000000
300.000000000	-400.000000000	1.244634260	117.544664668	0.000000000	0.000000000	0.000000000	0.000000000	0.000000000
400.000000000	-400.000000000	1.043171005	117.544664668	0.000000000	0.000000000	0.000000000	0.000000000	0.000000000
500.000000000	-400.000000000	0.875706288	117.544664668	0.000000000	0.000000000	0.000000000	0.000000000	0.000000000
600.000000000	-400.000000000	0.727815121	117.544664668	0.000000000	0.000000000	0.000000000	0.000000000	0.000000000
700.000000000	-400.000000000	0.623324404	117.544664668	0.000000000	0.000000000	0.000000000	0.000000000	0.000000000
800.000000000	-400.000000000	0.562491702	117.544664668	0.000000000	0.000000000	0.000000000	0.000000000	0.000000000
900.000000000	-400.000000000	0.514308200	117.544664668	0.000000000	0.000000000	0.000000000	0.000000000	0.000000000
1000.000000000	-400.000000000	0.466659197	117.544664668	0.000000000	0.000000000	0.000000000	0.000000000	0.000000000
-1000.000000000	-300.000000000	0.462101494	117.618718416	0.000000000	0.000000000	0.000000000	0.000000000	0.000000000
-900.000000000	-300.000000000	0.491711267	117.618718416	0.000000000	0.000000000	0.000000000	0.000000000	0.000000000
-800.000000000	-300.000000000	0.540173285	117.618718416	0.000000000	0.000000000	0.000000000	0.000000000	0.000000000
-700.000000000	-300.000000000	0.604201690	117.618718416	0.000000000	0.000000000	0.000000000	0.000000000	0.000000000
-600.000000000	-300.000000000	0.682711397	117.618718416	0.000000000	0.000000000	0.000000000	0.000000000	0.000000000
-500.000000000	-300.000000000	0.802805542	117.618718416	0.000000000	0.000000000	0.000000000	0.000000000	0.000000000
-400.000000000	-300.000000000	0.959636660	117.618718416	0.000000000	0.000000000	0.000000000	0.000000000	0.000000000
-300.000000000	-300.000000000	1.168497501	117.618718416	0.000000000	0.000000000	0.000000000	0.000000000	0.000000000
-200.000000000	-300.000000000	1.380409257	117.618718416	0.000000000	0.000000000	0.000000000	0.000000000	0.000000000
-100.000000000	-300.000000000	1.609160999	117.618718416	0.000000000	0.000000000	0.000000000	0.000000000	0.000000000
0.000000000	-300.000000000	1.715295686	117.618718416	0.000000000	0.000000000	0.000000000	0.000000000	0.000000000
100.000000000	-300.000000000	1.646936411	117.618718416	0.000000000	0.000000000	0.000000000	0.000000000	0.000000000
200.000000000	-300.000000000	1.430579494	117.618718416	0.000000000	0.000000000	0.000000000	0.000000000	0.000000000
300.000000000	-300.000000000	1.224397452	117.618718416	0.000000000	0.000000000	0.000000000	0.000000000	0.000000000
400.000000000	-300.000000000	1.007379080	117.618718416	0.000000000	0.000000000	0.000000000	0.000000000	0.000000000
500.000000000	-300.000000000	0.838491199	117.618718416	0.000000000	0.000000000	0.000000000	0.000000000	0.000000000
600.000000000	-300.000000000	0.713114874	117.618718416	0.000000000	0.000000000	0.000000000	0.000000000	0.000000000
700.000000000	-300.000000000	0.618501062	117.618718416	0.000000000	0.000000000	0.000000000	0.000000000	0.000000000
800.000000000	-300.000000000	0.549818357	117.618718416	0.000000000	0.000000000	0.000000000	0.000000000	0.000000000
900.000000000	-300.000000000	0.501079431	117.618718416	0.000000000	0.000000000	0.000000000	0.000000000	0.000000000
1000.000000000	-300.000000000	0.462310784	117.618718416	0.000000000	0.000000000	0.000000000	0.000000000	0.000000000
-1000.000000000	-200.000000000	0.457635557	117.544664668	0.000000000	0.000000000	0.000000000	0.000000000	0.000000000
-900.000000000	-200.000000000	0.486276154	117.544664668	0.000000000	0.000000000	0.000000000	0.000000000	0.000000000
-800.000000000	-200.000000000	0.529148505	117.544664668	0.000000000	0.000000000	0.000000000	0.000000000	0.000000000
-700.000000000	-200.000000000	0.592690712	117.544664668	0.000000000	0.000000000	0.000000000	0.000000000	0.000000000
-600.000000000	-200.000000000	0.677290772	117.544664668	0.000000000	0.000000000	0.000000000	0.000000000	0.000000000
-500.000000000	-200.000000000	0.791077220	117.544664668	0.000000000	0.000000000	0.000000000	0.000000000	0.000000000
-400.000000000	-200.000000000	0.939348347	117.544664668	0.000000000	0.000000000	0.000000000	0.000000000	0.000000000
-300.000000000	-200.000000000	1.134288127	117.544664668	0.000000000	0.000000000	0.000000000	0.000000000	0.000000000
-200.000000000	-200.000000000	1.380766662	117.544664668	0.000000000	0.000000000	0.000000000	0.000000000	0.000000000
-100.000000000	-200.000000000	1.603233235	117.544664668	0.000000000	0.000000000	0.000000000	0.000000000	0.000000000
0.000000000	-200.000000000	1.742838387	117.544664668	0.000000000	0.000000000	0.000000000	0.000000000	0.000000000
100.000000000	-200.000000000	1.645423076	117.544664668	0.000000000	0.000000000	0.000000000	0.000000000	0.000000000
200.000000000	-200.000000000	1.421315961	117.544664668	0.000000000	0.000000000	0.000000000	0.000000000	0.000000000
300.000000000	-200.000000000	1.187098619	117.544664668	0.000000000	0.000000000	0.000000000	0.000000000	0.000000000
400.000000000	-200.000000000	0.986136077	117.544664668	0.000000000	0.000000000	0.000000000	0.000000000	0.000000000
500.000000000	-200.000000000	0.827390747	117.544664668	0.000000000	0.000000000	0.000000000	0.000000000	0.000000000
600.000000000	-200.000000000	0.696735474	117.544664668	0.000000000	0.000000000	0.000000000	0.000000000	0.000000000
700.000000000	-200.000000000	0.597689535	117.544664668	0.000000000	0.000000000	0.000000000	0.000000000	0.000000000
800.000000000	-200.000000000	0.543795620	117.544664668	0.000000000	0.000000000	0.000000000	0.000000000	0.000000000
900.000000000	-200.000000000	0.494274270	117.544664668	0.000000000	0.000000000	0.000000000	0.000000000	0.000000000
1000.000000000	-200.000000000	0.460023079	117.544664668	0.000000000	0.000000000	0.000000000	0.000000000	0.000000000
-1000.000000000	-100.000000000	0.455238376	117.618718416	0.000000000	0.000000000	0.000000000	0.000000000	0.000000000
-900.000000000	-100.000000000	0.486163459	117.618718416	0.000000000	0.000000000	0.000000000	0.000000000	0.000000000
-800.000000000	-100.000000000	0.525923822	117.618718416	0.000000000	0.000000000	0.000000000	0.000000000	0.000000000
-700.000000000	-100.000000000	0.585639231	117.618718416	0.000000000	0.000000000	0.000000000	0.000000000	0.000000000
-600.000000000	-100.000000000	0.670009071	117.618718416	0.000000000	0.000000000	0.000000000	0.000000000	0.000000000
-500.000000000	-100.000000000	0.774754165	117.618718416	0.000000000	0.000000000	0.000000000	0.000000000	0.000000000
-400.000000000	-100.000000000	0.932784671	117.618718416	0.000000000	0.000000000	0.000000000	0.000000000	0.000000000
-300.000000000	-100.000000000	1.117646294	117.618718416	0.000000000	0.000000000	0.000000000	0.000000000	0.000000000
-200.000000000	-100.000000000	1.342567865	117.618718416	0.000000000	0.000000000	0.000000000	0.000000000	0.000000000
-100.000000000	-100.000000000	1.558604354	117.618718416	0.000000000	0.000000000	0.000000000	0.000000000	0.000000000
0.000000000	-100.000000000	1.715723928	117.618718416	0.000000000	0.000000000	0.000000000	0.000000000	0.000000000
100.000000000	-100.000000000	1.619867037	117.618718416	0.000000000	0.000000000	0.000000000	0.000000000	0.000000000
200.000000000	-100.000000000	1.395074107	117.618718416	0.000000000	0.000000000	0.000000000	0.000000000	0.000000000
300.000000000	-100.000000000	1.172916757	117.618718416	0.000000000	0.000000000	0.000000000	0.000000000	0.000000000
400.000000000	-100.000000000	0.971886603	117.618718416	0.000000000	0.000000000	0.000000000	0.000000000	0.000000000
500.000000000	-100.000000000	0.813289391	117.618718416	0.000000000	0.000000000	0.000000000	0.000000000	0.000000000
600.000000000	-100.000000000	0.688672958	117.618718416	0.000000000	0.000000000	0.000000000	0.000000000	0.000000000
700.000000000	-100.000000000	0.601342460	117.618718416	0.000000000	0.000000000	0.000000000	0.000000000	0.000000000
800.000000000	-100.000000000	0.537001729	117.618718416	0.000000000	0.000000000	0.000000000	0.000000000	0.000000000
900.000000000	-100.000000000	0.491482657	117.618718416	0.000000000	0.000000000	0.000000000	0.000000000	0.000000000
1000.000000000	-100.000000000	0.458104046	117.618718416	0.000000000	0.000000000	0.000000000	0.000000000	0.000000000
-1000.000000000	0.000000000	0.453300025	117.502336654	0.000000000	0.000000000	0.000000000	0.000000000	0.000000000
-900.000000000	0.000000000	0.484147831	117.502336654	0.000000000	0.000000000	0.000000000	0.000000000	0.000000000
-800.000000000	0.000000000	0.525548709	117.502336654	0.000000000	0.000000000	0.000000000	0.000000000	0.000000000
-700.000000000	0.000000000	0.583639702	117.502336654	0.000000000	0.000000000	0.000000000	0.000000000	0.000000000
-600.000000000	0.000000000	0.664528879	117.502336654	0.000000000	0.000000000	0.000000000	0.000000000	0.000000000
-500.000000000	0.000000000	0.787594946	117.502336654	0.000000000	0.000000000	0.000000000	0.000000000	0.000000000
-400.000000000	0.000000000	0.926955121	117.502336654	0.000000000	0.000000000	0.000000000	0.000000000	0.000000000
-300.000000000	0.000000000	1.110712332	117.502336654	0.000000000	0.000000000	0.000000000	0.000000000	0.000000000
-200.000000000	0.000000000	1.328661295	117.502336654	0.000000000	0.000000000	0.000000000	0.000000000	0.000000000
-100.000000000	0.000000000	1.548867496	117.502336654	0.000000000	0.000000000	0.000000000	0.000000000	0.000000000
0.000000000	0.000000000	1.709111941	117.502336654	0.000000000	0.000000000	0.000000000	0.000000000	0.000000000
100.000000000	0.000000000	1.609777603	117.502336654	0.000000000	0.000000000	0.000000000	0.000000000	0.000000000
200.000000000	0.000000000	1.391405077	117.502336654	0.000000000	0.000000000	0.000000000	0.000000000	0.000000000
300.000000000	0.000000000	1.171231161	117.502336654	0.000000000	0.000000000	0.000000000	0.000000000	0.000000000
400.000000000	0.000000000	0.966160089	117.502336654	0.000000000	0.000000000	0.000000000	0.000000000	0.000000000
500.000000000	0.000000000	0.807195815	117.502336654	0.000000000	0.000000000	0.000000000	0.000000000	0.000000000
600.000000000	0.000000000	0.689114078	117.502336654	0.000000000	0.000000000	0.000000000	0.000000000	0.000000000
700.000000000	0.000000000	0.598634562	117.502336654	0.000000000	0.000000000	0.000000000	0.000000000	0.000000000
800.000000000	0.000000000	0.538012763	117.502336654	0.000000000	0.000000000	0.000000000	0.000000000	0.000000000
900.000000000	0.000000000	0.490948162	117.502336654	0.000000000	0.000000000	0.000000000	0.000000000	0.000000000
1000.000000000	0.000000000	0.460745936	117.502336654	0.000000000	0.000000000	0.000000000	0.000000000	0.000000000
-1000.000000000	100.000000000	0.461135538	117.491753336	0.000000000	0.000000000	0.000000000	0.000000000	0.000000000
-900.000000000	100.000000000	0.485315028	117.491753336	0.000000000	0.000000000	0.000000000	0.000000000	0.000000000
-800.000000000	100.000000000	0.536483332	117.491753336	0.000000000	0.000000000	0.000000000	0.000000000	0.000000000
-700.000000000	100.000000000	0.593123782	117.491753336	0.000000000	0.000000000	0.000000000	0.000000000	0.000000000
-600.000000000	100.000000000	0.670612794	117.491753336	0.000000000	0.000000000	0.000000000	0.000000000	0.000000000
-500.000000000	100.000000000	0.789204874	117.491753336	0.000000000	0.000000000	0.000000000	0.000000000	0.000000000
-400.000000000	100.000000000	0.943392486	117.491753336	0.000000000	0.000000000	0.000000000	0.000000000	0.000000000
-300.000000000	100.000000000	1.134614942	117.491753336	0.000000000	0.000000000	0.000000000	0.000000000	0.000000000
-200.000000000	100.000000000	1.355133364	117.491753336	0.000000000	0.000000000	0.000000000	0.000000000	0.000000000
-100.000000000	100.000000000	1.568899859	117.491753336	0.000000000	0.000000000	0.000000000	0.000000000	0.000000000
0.000000000	100.000000000	1.734600370	117.491753336	0.000000000	0.000000000	0.000000000	0.000000000	0.000000000
100.000000000	100.000000000	1.640950689	117.491753336	0.000000000	0.000000000	0.000000000	0.000000000	0.000000000
200.000000000	100.000000000	1.417508476	117.491753336	0.000000000	0.000000000	0.000000000	0.000000000	0.000000000
300.000000000	100.000000000	1.191825369	117.491753336	0.000000000	0.000000000	0.000000000	0.000000000	0.000000000
400.000000000	100.000000000	0.986247162	117.491753336	0.000000000	0.000000000	0.000000000	0.000000000	0.000000000
500.000000000	100.000000000	0.831652226	117.491753336	0.000000000	0.000000000	0.000000000	0.000000000	0.000000000
600.000000000	100.000000000	0.706003825	117.491753336	0.000000000	0.000000000	0.000000000	0.000000000	0.000000000
700.000000000	100.000000000	0.610132661	117.491753336	0.000000000	0.000000000	0.000000000	0.000000000	0.000000000
800.000000000	100.000000000	0.549602626	117.491753336	0.000000000	0.000000000	0.000000000	0.000000000	0.000000000
900.000000000	100.000000000	0.500240659	117.491753336	0.000000000	0.000000000	0.000000000	0.000000000	0.000000000
1000.000000000	100.000000000	0.463552038	117.491753336	0.000000000	0.000000000	0.000000000	0.000000000	0.000000000
-1000.000000000	200.000000000	0.465664262	117.576405151	0.000000000	0.000000000	0.000000000	0.000000000	0.000000000
-900.000000000	200.000000000	0.491068906	117.576405151	0.000000000	0.000000000	0.000000000	0.000000000	0.000000000
-800.000000000	200.000000000	0.537763224	117.576405151	0.000000000	0.000000000	0.000000000	0.000000000	0.000000000
-700.000000000	200.000000000	0.605058171	117.576405151	0.000000000	0.000000000	0.000000000	0.000000000	0.000000000
-600.000000000	200.000000000	0.683967141	117.576405151	0.000000000	0.000000000	0.000000000	0.000000000	0.000000000
-500.000000000	200.000000000	0.804982165	117.576405151	0.000000000	0.000000000	0.000000000	0.000000000	0.000000000
-400.000000000	200.000000000	0.959184270	117.576405151	0.000000000	0.000000000	0.000000000	0.000000000	0.000000000
-300.000000000	200.000000000	1.131308151	117.576405151	0.000000000	0.000000000	0.000000000	0.000000000	0.000000000
-200.000000000	200.000000000	1.356326322	117.576405151	0.000000000	0.000000000	0.000000000	0.000000000	0.000000000
-100.000000000	200.000000000	1.588404164	117.576405151	0.000000000	0.000000000	0.000000000	0.000000000	0.000000000
0.000000000	200.000000000	1.711707150	117.576405151	0.000000000	0.000000000	0.000000000	0.000000000	0.000000000
100.000000000	200.000000000	1.619958803	117.576405151	0.000000000	0.000000000	0.000000000	0.000000000	0.000000000
200.000000000	200.000000000	1.431284645	117.576405151	0.000000000	0.000000000	0.000000000	0.000000000	0.000000000
300.000000000	200.000000000	1.212553205	117.576405151	0.000000000	0.000000000	0.000000000	0.000000000	0.000000000
400.000000000	200.000000000	0.942283280	117.576405151	0.000000000	0.000000000	0.000000000	0.000000000	0.000000000
500.000000000	200.000000000	0.832062757	117.576405151	0.000000000	0.000000000	0.000000000	0.000000000	0.000000000
600.000000000	200.000000000	0.720317689	117.576405151	0.000000000	0.000000000	0.000000000	0.000000000	0.000000000
700.000000000	200.000000000	0.619980585	117.576405151	0.000000000	0.000000000	0.000000000	0.000000000	0.000000000
800.000000000	200.000000000	0.550929206	117.576405151	0.000000000	0.000000000	0.000000000	0.000000000	0.000000000
900.000000000	200.000000000	0.506664267	117.576405151	0.000000000	0.000000000	0.000000000	0.000000000	0.000000000
1000.000000000	200.000000000	0.463796747	117.576405151	0.000000000	0.000000000	0.000000000	0.000000000	0.000000000
-1000.000000000	300.000000000	0.472136167	117.460000228	0.000000000	0.000000000	0.000000000	0.000000000	0.000000000
-900.000000000	300.000000000	0.501143828	117.460000228	0.000000000	0.000000000	0.000000000	0.000000000	0.000000000
-800.000000000	300.000000000	0.541767112	117.460000228	0.000000000	0.000000000	0.000000000	0.000000000	0.000000000
-700.000000000	300.000000000	0.613619763	117.460000228	0.000000000	0.000000000	0.000000000	0.000000000	0.000000000
-600.000000000	300.000000000	0.691884763	117.460000228	0.000000000	0.000000000	0.000000000	0.000000000	0.000000000
-500.000000000	300.000000000	0.806682248	117.460000228	0.000000000	0.000000000	0.000000000	0.000000000	0.000000000
-400.000000000	300.000000000	0.958535469	117.460000228	0.000000000	0.000000000	0.000000000	0.000000000	0.000000000
-300.000000000	300.000000000	1.164830084	117.460000228	0.000000000	0.000000000	0.000000000	0.000000000	0.000000000
-200.000000000	300.000000000	1.381264130	117.460000228	0.000000000	0.000000000	0.000000000	0.000000000	0.000000000
-100.000000000	300.000000000	1.585517560	117.460000228	0.000000000	0.000000000	0.000000000	0.000000000	0.000000000
0.000000000	300.000000000	1.697581615	117.460000228	0.000000000	0.000000000	0.000000000	0.000000000	0.000000000
100.000000000	300.000000000	1.629177265	117.460000228	0.000000000	0.000000000	0.000000000	0.000000000	0.000000000
200.000000000	300.000000000	1.442792425	117.460000228	0.000000000	0.000000000	0.000000000	0.000000000	0.000000000
300.000000000	300.000000000	1.244553763	117.460000228	0.000000000	0.000000000	0.000000000	0.000000000	0.000000000
400.000000000	300.000000000	0.983391160	117.460000228	0.000000000	0.000000000	0.000000000	0.000000000	0.000000000
500.000000000	300.000000000	0.872824517	117.460000228	0.000000000	0.000000000	0.000000000	0.000000000	0.000000000
600.000000000	300.000000000	0.729677807	117.460000228	0.000000000	0.000000000	0.000000000	0.000000000	0.000000000
700.000000000	300.000000000	0.633223846	117.460000228	0.000000000	0.000000000	0.000000000	0.000000000	0.000000000
800.000000000	300.000000000	0.568105517	117.460000228	0.000000000	0.000000000	0.000000000	0.000000000	0.000000000
900.000000000	300.000000000	0.511907799	117.460000228	0.000000000	0.000000000	0.000000000	0.000000000	0.000000000
1000.000000000	300.000000000	0.466845948	117.460000228	0.000000000	0.000000000	0.000000000	0.000000000	0.000000000
-1000.000000000	400.000000000	0.470571319	117.555245356	0.000000000	0.000000000	0.000000000	0.000000000	0.000000000
-900.000000000	400.000000000	0.509771426	117.555245356	0.000000000	0.000000000	0.000000000	0.000000000	0.000000000
-800.000000000	400.000000000	0.554207017	117.555245356	0.000000000	0.000000000	0.000000000	0.000000000	0.000000000
-700.000000000	400.000000000	0.633334931	117.555245356	0.000000000	0.000000000	0.000000000	0.000000000	0.000000000
-600.000000000	400.000000000	0.726398385	117.555245356	0.000000000	0.000000000	0.000000000	0.000000000	0.000000000
-500.000000000	400.000000000	0.832518367	117.555245356	0.000000000	0.000000000	0.000000000	0.000000000	0.000000000
-400.000000000	400.000000000	0.982816405	117.555245356	0.000000000	0.000000000	0.000000000	0.000000000	0.000000000
-300.000000000	400.000000000	1.215739253	117.555245356	0.000000000	0.000000000	0.000000000	0.000000000	0.000000000
-200.000000000	400.000000000	1.430017631	117.555245356	0.000000000	0.000000000	0.000000000	0.000000000	0.000000000
-100.000000000	400.000000000	1.616288162	117.555245356	0.000000000	0.000000000	0.000000000	0.000000000	0.000000000
0.000000000	400.000000000	1.718895492	117.555245356	0.000000000	0.000000000	0.000000000	0.000000000	0.000000000
100.000000000	400.000000000	1.657022627	117.555245356	0.000000000	0.000000000	0.000000000	0.000000000	0.000000000
200.000000000	400.000000000	1.492077209	117.555245356	0.000000000	0.000000000	0.000000000	0.000000000	0.000000000
300.000000000	400.000000000	1.282889395	117.555245356	0.000000000	0.000000000	0.000000000	0.000000000	0.000000000
400.000000000	400.000000000	1.070335326	117.555245356	0.000000000	0.000000000	0.000000000	0.000000000	0.000000000
500.000000000	400.000000000	0.883916950	117.555245356	0.000000000	0.000000000	0.000000000	0.000000000	0.000000000
600.000000000	400.000000000	0.741787681	117.555245356	0.000000000	0.000000000	0.000000000	0.000000000	0.000000000
700.000000000	400.000000000	0.645214583	117.555245356	0.000000000	0.000000000	0.000000000	0.000000000	0.000000000
800.000000000	400.000000000	0.565998122	117.555245356	0.000000000	0.000000000	0.000000000	0.000000000	0.000000000
900.000000000	400.000000000	0.514284051	117.555245356	0.000000000	0.000000000	0.000000000	0.000000000	0.000000000
1000.000000000	400.000000000	0.495254716	117.555245356	0.000000000	0.000000000	0.000000000	0.000000000	0.000000000
-1000.000000000	500.000000000	0.487298458	117.544664668	0.000000000	0.000000000	0.000000000	0.000000000	0.000000000
-900.000000000	500.000000000	0.528568932	117.544664668	0.000000000	0.000000000	0.000000000	0.000000000	0.000000000
-800.000000000	500.000000000	0.576047286	117.544664668	0.000000000	0.000000000	0.000000000	0.000000000	0.000000000
-700.000000000	500.000000000	0.650396938	117.544664668	0.000000000	0.000000000	0.000000000	0.000000000	0.000000000
-600.000000000	500.000000000	0.746899200	117.544664668	0.000000000	0.000000000	0.000000000	0.000000000	0.000000000
-500.000000000	500.000000000	0.884578600	117.544664668	0.000000000	0.000000000	0.000000000	0.000000000	0.000000000
-400.000000000	500.000000000	1.040915495	117.544664668	0.000000000	0.000000000	0.000000000	0.000000000	0.000000000
-300.000000000	500.000000000	1.235459274	117.544664668	0.000000000	0.000000000	0.000000000	0.000000000	0.000000000
-200.000000000	500.000000000	1.446770560	117.544664668	0.000000000	0.000000000	0.000000000	0.000000000	0.000000000
-100.000000000	500.000000000	1.618316674	117.544664668	0.000000000	0.000000000	0.000000000	0.000000000	0.000000000
0.000000000	500.000000000	1.710393446	117.544664668	0.000000000	0.000000000	0.000000000	0.000000000	0.000000000
100.000000000	500.000000000	1.678780842	117.544664668	0.000000000	0.000000000	0.000000000	0.000000000	0.000000000
200.000000000	500.000000000	1.490375512	117.544664668	0.000000000	0.000000000	0.000000000	0.000000000	0.000000000
300.000000000	500.000000000	1.263629812	117.544664668	0.000000000	0.000000000	0.000000000	0.000000000	0.000000000
400.000000000	500.000000000	0.985999277	117.544664668	0.000000000	0.000000000	0.000000000	0.000000000	0.000000000
500.000000000	500.000000000	0.921584402	117.544664668	0.000000000	0.000000000	0.000000000	0.000000000	0.000000000
600.000000000	500.000000000	0.774185861	117.544664668	0.000000000	0.000000000	0.000000000	0.000000000	0.000000000
700.000000000	500.000000000	0.678361374	117.544664668	0.000000000	0.000000000	0.000000000	0.000000000	0.000000000
800.000000000	500.000000000	0.604013329	117.544664668	0.000000000	0.000000000	0.000000000	0.000000000	0.000000000
900.000000000	500.000000000	0.533340755	117.544664668	0.000000000	0.000000000	0.000000000	0.000000000	0.000000000
1000.000000000	500.000000000	0.494750809	117.544664668	0.000000000	0.000000000	0.000000000	0.000000000	0.000000000
-1000.000000000	600.000000000	0.500968346	117.661023237	0.000000000	0.000000000	0.000000000	0.000000000	0.000000000
-900.000000000	600.000000000	0.545745242	117.661023237	0.000000000	0.000000000	0.000000000	0.000000000	0.000000000
-800.000000000	600.000000000	0.596730019	117.661023237	0.000000000	0.000000000	0.000000000	0.000000000	0.000000000
-700.000000000	600.000000000	0.695990077	117.661023237	0.000000000	0.000000000	0.000000000	0.000000000	0.000000000
-600.000000000	600.000000000	0.793553289	117.661023237	0.000000000	0.000000000	0.000000000	0.000000000	0.000000000
-500.000000000	600.000000000	0.919662148	117.661023237	0.000000000	0.000000000	0.000000000	0.000000000	0.000000000
-400.000000000	600.000000000	1.105827809	117.661023237	0.000000000	0.000000000	0.000000000	0.000000000	0.000000000
-300.000000000	600.000000000	1.296647851	117.661023237	0.000000000	0.000000000	0.000000000	0.000000000	0.000000000
-200.000000000	600.000000000	1.508187778	117.661023237	0.000000000	0.000000000	0.000000000	0.000000000	0.000000000
-100.000000000	600.000000000	1.659579197	117.661023237	0.000000000	0.000000000	0.000000000	0.000000000	0.000000000
0.000000000	600.000000000	1.737829892	117.661023237	0.000000000	0.000000000	0.000000000	0.000000000	0.000000000
100.000000000	600.000000000	1.693437652	117.661023237	0.000000000	0.000000000	0.000000000	0.000000000	0.000000000
200.000000000	600.000000000	1.563583867	117.661023237	0.000000000	0.000000000	0.000000000	0.000000000	0.000000000
300.000000000	600.000000000	1.278621583	117.661023237	0.000000000	0.000000000	0.000000000	0.000000000	0.000000000
400.000000000	600.000000000	1.135427956	117.661023237	0.000000000	0.000000000	0.000000000	0.000000000	0.000000000
500.000000000	600.000000000	0.969148115	117.661023237	0.000000000	0.000000000	0.000000000	0.000000000	0.000000000
600.000000000	600.000000000	0.830014929	117.661023237	0.000000000	0.000000000	0.000000000	0.000000000	0.000000000
700.000000000	600.000000000	0.729581211	117.661023237	0.000000000	0.000000000	0.000000000	0.000000000	0.000000000
800.000000000	600.000000000	0.635962332	117.661023237	0.000000000	0.000000000	0.000000000	0.000000000	0.000000000
900.000000000	600.000000000	0.554083053	117.661023237	0.000000000	0.000000000	0.000000000	0.000000000	0.000000000
1000.000000000	600.000000000	0.518778966	117.661023237	0.000000000	0.000000000	0.000000000	0.000000000	0.000000000
-1000.000000000	700.000000000	0.535126164	117.618718416	0.000000000	0.000000000	0.000000000	0.000000000	0.000000000
-900.000000000	700.000000000	0.564710181	117.618718416	0.000000000	0.000000000	0.000000000	0.000000000	0.000000000
-800.000000000	700.000000000	0.634885290	117.618718416	0.000000000	0.000000000	0.000000000	0.000000000	0.000000000
-700.000000000	700.000000000	0.704295692	117.618718416	0.000000000	0.000000000	0.000000000	0.000000000	0.000000000
-600.000000000	700.000000000	0.830652460	117.618718416	0.000000000	0.000000000	0.000000000	0.000000000	0.000000000
-500.000000000	700.000000000	0.951983062	117.618718416	0.000000000	0.000000000	0.000000000	0.000000000	0.000000000
-400.000000000	700.000000000	1.119980691	117.618718416	0.000000000	0.000000000	0.000000000	0.000000000	0.000000000
-300.000000000	700.000000000	1.340874218	117.618718416	0.000000000	0.000000000	0.000000000	0.000000000	0.000000000
-200.000000000	700.000000000	1.518380248	117.618718416	0.000000000	0.000000000	0.000000000	0.000000000	0.000000000
-100.000000000	700.000000000	1.673802936	117.618718416	0.000000000	0.000000000	0.000000000	0.000000000	0.000000000
0.000000000	700.000000000	1.737242267	117.618718416	0.000000000	0.000000000	0.000000000	0.000000000	0.000000000
100.000000000	700.000000000	1.707972109	117.618718416	0.000000000	0.000000000	0.000000000	0.000000000	0.000000000
200.000000000	700.000000000	1.573534847	117.618718416	0.000000000	0.000000000	0.000000000	0.000000000	0.000000000
300.000000000	700.000000000	1.355779091	117.618718416	0.000000000	0.000000000	0.000000000	0.000000000	0.000000000
400.000000000	700.000000000	1.172361331	117.618718416	0.000000000	0.000000000	0.000000000	0.000000000	0.000000000
500.000000000	700.000000000	1.010714851	117.618718416	0.000000000	0.000000000	0.000000000	0.000000000	0.000000000
600.000000000	700.000000000	0.835696364	117.618718416	0.000000000	0.000000000	0.000000000	0.000000000	0.000000000
700.000000000	700.000000000	0.750585934	117.618718416	0.000000000	0.000000000	0.000000000	0.000000000	0.000000000
800.000000000	700.000000000	0.660336629	117.618718416	0.000000000	0.000000000	0.000000000	0.000000000	0.000000000
900.000000000	700.000000000	0.602089466	117.618718416	0.000000000	0.000000000	0.000000000	0.000000000	0.000000000
1000.000000000	700.000000000	0.551932191	117.618718416	0.000000000	0.000000000	0.000000000	0.000000000	0.000000000
-1000.000000000	800.000000000	0.545325051	117.481169492	0.000000000	0.000000000	0.000000000	0.000000000	0.000000000
-900.000000000	800.000000000	0.600968957	117.481169492	0.000000000	0.000000000	0.000000000	0.000000000	0.000000000
-800.000000000	800.000000000	0.654993280	117.481169492	0.000000000	0.000000000	0.000000000	0.000000000	0.000000000
-700.000000000	800.000000000	0.724223373	117.481169492	0.000000000	0.000000000	0.000000000	0.000000000	0.000000000
-600.000000000	800.000000000	0.861707966	117.481169492	0.000000000	0.000000000	0.000000000	0.000000000	0.000000000
-500.000000000	800.000000000	1.009309383	117.481169492	0.000000000	0.000000000	0.000000000	0.000000000	0.000000000
-400.000000000	800.000000000	1.162730736	117.481169492	0.000000000	0.000000000	0.000000000	0.000000000	0.000000000
-300.000000000	800.000000000	1.321102675	117.481169492	0.000000000	0.000000000	0.000000000	0.000000000	0.000000000
-200.000000000	800.000000000	1.506568188	117.481169492	0.000000000	0.000000000	0.000000000	0.000000000	0.000000000
-100.000000000	800.000000000	1.649100157	117.481169492	0.000000000	0.000000000	0.000000000	0.000000000	0.000000000
0.000000000	800.000000000	1.709535352	117.481169492	0.000000000	0.000000000	0.000000000	0.000000000	0.000000000
100.000000000	800.000000000	1.687258738	117.481169492	0.000000000	0.000000000	0.000000000	0.000000000	0.000000000
200.000000000	800.000000000	1.537704238	117.481169492	0.000000000	0.000000000	0.000000000	0.000000000	0.000000000
300.000000000	800.000000000	1.395320425	117.481169492	0.000000000	0.000000000	0.000000000	0.000000000	0.000000000
400.000000000	800.000000000	1.175001614	117.481169492	0.000000000	0.000000000	0.000000000	0.000000000	0.000000000
500.000000000	800.000000000	1.057979125	117.481169492	0.000000000	0.000000000	0.000000000	0.000000000	0.000000000
600.000000000	800.000000000	0.896403520	117.481169492	0.000000000	0.000000000	0.000000000	0.000000000	0.000000000
700.000000000	800.000000000	0.760277697	117.481169492	0.000000000	0.000000000	0.000000000	0.000000000	0.000000000
800.000000000	800.000000000	0.655059288	117.481169492	0.000000000	0.000000000	0.000000000	0.000000000	0.000000000
900.000000000	800.000000000	0.594880213	117.481169492	0.000000000	0.000000000	0.000000000	0.000000000	0.000000000
1000.000000000	800.000000000	0.560437435	117.481169492	0.000000000	0.000000000	0.000000000	0.000000000	0.000000000
-1000.000000000	900.000000000	0.566603455	117.279976845	0.000000000	0.000000000	0.000000000	0.000000000	0.000000000
-900.000000000	900.000000000	0.594783617	117.279976845	0.000000000	0.000000000	0.000000000	0.000000000	0.000000000
-800.000000000	900.000000000	0.678820203	117.279976845	0.000000000	0.000000000	0.000000000	0.000000000	0.000000000
-700.000000000	900.000000000	0.747684845	117.279976845	0.000000000	0.000000000	0.000000000	0.000000000	0.000000000
-600.000000000	900.000000000	0.858093678	117.279976845	0.000000000	0.000000000	0.000000000	0.000000000	0.000000000
-500.000000000	900.000000000	1.011207488	117.279976845	0.000000000	0.000000000	0.000000000	0.000000000	0.000000000
-400.000000000	900.000000000	1.190798234	117.279976845	0.000000000	0.000000000	0.000000000	0.000000000	0.000000000
-300.000000000	900.000000000	1.324053676	117.279976845	0.000000000	0.000000000	0.000000000	0.000000000	0.000000000
-200.000000000	900.000000000	1.480595187	117.279976845	0.000000000	0.000000000	0.000000000	0.000000000	0.000000000
-100.000000000	900.000000000	1.608513806	117.279976845	0.000000000	0.000000000	0.000000000	0.000000000	0.000000000
0.000000000	900.000000000	1.661552972	117.279976845	0.000000000	0.000000000	0.000000000	0.000000000	0.000000000
100.000000000	900.000000000	1.633137694	117.279976845	0.000000000	0.000000000	0.000000000	0.000000000	0.000000000
200.000000000	900.000000000	1.390827268	117.279976845	0.000000000	0.000000000	0.000000000	0.000000000	0.000000000
300.000000000	900.000000000	1.401502555	117.279976845	0.000000000	0.000000000	0.000000000	0.000000000	0.000000000
400.000000000	900.000000000	1.223408956	117.279976845	0.000000000	0.000000000	0.000000000	0.000000000	0.000000000
500.000000000	900.000000000	1.102691668	117.279976845	0.000000000	0.000000000	0.000000000	0.000000000	0.000000000
600.000000000	900.000000000	0.912357905	117.279976845	0.000000000	0.000000000	0.000000000	0.000000000	0.000000000
700.000000000	900.000000000	0.830592893	117.279976845	0.000000000	0.000000000	0.000000000	0.000000000	0.000000000
800.000000000	900.000000000	0.714312660	117.279976845	0.000000000	0.000000000	0.000000000	0.000000000	0.000000000
900.000000000	900.000000000	0.617209901	117.279976845	0.000000000	0.000000000	0.000000000	0.000000000	0.000000000
1000.000000000	900.000000000	0.568462921	117.279976845	0.000000000	0.000000000	0.000000000	0.000000000	0.000000000
-1000.000000000	1000.000000000	0.576275896	117.523501713	0.000000000	0.000000000	0.000000000	0.000000000	0.000000000
-900.000000000	1000.000000000	0.618721622	117.523501713	0.000000000	0.000000000	0.000000000	0.000000000	0.000000000
-800.000000000	1000.000000000	0.714721582	117.523501713	0.000000000	0.000000000	0.000000000	0.000000000	0.000000000
-700.000000000	1000.000000000	0.813419795	117.523501713	0.000000000	0.000000000	0.000000000	0.000000000	0.000000000
-600.000000000	1000.000000000	0.937617674	117.523501713	0.000000000	0.000000000	0.000000000	0.000000000	0.000000000
-500.000000000	1000.000000000	1.042575330	117.523501713	0.000000000	0.000000000	0.000000000	0.000000000	0.000000000
-400.000000000	1000.000000000	1.198154001	117.523501713	0.000000000	0.000000000	0.000000000	0.000000000	0.000000000
-300.000000000	1000.000000000	1.405747939	117.523501713	0.000000000	0.000000000	0.000000000	0.000000000	0.000000000
-200.000000000	1000.000000000	1.543504816	117.523501713	0.000000000	0.000000000	0.000000000	0.000000000	0.000000000
-100.000000000	1000.000000000	1.650120853	117.523501713	0.000000000	0.000000000	0.000000000	0.000000000	0.000000000
0.000000000	1000.000000000	1.698814822	117.523501713	0.000000000	0.000000000	0.000000000	0.000000000	0.000000000
100.000000000	1000.000000000	1.703709012	117.523501713	0.000000000	0.000000000	0.000000000	0.000000000	0.000000000
200.000000000	1000.000000000	1.616003204	117.523501713	0.000000000	0.000000000	0.000000000	0.000000000	0.000000000
300.000000000	1000.000000000	1.492643903	117.523501713	0.000000000	0.000000000	0.000000000	0.000000000	0.000000000
400.000000000	1000.000000000	1.295015382	117.523501713	0.000000000	0.000000000	0.000000000	0.000000000	0.000000000
500.000000000	1000.000000000	1.115414933	117.523501713	0.000000000	0.000000000	0.000000000	0.000000000	0.000000000
600.000000000	1000.000000000	0.972904078	117.523501713	0.000000000	0.000000000	0.000000000	0.000000000	0.000000000
700.000000000	1000.000000000	0.829577029	117.523501713	0.000000000	0.000000000	0.000000000	0.000000000	0.000000000
800.000000000	1000.000000000	0.729798551	117.523501713	0.000000000	0.000000000	0.000000000	0.000000000	0.000000000
900.000000000	1000.000000000	0.654680955	117.523501713	0.000000000	0.000000000	0.000000000	0.000000000	0.000000000
1000.000000000	1000.000000000	0.585244799	117.523501713	0.000000000	0.000000000	0.000000000	0.000000000	0.000000000
