Set Temp (deg C)	117.000000	Laser Power (uW)	712.000000	Laser Detuning (GHz)	7.000000
X  Field (nT)	Z  Field (nT)	Photodiode Voltage (V)	Temperature (C) 2D	Y  Field (nT)	Photodiode Voltage (V)	Temperature (C) 1D	Frequency (Hz)	Photodiode Voltage (V)		
-1000.000000000	-1000.000000000	2.811546481	105.008426064	-1000.000000000	NaN	105.008426064	0.000000000	0.000000000
-900.000000000	-1000.000000000	2.870330137	105.008426064	-960.000000000	NaN	105.008426064	0.000000000	0.000000000
-800.000000000	-1000.000000000	2.933132214	105.008426064	-920.000000000	NaN	105.008426064	0.000000000	0.000000000
-700.000000000	-1000.000000000	2.995052063	105.008426064	-880.000000000	NaN	105.008426064	0.000000000	0.000000000
-600.000000000	-1000.000000000	3.052951911	105.008426064	-840.000000000	NaN	105.008426064	0.000000000	0.000000000
-500.000000000	-1000.000000000	3.105753095	105.008426064	-800.000000000	NaN	105.008426064	0.000000000	0.000000000
-400.000000000	-1000.000000000	3.155484137	105.008426064	-760.000000000	NaN	105.008426064	0.000000000	0.000000000
-300.000000000	-1000.000000000	3.196204354	105.008426064	-720.000000000	NaN	105.008426064	0.000000000	0.000000000
-200.000000000	-1000.000000000	3.227099112	105.008426064	-680.000000000	NaN	105.008426064	0.000000000	0.000000000
-100.000000000	-1000.000000000	3.249549735	105.008426064	-640.000000000	NaN	105.008426064	0.000000000	0.000000000
0.000000000	-1000.000000000	3.257538261	105.008426064	-600.000000000	NaN	105.008426064	0.000000000	0.000000000
100.000000000	-1000.000000000	3.253894965	105.008426064	-560.000000000	NaN	105.008426064	0.000000000	0.000000000
200.000000000	-1000.000000000	3.237133872	105.008426064	-520.000000000	NaN	105.008426064	0.000000000	0.000000000
300.000000000	-1000.000000000	3.210106190	105.008426064	-480.000000000	NaN	105.008426064	0.000000000	0.000000000
400.000000000	-1000.000000000	3.172876320	105.008426064	-440.000000000	NaN	105.008426064	0.000000000	0.000000000
500.000000000	-1000.000000000	3.129151959	105.008426064	-400.000000000	NaN	105.008426064	0.000000000	0.000000000
600.000000000	-1000.000000000	3.078664252	105.008426064	-360.000000000	NaN	105.008426064	0.000000000	0.000000000
700.000000000	-1000.000000000	3.021337536	105.008426064	-320.000000000	NaN	105.008426064	0.000000000	0.000000000
800.000000000	-1000.000000000	2.966044187	105.008426064	-280.000000000	NaN	105.008426064	0.000000000	0.000000000
900.000000000	-1000.000000000	2.907997858	105.008426064	-240.000000000	NaN	105.008426064	0.000000000	0.000000000
1000.000000000	-1000.000000000	2.850017551	105.008426064	-200.000000000	NaN	105.008426064	0.000000000	0.000000000
-1000.000000000	-900.000000000	2.860414530	104.166416287	-160.000000000	NaN	105.008426064	0.000000000	0.000000000
-900.000000000	-900.000000000	2.915619306	104.166416287	-120.000000000	NaN	105.008426064	0.000000000	0.000000000
-800.000000000	-900.000000000	2.982046977	104.166416287	-80.000000000	NaN	105.008426064	0.000000000	0.000000000
-700.000000000	-900.000000000	3.043649682	104.166416287	-40.000000000	NaN	105.008426064	0.000000000	0.000000000
-600.000000000	-900.000000000	3.106327843	104.166416287	0.000000000	NaN	105.008426064	0.000000000	0.000000000
-500.000000000	-900.000000000	3.162926890	104.166416287	40.000000000	NaN	105.008426064	0.000000000	0.000000000
-400.000000000	-900.000000000	3.214197049	104.166416287	80.000000000	NaN	105.008426064	0.000000000	0.000000000
-300.000000000	-900.000000000	3.260334729	104.166416287	120.000000000	NaN	105.008426064	0.000000000	0.000000000
-200.000000000	-900.000000000	3.295740551	104.166416287	160.000000000	NaN	105.008426064	0.000000000	0.000000000
-100.000000000	-900.000000000	3.318930145	104.166416287	200.000000000	NaN	105.008426064	0.000000000	0.000000000
0.000000000	-900.000000000	3.328179258	104.166416287	240.000000000	NaN	105.008426064	0.000000000	0.000000000
100.000000000	-900.000000000	3.323661762	104.166416287	280.000000000	NaN	105.008426064	0.000000000	0.000000000
200.000000000	-900.000000000	3.305765655	104.166416287	320.000000000	NaN	105.008426064	0.000000000	0.000000000
300.000000000	-900.000000000	3.276218406	104.166416287	360.000000000	NaN	105.008426064	0.000000000	0.000000000
400.000000000	-900.000000000	3.236164688	104.166416287	400.000000000	NaN	105.008426064	0.000000000	0.000000000
500.000000000	-900.000000000	3.188003318	104.166416287	440.000000000	NaN	105.008426064	0.000000000	0.000000000
600.000000000	-900.000000000	3.134065496	104.166416287	480.000000000	NaN	105.008426064	0.000000000	0.000000000
700.000000000	-900.000000000	3.077559834	104.166416287	520.000000000	NaN	105.008426064	0.000000000	0.000000000
800.000000000	-900.000000000	3.017191943	104.166416287	560.000000000	NaN	105.008426064	0.000000000	0.000000000
900.000000000	-900.000000000	2.953947109	104.166416287	600.000000000	NaN	105.008426064	0.000000000	0.000000000
1000.000000000	-900.000000000	2.895396872	104.166416287	640.000000000	NaN	105.008426064	0.000000000	0.000000000
-1000.000000000	-800.000000000	2.892234953	103.267099020	680.000000000	NaN	105.008426064	0.000000000	0.000000000
-900.000000000	-800.000000000	2.948634311	103.267099020	720.000000000	NaN	105.008426064	0.000000000	0.000000000
-800.000000000	-800.000000000	3.014477586	103.267099020	760.000000000	NaN	105.008426064	0.000000000	0.000000000
-700.000000000	-800.000000000	3.080411036	103.267099020	800.000000000	NaN	105.008426064	0.000000000	0.000000000
-600.000000000	-800.000000000	3.147522984	103.267099020	840.000000000	NaN	105.008426064	0.000000000	0.000000000
-500.000000000	-800.000000000	3.206928167	103.267099020	880.000000000	NaN	105.008426064	0.000000000	0.000000000
-400.000000000	-800.000000000	3.264419149	103.267099020	920.000000000	NaN	105.008426064	0.000000000	0.000000000
-300.000000000	-800.000000000	3.312376074	103.267099020	960.000000000	NaN	105.008426064	0.000000000	0.000000000
-200.000000000	-800.000000000	3.351227180	103.267099020	1000.000000000	NaN	105.008426064	0.000000000	0.000000000
-100.000000000	-800.000000000	3.377770289	103.267099020	0.000000000	0.000000000	0.000000000	0.000000000	0.000000000
0.000000000	-800.000000000	3.385990652	103.267099020	0.000000000	0.000000000	0.000000000	0.000000000	0.000000000
100.000000000	-800.000000000	3.381376559	103.267099020	0.000000000	0.000000000	0.000000000	0.000000000	0.000000000
200.000000000	-800.000000000	3.361184669	103.267099020	0.000000000	0.000000000	0.000000000	0.000000000	0.000000000
300.000000000	-800.000000000	3.326538728	103.267099020	0.000000000	0.000000000	0.000000000	0.000000000	0.000000000
400.000000000	-800.000000000	3.283239359	103.267099020	0.000000000	0.000000000	0.000000000	0.000000000	0.000000000
500.000000000	-800.000000000	3.229512413	103.267099020	0.000000000	0.000000000	0.000000000	0.000000000	0.000000000
600.000000000	-800.000000000	3.173847114	103.267099020	0.000000000	0.000000000	0.000000000	0.000000000	0.000000000
700.000000000	-800.000000000	3.109929279	103.267099020	0.000000000	0.000000000	0.000000000	0.000000000	0.000000000
800.000000000	-800.000000000	3.045906816	103.267099020	0.000000000	0.000000000	0.000000000	0.000000000	0.000000000
900.000000000	-800.000000000	2.985688659	103.267099020	0.000000000	0.000000000	0.000000000	0.000000000	0.000000000
1000.000000000	-800.000000000	2.923229484	103.267099020	0.000000000	0.000000000	0.000000000	0.000000000	0.000000000
-1000.000000000	-700.000000000	2.919125751	102.443856729	0.000000000	0.000000000	0.000000000	0.000000000	0.000000000
-900.000000000	-700.000000000	2.978716014	102.443856729	0.000000000	0.000000000	0.000000000	0.000000000	0.000000000
-800.000000000	-700.000000000	3.042799634	102.443856729	0.000000000	0.000000000	0.000000000	0.000000000	0.000000000
-700.000000000	-700.000000000	3.111795199	102.443856729	0.000000000	0.000000000	0.000000000	0.000000000	0.000000000
-600.000000000	-700.000000000	3.180711899	102.443856729	0.000000000	0.000000000	0.000000000	0.000000000	0.000000000
-500.000000000	-700.000000000	3.244840659	102.443856729	0.000000000	0.000000000	0.000000000	0.000000000	0.000000000
-400.000000000	-700.000000000	3.305778535	102.443856729	0.000000000	0.000000000	0.000000000	0.000000000	0.000000000
-300.000000000	-700.000000000	3.360658219	102.443856729	0.000000000	0.000000000	0.000000000	0.000000000	0.000000000
-200.000000000	-700.000000000	3.402119051	102.443856729	0.000000000	0.000000000	0.000000000	0.000000000	0.000000000
-100.000000000	-700.000000000	3.429864793	102.443856729	0.000000000	0.000000000	0.000000000	0.000000000	0.000000000
0.000000000	-700.000000000	3.440672336	102.443856729	0.000000000	0.000000000	0.000000000	0.000000000	0.000000000
100.000000000	-700.000000000	3.433897699	102.443856729	0.000000000	0.000000000	0.000000000	0.000000000	0.000000000
200.000000000	-700.000000000	3.409953029	102.443856729	0.000000000	0.000000000	0.000000000	0.000000000	0.000000000
300.000000000	-700.000000000	3.373128827	102.443856729	0.000000000	0.000000000	0.000000000	0.000000000	0.000000000
400.000000000	-700.000000000	3.322317461	102.443856729	0.000000000	0.000000000	0.000000000	0.000000000	0.000000000
500.000000000	-700.000000000	3.262641774	102.443856729	0.000000000	0.000000000	0.000000000	0.000000000	0.000000000
600.000000000	-700.000000000	3.204893203	102.443856729	0.000000000	0.000000000	0.000000000	0.000000000	0.000000000
700.000000000	-700.000000000	3.139320340	102.443856729	0.000000000	0.000000000	0.000000000	0.000000000	0.000000000
800.000000000	-700.000000000	3.072172976	102.443856729	0.000000000	0.000000000	0.000000000	0.000000000	0.000000000
900.000000000	-700.000000000	3.012944924	102.443856729	0.000000000	0.000000000	0.000000000	0.000000000	0.000000000
1000.000000000	-700.000000000	2.949635693	102.443856729	0.000000000	0.000000000	0.000000000	0.000000000	0.000000000
-1000.000000000	-600.000000000	2.934038610	101.663738601	0.000000000	0.000000000	0.000000000	0.000000000	0.000000000
-900.000000000	-600.000000000	2.994953857	101.663738601	0.000000000	0.000000000	0.000000000	0.000000000	0.000000000
-800.000000000	-600.000000000	3.066325676	101.663738601	0.000000000	0.000000000	0.000000000	0.000000000	0.000000000
-700.000000000	-600.000000000	3.133571244	101.663738601	0.000000000	0.000000000	0.000000000	0.000000000	0.000000000
-600.000000000	-600.000000000	3.204093063	101.663738601	0.000000000	0.000000000	0.000000000	0.000000000	0.000000000
-500.000000000	-600.000000000	3.272700685	101.663738601	0.000000000	0.000000000	0.000000000	0.000000000	0.000000000
-400.000000000	-600.000000000	3.340601566	101.663738601	0.000000000	0.000000000	0.000000000	0.000000000	0.000000000
-300.000000000	-600.000000000	3.397783477	101.663738601	0.000000000	0.000000000	0.000000000	0.000000000	0.000000000
-200.000000000	-600.000000000	3.444869456	101.663738601	0.000000000	0.000000000	0.000000000	0.000000000	0.000000000
-100.000000000	-600.000000000	3.475959055	101.663738601	0.000000000	0.000000000	0.000000000	0.000000000	0.000000000
0.000000000	-600.000000000	3.488070654	101.663738601	0.000000000	0.000000000	0.000000000	0.000000000	0.000000000
100.000000000	-600.000000000	3.481069013	101.663738601	0.000000000	0.000000000	0.000000000	0.000000000	0.000000000
200.000000000	-600.000000000	3.453843275	101.663738601	0.000000000	0.000000000	0.000000000	0.000000000	0.000000000
300.000000000	-600.000000000	3.411603219	101.663738601	0.000000000	0.000000000	0.000000000	0.000000000	0.000000000
400.000000000	-600.000000000	3.357766763	101.663738601	0.000000000	0.000000000	0.000000000	0.000000000	0.000000000
500.000000000	-600.000000000	3.286485000	101.663738601	0.000000000	0.000000000	0.000000000	0.000000000	0.000000000
600.000000000	-600.000000000	3.224893494	101.663738601	0.000000000	0.000000000	0.000000000	0.000000000	0.000000000
700.000000000	-600.000000000	3.156348675	101.663738601	0.000000000	0.000000000	0.000000000	0.000000000	0.000000000
800.000000000	-600.000000000	3.092570910	101.663738601	0.000000000	0.000000000	0.000000000	0.000000000	0.000000000
900.000000000	-600.000000000	3.024095361	101.663738601	0.000000000	0.000000000	0.000000000	0.000000000	0.000000000
1000.000000000	-600.000000000	2.963790273	101.663738601	0.000000000	0.000000000	0.000000000	0.000000000	0.000000000
-1000.000000000	-500.000000000	2.945564159	100.703571250	0.000000000	0.000000000	0.000000000	0.000000000	0.000000000
-900.000000000	-500.000000000	3.006820716	100.703571250	0.000000000	0.000000000	0.000000000	0.000000000	0.000000000
-800.000000000	-500.000000000	3.076585820	100.703571250	0.000000000	0.000000000	0.000000000	0.000000000	0.000000000
-700.000000000	-500.000000000	3.143089209	100.703571250	0.000000000	0.000000000	0.000000000	0.000000000	0.000000000
-600.000000000	-500.000000000	3.216304461	100.703571250	0.000000000	0.000000000	0.000000000	0.000000000	0.000000000
-500.000000000	-500.000000000	3.286113104	100.703571250	0.000000000	0.000000000	0.000000000	0.000000000	0.000000000
-400.000000000	-500.000000000	3.358500897	100.703571250	0.000000000	0.000000000	0.000000000	0.000000000	0.000000000
-300.000000000	-500.000000000	3.422043694	100.703571250	0.000000000	0.000000000	0.000000000	0.000000000	0.000000000
-200.000000000	-500.000000000	3.474766088	100.703571250	0.000000000	0.000000000	0.000000000	0.000000000	0.000000000
-100.000000000	-500.000000000	3.513480382	100.703571250	0.000000000	0.000000000	0.000000000	0.000000000	0.000000000
0.000000000	-500.000000000	3.529560492	100.703571250	0.000000000	0.000000000	0.000000000	0.000000000	0.000000000
100.000000000	-500.000000000	3.521844035	100.703571250	0.000000000	0.000000000	0.000000000	0.000000000	0.000000000
200.000000000	-500.000000000	3.485077770	100.703571250	0.000000000	0.000000000	0.000000000	0.000000000	0.000000000
300.000000000	-500.000000000	3.435142184	100.703571250	0.000000000	0.000000000	0.000000000	0.000000000	0.000000000
400.000000000	-500.000000000	3.376661039	100.703571250	0.000000000	0.000000000	0.000000000	0.000000000	0.000000000
500.000000000	-500.000000000	3.309054765	100.703571250	0.000000000	0.000000000	0.000000000	0.000000000	0.000000000
600.000000000	-500.000000000	3.237333505	100.703571250	0.000000000	0.000000000	0.000000000	0.000000000	0.000000000
700.000000000	-500.000000000	3.168973825	100.703571250	0.000000000	0.000000000	0.000000000	0.000000000	0.000000000
800.000000000	-500.000000000	3.099070236	100.703571250	0.000000000	0.000000000	0.000000000	0.000000000	0.000000000
900.000000000	-500.000000000	3.033537654	100.703571250	0.000000000	0.000000000	0.000000000	0.000000000	0.000000000
1000.000000000	-500.000000000	2.972830078	100.703571250	0.000000000	0.000000000	0.000000000	0.000000000	0.000000000
-1000.000000000	-400.000000000	2.945089227	99.931893505	0.000000000	0.000000000	0.000000000	0.000000000	0.000000000
-900.000000000	-400.000000000	3.000382570	99.931893505	0.000000000	0.000000000	0.000000000	0.000000000	0.000000000
-800.000000000	-400.000000000	3.067087178	99.931893505	0.000000000	0.000000000	0.000000000	0.000000000	0.000000000
-700.000000000	-400.000000000	3.141326325	99.931893505	0.000000000	0.000000000	0.000000000	0.000000000	0.000000000
-600.000000000	-400.000000000	3.216426816	99.931893505	0.000000000	0.000000000	0.000000000	0.000000000	0.000000000
-500.000000000	-400.000000000	3.290477654	99.931893505	0.000000000	0.000000000	0.000000000	0.000000000	0.000000000
-400.000000000	-400.000000000	3.367677564	99.931893505	0.000000000	0.000000000	0.000000000	0.000000000	0.000000000
-300.000000000	-400.000000000	3.438059400	99.931893505	0.000000000	0.000000000	0.000000000	0.000000000	0.000000000
-200.000000000	-400.000000000	3.495011117	99.931893505	0.000000000	0.000000000	0.000000000	0.000000000	0.000000000
-100.000000000	-400.000000000	3.540720618	99.931893505	0.000000000	0.000000000	0.000000000	0.000000000	0.000000000
0.000000000	-400.000000000	3.558080636	99.931893505	0.000000000	0.000000000	0.000000000	0.000000000	0.000000000
100.000000000	-400.000000000	3.546337710	99.931893505	0.000000000	0.000000000	0.000000000	0.000000000	0.000000000
200.000000000	-400.000000000	3.509727605	99.931893505	0.000000000	0.000000000	0.000000000	0.000000000	0.000000000
300.000000000	-400.000000000	3.451573256	99.931893505	0.000000000	0.000000000	0.000000000	0.000000000	0.000000000
400.000000000	-400.000000000	3.382286176	99.931893505	0.000000000	0.000000000	0.000000000	0.000000000	0.000000000
500.000000000	-400.000000000	3.311878602	99.931893505	0.000000000	0.000000000	0.000000000	0.000000000	0.000000000
600.000000000	-400.000000000	3.238798551	99.931893505	0.000000000	0.000000000	0.000000000	0.000000000	0.000000000
700.000000000	-400.000000000	3.163934713	99.931893505	0.000000000	0.000000000	0.000000000	0.000000000	0.000000000
800.000000000	-400.000000000	3.092892898	99.931893505	0.000000000	0.000000000	0.000000000	0.000000000	0.000000000
900.000000000	-400.000000000	3.028727156	99.931893505	0.000000000	0.000000000	0.000000000	0.000000000	0.000000000
1000.000000000	-400.000000000	2.969710017	99.931893505	0.000000000	0.000000000	0.000000000	0.000000000	0.000000000
-1000.000000000	-300.000000000	2.938781488	99.136698429	0.000000000	0.000000000	0.000000000	0.000000000	0.000000000
-900.000000000	-300.000000000	2.991469949	99.136698429	0.000000000	0.000000000	0.000000000	0.000000000	0.000000000
-800.000000000	-300.000000000	3.053983882	99.136698429	0.000000000	0.000000000	0.000000000	0.000000000	0.000000000
-700.000000000	-300.000000000	3.129852283	99.136698429	0.000000000	0.000000000	0.000000000	0.000000000	0.000000000
-600.000000000	-300.000000000	3.205773840	99.136698429	0.000000000	0.000000000	0.000000000	0.000000000	0.000000000
-500.000000000	-300.000000000	3.282073762	99.136698429	0.000000000	0.000000000	0.000000000	0.000000000	0.000000000
-400.000000000	-300.000000000	3.362074968	99.136698429	0.000000000	0.000000000	0.000000000	0.000000000	0.000000000
-300.000000000	-300.000000000	3.438197855	99.136698429	0.000000000	0.000000000	0.000000000	0.000000000	0.000000000
-200.000000000	-300.000000000	3.510775678	99.136698429	0.000000000	0.000000000	0.000000000	0.000000000	0.000000000
-100.000000000	-300.000000000	3.566104594	99.136698429	0.000000000	0.000000000	0.000000000	0.000000000	0.000000000
0.000000000	-300.000000000	3.585470604	99.136698429	0.000000000	0.000000000	0.000000000	0.000000000	0.000000000
100.000000000	-300.000000000	3.570853927	99.136698429	0.000000000	0.000000000	0.000000000	0.000000000	0.000000000
200.000000000	-300.000000000	3.525617742	99.136698429	0.000000000	0.000000000	0.000000000	0.000000000	0.000000000
300.000000000	-300.000000000	3.456457821	99.136698429	0.000000000	0.000000000	0.000000000	0.000000000	0.000000000
400.000000000	-300.000000000	3.381378169	99.136698429	0.000000000	0.000000000	0.000000000	0.000000000	0.000000000
500.000000000	-300.000000000	3.296341059	99.136698429	0.000000000	0.000000000	0.000000000	0.000000000	0.000000000
600.000000000	-300.000000000	3.223251355	99.136698429	0.000000000	0.000000000	0.000000000	0.000000000	0.000000000
700.000000000	-300.000000000	3.150663977	99.136698429	0.000000000	0.000000000	0.000000000	0.000000000	0.000000000
800.000000000	-300.000000000	3.080828011	99.136698429	0.000000000	0.000000000	0.000000000	0.000000000	0.000000000
900.000000000	-300.000000000	3.017660435	99.136698429	0.000000000	0.000000000	0.000000000	0.000000000	0.000000000
1000.000000000	-300.000000000	2.958768875	99.136698429	0.000000000	0.000000000	0.000000000	0.000000000	0.000000000
-1000.000000000	-200.000000000	2.925501106	98.418957150	0.000000000	0.000000000	0.000000000	0.000000000	0.000000000
-900.000000000	-200.000000000	2.975401150	98.418957150	0.000000000	0.000000000	0.000000000	0.000000000	0.000000000
-800.000000000	-200.000000000	3.036641617	98.418957150	0.000000000	0.000000000	0.000000000	0.000000000	0.000000000
-700.000000000	-200.000000000	3.099546778	98.418957150	0.000000000	0.000000000	0.000000000	0.000000000	0.000000000
-600.000000000	-200.000000000	3.154323372	98.418957150	0.000000000	0.000000000	0.000000000	0.000000000	0.000000000
-500.000000000	-200.000000000	3.255282735	98.418957150	0.000000000	0.000000000	0.000000000	0.000000000	0.000000000
-400.000000000	-200.000000000	3.338432975	98.418957150	0.000000000	0.000000000	0.000000000	0.000000000	0.000000000
-300.000000000	-200.000000000	3.421765175	98.418957150	0.000000000	0.000000000	0.000000000	0.000000000	0.000000000
-200.000000000	-200.000000000	3.501830835	98.418957150	0.000000000	0.000000000	0.000000000	0.000000000	0.000000000
-100.000000000	-200.000000000	3.570834608	98.418957150	0.000000000	0.000000000	0.000000000	0.000000000	0.000000000
0.000000000	-200.000000000	3.601050028	98.418957150	0.000000000	0.000000000	0.000000000	0.000000000	0.000000000
100.000000000	-200.000000000	3.580070853	98.418957150	0.000000000	0.000000000	0.000000000	0.000000000	0.000000000
200.000000000	-200.000000000	3.521283776	98.418957150	0.000000000	0.000000000	0.000000000	0.000000000	0.000000000
300.000000000	-200.000000000	3.444167521	98.418957150	0.000000000	0.000000000	0.000000000	0.000000000	0.000000000
400.000000000	-200.000000000	3.358117731	98.418957150	0.000000000	0.000000000	0.000000000	0.000000000	0.000000000
500.000000000	-200.000000000	3.278481983	98.418957150	0.000000000	0.000000000	0.000000000	0.000000000	0.000000000
600.000000000	-200.000000000	3.192285760	98.418957150	0.000000000	0.000000000	0.000000000	0.000000000	0.000000000
700.000000000	-200.000000000	3.123179083	98.418957150	0.000000000	0.000000000	0.000000000	0.000000000	0.000000000
800.000000000	-200.000000000	3.051789535	98.418957150	0.000000000	0.000000000	0.000000000	0.000000000	0.000000000
900.000000000	-200.000000000	2.993591849	98.418957150	0.000000000	0.000000000	0.000000000	0.000000000	0.000000000
1000.000000000	-200.000000000	2.930739846	98.418957150	0.000000000	0.000000000	0.000000000	0.000000000	0.000000000
-1000.000000000	-100.000000000	2.899312241	97.700368913	0.000000000	0.000000000	0.000000000	0.000000000	0.000000000
-900.000000000	-100.000000000	2.948236657	97.700368913	0.000000000	0.000000000	0.000000000	0.000000000	0.000000000
-800.000000000	-100.000000000	2.999215365	97.700368913	0.000000000	0.000000000	0.000000000	0.000000000	0.000000000
-700.000000000	-100.000000000	3.050569204	97.700368913	0.000000000	0.000000000	0.000000000	0.000000000	0.000000000
-600.000000000	-100.000000000	3.132664848	97.700368913	0.000000000	0.000000000	0.000000000	0.000000000	0.000000000
-500.000000000	-100.000000000	3.189307370	97.700368913	0.000000000	0.000000000	0.000000000	0.000000000	0.000000000
-400.000000000	-100.000000000	3.290480874	97.700368913	0.000000000	0.000000000	0.000000000	0.000000000	0.000000000
-300.000000000	-100.000000000	3.368959079	97.700368913	0.000000000	0.000000000	0.000000000	0.000000000	0.000000000
-200.000000000	-100.000000000	3.469231106	97.700368913	0.000000000	0.000000000	0.000000000	0.000000000	0.000000000
-100.000000000	-100.000000000	3.543420493	97.700368913	0.000000000	0.000000000	0.000000000	0.000000000	0.000000000
0.000000000	-100.000000000	3.599964926	97.700368913	0.000000000	0.000000000	0.000000000	0.000000000	0.000000000
100.000000000	-100.000000000	3.562792941	97.700368913	0.000000000	0.000000000	0.000000000	0.000000000	0.000000000
200.000000000	-100.000000000	3.484364566	97.700368913	0.000000000	0.000000000	0.000000000	0.000000000	0.000000000
300.000000000	-100.000000000	3.393547720	97.700368913	0.000000000	0.000000000	0.000000000	0.000000000	0.000000000
400.000000000	-100.000000000	3.302249544	97.700368913	0.000000000	0.000000000	0.000000000	0.000000000	0.000000000
500.000000000	-100.000000000	3.202603868	97.700368913	0.000000000	0.000000000	0.000000000	0.000000000	0.000000000
600.000000000	-100.000000000	3.130596076	97.700368913	0.000000000	0.000000000	0.000000000	0.000000000	0.000000000
700.000000000	-100.000000000	3.049830239	97.700368913	0.000000000	0.000000000	0.000000000	0.000000000	0.000000000
800.000000000	-100.000000000	2.988190504	97.700368913	0.000000000	0.000000000	0.000000000	0.000000000	0.000000000
900.000000000	-100.000000000	2.931882902	97.700368913	0.000000000	0.000000000	0.000000000	0.000000000	0.000000000
1000.000000000	-100.000000000	2.875572095	97.700368913	0.000000000	0.000000000	0.000000000	0.000000000	0.000000000
-1000.000000000	0.000000000	2.823493828	97.025965891	0.000000000	0.000000000	0.000000000	0.000000000	0.000000000
-900.000000000	0.000000000	2.863731002	97.025965891	0.000000000	0.000000000	0.000000000	0.000000000	0.000000000
-800.000000000	0.000000000	2.928492372	97.025965891	0.000000000	0.000000000	0.000000000	0.000000000	0.000000000
-700.000000000	0.000000000	2.978727285	97.025965891	0.000000000	0.000000000	0.000000000	0.000000000	0.000000000
-600.000000000	0.000000000	3.057421102	97.025965891	0.000000000	0.000000000	0.000000000	0.000000000	0.000000000
-500.000000000	0.000000000	3.130726481	97.025965891	0.000000000	0.000000000	0.000000000	0.000000000	0.000000000
-400.000000000	0.000000000	3.198806018	97.025965891	0.000000000	0.000000000	0.000000000	0.000000000	0.000000000
-300.000000000	0.000000000	3.308022793	97.025965891	0.000000000	0.000000000	0.000000000	0.000000000	0.000000000
-200.000000000	0.000000000	3.398243921	97.025965891	0.000000000	0.000000000	0.000000000	0.000000000	0.000000000
-100.000000000	0.000000000	3.499642923	97.025965891	0.000000000	0.000000000	0.000000000	0.000000000	0.000000000
0.000000000	0.000000000	3.589489024	97.025965891	0.000000000	0.000000000	0.000000000	0.000000000	0.000000000
100.000000000	0.000000000	3.528117984	97.025965891	0.000000000	0.000000000	0.000000000	0.000000000	0.000000000
200.000000000	0.000000000	3.423806582	97.025965891	0.000000000	0.000000000	0.000000000	0.000000000	0.000000000
300.000000000	0.000000000	3.334166631	97.025965891	0.000000000	0.000000000	0.000000000	0.000000000	0.000000000
400.000000000	0.000000000	3.235673656	97.025965891	0.000000000	0.000000000	0.000000000	0.000000000	0.000000000
500.000000000	0.000000000	3.143997215	97.025965891	0.000000000	0.000000000	0.000000000	0.000000000	0.000000000
600.000000000	0.000000000	3.067106498	97.025965891	0.000000000	0.000000000	0.000000000	0.000000000	0.000000000
700.000000000	0.000000000	2.958752775	97.025965891	0.000000000	0.000000000	0.000000000	0.000000000	0.000000000
800.000000000	0.000000000	2.903834558	97.025965891	0.000000000	0.000000000	0.000000000	0.000000000	0.000000000
900.000000000	0.000000000	2.856077357	97.025965891	0.000000000	0.000000000	0.000000000	0.000000000	0.000000000
1000.000000000	0.000000000	2.816273258	97.025965891	0.000000000	0.000000000	0.000000000	0.000000000	0.000000000
-1000.000000000	100.000000000	2.734477176	96.868508377	0.000000000	0.000000000	0.000000000	0.000000000	0.000000000
-900.000000000	100.000000000	2.777219397	96.868508377	0.000000000	0.000000000	0.000000000	0.000000000	0.000000000
-800.000000000	100.000000000	2.829917484	96.868508377	0.000000000	0.000000000	0.000000000	0.000000000	0.000000000
-700.000000000	100.000000000	2.895181140	96.868508377	0.000000000	0.000000000	0.000000000	0.000000000	0.000000000
-600.000000000	100.000000000	2.963147908	96.868508377	0.000000000	0.000000000	0.000000000	0.000000000	0.000000000
-500.000000000	100.000000000	3.045108287	96.868508377	0.000000000	0.000000000	0.000000000	0.000000000	0.000000000
-400.000000000	100.000000000	3.129346763	96.868508377	0.000000000	0.000000000	0.000000000	0.000000000	0.000000000
-300.000000000	100.000000000	3.240278087	96.868508377	0.000000000	0.000000000	0.000000000	0.000000000	0.000000000
-200.000000000	100.000000000	3.346543861	96.868508377	0.000000000	0.000000000	0.000000000	0.000000000	0.000000000
-100.000000000	100.000000000	3.467276636	96.868508377	0.000000000	0.000000000	0.000000000	0.000000000	0.000000000
0.000000000	100.000000000	3.586286846	96.868508377	0.000000000	0.000000000	0.000000000	0.000000000	0.000000000
100.000000000	100.000000000	3.501666622	96.868508377	0.000000000	0.000000000	0.000000000	0.000000000	0.000000000
200.000000000	100.000000000	3.377635055	96.868508377	0.000000000	0.000000000	0.000000000	0.000000000	0.000000000
300.000000000	100.000000000	3.259478240	96.868508377	0.000000000	0.000000000	0.000000000	0.000000000	0.000000000
400.000000000	100.000000000	3.152552437	96.868508377	0.000000000	0.000000000	0.000000000	0.000000000	0.000000000
500.000000000	100.000000000	3.059803813	96.868508377	0.000000000	0.000000000	0.000000000	0.000000000	0.000000000
600.000000000	100.000000000	2.968504174	96.868508377	0.000000000	0.000000000	0.000000000	0.000000000	0.000000000
700.000000000	100.000000000	2.896531879	96.868508377	0.000000000	0.000000000	0.000000000	0.000000000	0.000000000
800.000000000	100.000000000	2.837785245	96.868508377	0.000000000	0.000000000	0.000000000	0.000000000	0.000000000
900.000000000	100.000000000	2.777723307	96.868508377	0.000000000	0.000000000	0.000000000	0.000000000	0.000000000
1000.000000000	100.000000000	2.723109411	96.868508377	0.000000000	0.000000000	0.000000000	0.000000000	0.000000000
-1000.000000000	200.000000000	2.670921703	97.003474158	0.000000000	0.000000000	0.000000000	0.000000000	0.000000000
-900.000000000	200.000000000	2.708959677	97.003474158	0.000000000	0.000000000	0.000000000	0.000000000	0.000000000
-800.000000000	200.000000000	2.762746061	97.003474158	0.000000000	0.000000000	0.000000000	0.000000000	0.000000000
-700.000000000	200.000000000	2.822949669	97.003474158	0.000000000	0.000000000	0.000000000	0.000000000	0.000000000
-600.000000000	200.000000000	2.890441483	97.003474158	0.000000000	0.000000000	0.000000000	0.000000000	0.000000000
-500.000000000	200.000000000	2.980425770	97.003474158	0.000000000	0.000000000	0.000000000	0.000000000	0.000000000
-400.000000000	200.000000000	3.074360884	97.003474158	0.000000000	0.000000000	0.000000000	0.000000000	0.000000000
-300.000000000	200.000000000	3.196254264	97.003474158	0.000000000	0.000000000	0.000000000	0.000000000	0.000000000
-200.000000000	200.000000000	3.327825072	97.003474158	0.000000000	0.000000000	0.000000000	0.000000000	0.000000000
-100.000000000	200.000000000	3.479917906	97.003474158	0.000000000	0.000000000	0.000000000	0.000000000	0.000000000
0.000000000	200.000000000	3.591164975	97.003474158	0.000000000	0.000000000	0.000000000	0.000000000	0.000000000
100.000000000	200.000000000	3.511744864	97.003474158	0.000000000	0.000000000	0.000000000	0.000000000	0.000000000
200.000000000	200.000000000	3.359344508	97.003474158	0.000000000	0.000000000	0.000000000	0.000000000	0.000000000
300.000000000	200.000000000	3.220037914	97.003474158	0.000000000	0.000000000	0.000000000	0.000000000	0.000000000
400.000000000	200.000000000	3.100074839	97.003474158	0.000000000	0.000000000	0.000000000	0.000000000	0.000000000
500.000000000	200.000000000	2.993471103	97.003474158	0.000000000	0.000000000	0.000000000	0.000000000	0.000000000
600.000000000	200.000000000	2.906358941	97.003474158	0.000000000	0.000000000	0.000000000	0.000000000	0.000000000
700.000000000	200.000000000	2.828375159	97.003474158	0.000000000	0.000000000	0.000000000	0.000000000	0.000000000
800.000000000	200.000000000	2.764032401	97.003474158	0.000000000	0.000000000	0.000000000	0.000000000	0.000000000
900.000000000	200.000000000	2.712986129	97.003474158	0.000000000	0.000000000	0.000000000	0.000000000	0.000000000
1000.000000000	200.000000000	2.673763241	97.003474158	0.000000000	0.000000000	0.000000000	0.000000000	0.000000000
-1000.000000000	300.000000000	2.651240230	97.419450727	0.000000000	0.000000000	0.000000000	0.000000000	0.000000000
-900.000000000	300.000000000	2.688291309	97.419450727	0.000000000	0.000000000	0.000000000	0.000000000	0.000000000
-800.000000000	300.000000000	2.747799408	97.419450727	0.000000000	0.000000000	0.000000000	0.000000000	0.000000000
-700.000000000	300.000000000	2.790675253	97.419450727	0.000000000	0.000000000	0.000000000	0.000000000	0.000000000
-600.000000000	300.000000000	2.860192359	97.419450727	0.000000000	0.000000000	0.000000000	0.000000000	0.000000000
-500.000000000	300.000000000	2.953328893	97.419450727	0.000000000	0.000000000	0.000000000	0.000000000	0.000000000
-400.000000000	300.000000000	3.060829344	97.419450727	0.000000000	0.000000000	0.000000000	0.000000000	0.000000000
-300.000000000	300.000000000	3.183282975	97.419450727	0.000000000	0.000000000	0.000000000	0.000000000	0.000000000
-200.000000000	300.000000000	3.333989538	97.419450727	0.000000000	0.000000000	0.000000000	0.000000000	0.000000000
-100.000000000	300.000000000	3.489579172	97.419450727	0.000000000	0.000000000	0.000000000	0.000000000	0.000000000
0.000000000	300.000000000	3.590833326	97.419450727	0.000000000	0.000000000	0.000000000	0.000000000	0.000000000
100.000000000	300.000000000	3.524361987	97.419450727	0.000000000	0.000000000	0.000000000	0.000000000	0.000000000
200.000000000	300.000000000	3.375445535	97.419450727	0.000000000	0.000000000	0.000000000	0.000000000	0.000000000
300.000000000	300.000000000	3.226397179	97.419450727	0.000000000	0.000000000	0.000000000	0.000000000	0.000000000
400.000000000	300.000000000	3.094137382	97.419450727	0.000000000	0.000000000	0.000000000	0.000000000	0.000000000
500.000000000	300.000000000	2.978975215	97.419450727	0.000000000	0.000000000	0.000000000	0.000000000	0.000000000
600.000000000	300.000000000	2.886664569	97.419450727	0.000000000	0.000000000	0.000000000	0.000000000	0.000000000
700.000000000	300.000000000	2.811482084	97.419450727	0.000000000	0.000000000	0.000000000	0.000000000	0.000000000
800.000000000	300.000000000	2.748166471	97.419450727	0.000000000	0.000000000	0.000000000	0.000000000	0.000000000
900.000000000	300.000000000	2.701800288	97.419450727	0.000000000	0.000000000	0.000000000	0.000000000	0.000000000
1000.000000000	300.000000000	2.661949527	97.419450727	0.000000000	0.000000000	0.000000000	0.000000000	0.000000000
-1000.000000000	400.000000000	2.652703662	97.352012538	0.000000000	0.000000000	0.000000000	0.000000000	0.000000000
-900.000000000	400.000000000	2.684189190	97.352012538	0.000000000	0.000000000	0.000000000	0.000000000	0.000000000
-800.000000000	400.000000000	2.735982472	97.352012538	0.000000000	0.000000000	0.000000000	0.000000000	0.000000000
-700.000000000	400.000000000	2.784997004	97.352012538	0.000000000	0.000000000	0.000000000	0.000000000	0.000000000
-600.000000000	400.000000000	2.856283430	97.352012538	0.000000000	0.000000000	0.000000000	0.000000000	0.000000000
-500.000000000	400.000000000	2.948550595	97.352012538	0.000000000	0.000000000	0.000000000	0.000000000	0.000000000
-400.000000000	400.000000000	3.058675245	97.352012538	0.000000000	0.000000000	0.000000000	0.000000000	0.000000000
-300.000000000	400.000000000	3.193467457	97.352012538	0.000000000	0.000000000	0.000000000	0.000000000	0.000000000
-200.000000000	400.000000000	3.341631930	97.352012538	0.000000000	0.000000000	0.000000000	0.000000000	0.000000000
-100.000000000	400.000000000	3.496199256	97.352012538	0.000000000	0.000000000	0.000000000	0.000000000	0.000000000
0.000000000	400.000000000	3.585348248	97.352012538	0.000000000	0.000000000	0.000000000	0.000000000	0.000000000
100.000000000	400.000000000	3.527974699	97.352012538	0.000000000	0.000000000	0.000000000	0.000000000	0.000000000
200.000000000	400.000000000	3.385021469	97.352012538	0.000000000	0.000000000	0.000000000	0.000000000	0.000000000
300.000000000	400.000000000	3.232104419	97.352012538	0.000000000	0.000000000	0.000000000	0.000000000	0.000000000
400.000000000	400.000000000	3.090597124	97.352012538	0.000000000	0.000000000	0.000000000	0.000000000	0.000000000
500.000000000	400.000000000	2.976671393	97.352012538	0.000000000	0.000000000	0.000000000	0.000000000	0.000000000
600.000000000	400.000000000	2.880506555	97.352012538	0.000000000	0.000000000	0.000000000	0.000000000	0.000000000
700.000000000	400.000000000	2.803271403	97.352012538	0.000000000	0.000000000	0.000000000	0.000000000	0.000000000
800.000000000	400.000000000	2.741655885	97.352012538	0.000000000	0.000000000	0.000000000	0.000000000	0.000000000
900.000000000	400.000000000	2.693583171	97.352012538	0.000000000	0.000000000	0.000000000	0.000000000	0.000000000
1000.000000000	400.000000000	2.654139725	97.352012538	0.000000000	0.000000000	0.000000000	0.000000000	0.000000000
-1000.000000000	500.000000000	2.646357292	97.104681150	0.000000000	0.000000000	0.000000000	0.000000000	0.000000000
-900.000000000	500.000000000	2.678699306	97.104681150	0.000000000	0.000000000	0.000000000	0.000000000	0.000000000
-800.000000000	500.000000000	2.726660932	97.104681150	0.000000000	0.000000000	0.000000000	0.000000000	0.000000000
-700.000000000	500.000000000	2.778937200	97.104681150	0.000000000	0.000000000	0.000000000	0.000000000	0.000000000
-600.000000000	500.000000000	2.853920041	97.104681150	0.000000000	0.000000000	0.000000000	0.000000000	0.000000000
-500.000000000	500.000000000	2.947761725	97.104681150	0.000000000	0.000000000	0.000000000	0.000000000	0.000000000
-400.000000000	500.000000000	3.060692499	97.104681150	0.000000000	0.000000000	0.000000000	0.000000000	0.000000000
-300.000000000	500.000000000	3.199610989	97.104681150	0.000000000	0.000000000	0.000000000	0.000000000	0.000000000
-200.000000000	500.000000000	3.352231786	97.104681150	0.000000000	0.000000000	0.000000000	0.000000000	0.000000000
-100.000000000	500.000000000	3.497859108	97.104681150	0.000000000	0.000000000	0.000000000	0.000000000	0.000000000
0.000000000	500.000000000	3.581012670	97.104681150	0.000000000	0.000000000	0.000000000	0.000000000	0.000000000
100.000000000	500.000000000	3.527324282	97.104681150	0.000000000	0.000000000	0.000000000	0.000000000	0.000000000
200.000000000	500.000000000	3.393897079	97.104681150	0.000000000	0.000000000	0.000000000	0.000000000	0.000000000
300.000000000	500.000000000	3.238730935	97.104681150	0.000000000	0.000000000	0.000000000	0.000000000	0.000000000
400.000000000	500.000000000	3.098068854	97.104681150	0.000000000	0.000000000	0.000000000	0.000000000	0.000000000
500.000000000	500.000000000	2.976928983	97.104681150	0.000000000	0.000000000	0.000000000	0.000000000	0.000000000
600.000000000	500.000000000	2.873343941	97.104681150	0.000000000	0.000000000	0.000000000	0.000000000	0.000000000
700.000000000	500.000000000	2.797390302	97.104681150	0.000000000	0.000000000	0.000000000	0.000000000	0.000000000
800.000000000	500.000000000	2.735552614	97.104681150	0.000000000	0.000000000	0.000000000	0.000000000	0.000000000
900.000000000	500.000000000	2.690170105	97.104681150	0.000000000	0.000000000	0.000000000	0.000000000	0.000000000
1000.000000000	500.000000000	2.649008858	97.104681150	0.000000000	0.000000000	0.000000000	0.000000000	0.000000000
-1000.000000000	600.000000000	2.656667325	97.025965891	0.000000000	0.000000000	0.000000000	0.000000000	0.000000000
-900.000000000	600.000000000	2.679781184	97.025965891	0.000000000	0.000000000	0.000000000	0.000000000	0.000000000
-800.000000000	600.000000000	2.723065943	97.025965891	0.000000000	0.000000000	0.000000000	0.000000000	0.000000000
-700.000000000	600.000000000	2.784581640	97.025965891	0.000000000	0.000000000	0.000000000	0.000000000	0.000000000
-600.000000000	600.000000000	2.860253537	97.025965891	0.000000000	0.000000000	0.000000000	0.000000000	0.000000000
-500.000000000	600.000000000	2.948011266	97.025965891	0.000000000	0.000000000	0.000000000	0.000000000	0.000000000
-400.000000000	600.000000000	3.070955863	97.025965891	0.000000000	0.000000000	0.000000000	0.000000000	0.000000000
-300.000000000	600.000000000	3.203228526	97.025965891	0.000000000	0.000000000	0.000000000	0.000000000	0.000000000
-200.000000000	600.000000000	3.360054492	97.025965891	0.000000000	0.000000000	0.000000000	0.000000000	0.000000000
-100.000000000	600.000000000	3.499366014	97.025965891	0.000000000	0.000000000	0.000000000	0.000000000	0.000000000
0.000000000	600.000000000	3.573922479	97.025965891	0.000000000	0.000000000	0.000000000	0.000000000	0.000000000
100.000000000	600.000000000	3.529835793	97.025965891	0.000000000	0.000000000	0.000000000	0.000000000	0.000000000
200.000000000	600.000000000	3.402349274	97.025965891	0.000000000	0.000000000	0.000000000	0.000000000	0.000000000
300.000000000	600.000000000	3.250135755	97.025965891	0.000000000	0.000000000	0.000000000	0.000000000	0.000000000
400.000000000	600.000000000	3.104213994	97.025965891	0.000000000	0.000000000	0.000000000	0.000000000	0.000000000
500.000000000	600.000000000	2.987221321	97.025965891	0.000000000	0.000000000	0.000000000	0.000000000	0.000000000
600.000000000	600.000000000	2.882837746	97.025965891	0.000000000	0.000000000	0.000000000	0.000000000	0.000000000
700.000000000	600.000000000	2.809807749	97.025965891	0.000000000	0.000000000	0.000000000	0.000000000	0.000000000
800.000000000	600.000000000	2.746562973	97.025965891	0.000000000	0.000000000	0.000000000	0.000000000	0.000000000
900.000000000	600.000000000	2.690844668	97.025965891	0.000000000	0.000000000	0.000000000	0.000000000	0.000000000
1000.000000000	600.000000000	2.656807390	97.025965891	0.000000000	0.000000000	0.000000000	0.000000000	0.000000000
-1000.000000000	700.000000000	2.670235870	97.138413484	0.000000000	0.000000000	0.000000000	0.000000000	0.000000000
-900.000000000	700.000000000	2.705116757	97.138413484	0.000000000	0.000000000	0.000000000	0.000000000	0.000000000
-800.000000000	700.000000000	2.746812513	97.138413484	0.000000000	0.000000000	0.000000000	0.000000000	0.000000000
-700.000000000	700.000000000	2.801909396	97.138413484	0.000000000	0.000000000	0.000000000	0.000000000	0.000000000
-600.000000000	700.000000000	2.881573944	97.138413484	0.000000000	0.000000000	0.000000000	0.000000000	0.000000000
-500.000000000	700.000000000	2.967428735	97.138413484	0.000000000	0.000000000	0.000000000	0.000000000	0.000000000
-400.000000000	700.000000000	3.093002374	97.138413484	0.000000000	0.000000000	0.000000000	0.000000000	0.000000000
-300.000000000	700.000000000	3.226290923	97.138413484	0.000000000	0.000000000	0.000000000	0.000000000	0.000000000
-200.000000000	700.000000000	3.373716457	97.138413484	0.000000000	0.000000000	0.000000000	0.000000000	0.000000000
-100.000000000	700.000000000	3.504955735	97.138413484	0.000000000	0.000000000	0.000000000	0.000000000	0.000000000
0.000000000	700.000000000	3.570543208	97.138413484	0.000000000	0.000000000	0.000000000	0.000000000	0.000000000
100.000000000	700.000000000	3.533031530	97.138413484	0.000000000	0.000000000	0.000000000	0.000000000	0.000000000
200.000000000	700.000000000	3.418361758	97.138413484	0.000000000	0.000000000	0.000000000	0.000000000	0.000000000
300.000000000	700.000000000	3.269181355	97.138413484	0.000000000	0.000000000	0.000000000	0.000000000	0.000000000
400.000000000	700.000000000	3.128973257	97.138413484	0.000000000	0.000000000	0.000000000	0.000000000	0.000000000
500.000000000	700.000000000	3.000192598	97.138413484	0.000000000	0.000000000	0.000000000	0.000000000	0.000000000
600.000000000	700.000000000	2.908855955	97.138413484	0.000000000	0.000000000	0.000000000	0.000000000	0.000000000
700.000000000	700.000000000	2.834850328	97.138413484	0.000000000	0.000000000	0.000000000	0.000000000	0.000000000
800.000000000	700.000000000	2.768564374	97.138413484	0.000000000	0.000000000	0.000000000	0.000000000	0.000000000
900.000000000	700.000000000	2.714597675	97.138413484	0.000000000	0.000000000	0.000000000	0.000000000	0.000000000
1000.000000000	700.000000000	2.675068900	97.138413484	0.000000000	0.000000000	0.000000000	0.000000000	0.000000000
-1000.000000000	800.000000000	2.694652169	97.228358180	0.000000000	0.000000000	0.000000000	0.000000000	0.000000000
-900.000000000	800.000000000	2.737943371	97.228358180	0.000000000	0.000000000	0.000000000	0.000000000	0.000000000
-800.000000000	800.000000000	2.786056342	97.228358180	0.000000000	0.000000000	0.000000000	0.000000000	0.000000000
-700.000000000	800.000000000	2.848534799	97.228358180	0.000000000	0.000000000	0.000000000	0.000000000	0.000000000
-600.000000000	800.000000000	2.926724660	97.228358180	0.000000000	0.000000000	0.000000000	0.000000000	0.000000000
-500.000000000	800.000000000	3.011375234	97.228358180	0.000000000	0.000000000	0.000000000	0.000000000	0.000000000
-400.000000000	800.000000000	3.127971875	97.228358180	0.000000000	0.000000000	0.000000000	0.000000000	0.000000000
-300.000000000	800.000000000	3.249459580	97.228358180	0.000000000	0.000000000	0.000000000	0.000000000	0.000000000
-200.000000000	800.000000000	3.393080838	97.228358180	0.000000000	0.000000000	0.000000000	0.000000000	0.000000000
-100.000000000	800.000000000	3.514947040	97.228358180	0.000000000	0.000000000	0.000000000	0.000000000	0.000000000
0.000000000	800.000000000	3.572959733	97.228358180	0.000000000	0.000000000	0.000000000	0.000000000	0.000000000
100.000000000	800.000000000	3.539867348	97.228358180	0.000000000	0.000000000	0.000000000	0.000000000	0.000000000
200.000000000	800.000000000	3.432735321	97.228358180	0.000000000	0.000000000	0.000000000	0.000000000	0.000000000
300.000000000	800.000000000	3.302479766	97.228358180	0.000000000	0.000000000	0.000000000	0.000000000	0.000000000
400.000000000	800.000000000	3.164903898	97.228358180	0.000000000	0.000000000	0.000000000	0.000000000	0.000000000
500.000000000	800.000000000	3.043886343	97.228358180	0.000000000	0.000000000	0.000000000	0.000000000	0.000000000
600.000000000	800.000000000	2.946243553	97.228358180	0.000000000	0.000000000	0.000000000	0.000000000	0.000000000
700.000000000	800.000000000	2.879369939	97.228358180	0.000000000	0.000000000	0.000000000	0.000000000	0.000000000
800.000000000	800.000000000	2.809674124	97.228358180	0.000000000	0.000000000	0.000000000	0.000000000	0.000000000
900.000000000	800.000000000	2.764386587	97.228358180	0.000000000	0.000000000	0.000000000	0.000000000	0.000000000
1000.000000000	800.000000000	2.709553743	97.228358180	0.000000000	0.000000000	0.000000000	0.000000000	0.000000000
-1000.000000000	900.000000000	2.740165083	97.104681150	0.000000000	0.000000000	0.000000000	0.000000000	0.000000000
-900.000000000	900.000000000	2.779785637	97.104681150	0.000000000	0.000000000	0.000000000	0.000000000	0.000000000
-800.000000000	900.000000000	2.816796488	97.104681150	0.000000000	0.000000000	0.000000000	0.000000000	0.000000000
-700.000000000	900.000000000	2.886574411	97.104681150	0.000000000	0.000000000	0.000000000	0.000000000	0.000000000
-600.000000000	900.000000000	2.965987839	97.104681150	0.000000000	0.000000000	0.000000000	0.000000000	0.000000000
-500.000000000	900.000000000	3.057723771	97.104681150	0.000000000	0.000000000	0.000000000	0.000000000	0.000000000
-400.000000000	900.000000000	3.160701953	97.104681150	0.000000000	0.000000000	0.000000000	0.000000000	0.000000000
-300.000000000	900.000000000	3.288074011	97.104681150	0.000000000	0.000000000	0.000000000	0.000000000	0.000000000
-200.000000000	900.000000000	3.410989832	97.104681150	0.000000000	0.000000000	0.000000000	0.000000000	0.000000000
-100.000000000	900.000000000	3.513047308	97.104681150	0.000000000	0.000000000	0.000000000	0.000000000	0.000000000
0.000000000	900.000000000	3.568187861	97.104681150	0.000000000	0.000000000	0.000000000	0.000000000	0.000000000
100.000000000	900.000000000	3.537492682	97.104681150	0.000000000	0.000000000	0.000000000	0.000000000	0.000000000
200.000000000	900.000000000	3.440785032	97.104681150	0.000000000	0.000000000	0.000000000	0.000000000	0.000000000
300.000000000	900.000000000	3.320744550	97.104681150	0.000000000	0.000000000	0.000000000	0.000000000	0.000000000
400.000000000	900.000000000	3.192659266	97.104681150	0.000000000	0.000000000	0.000000000	0.000000000	0.000000000
500.000000000	900.000000000	3.077221747	97.104681150	0.000000000	0.000000000	0.000000000	0.000000000	0.000000000
600.000000000	900.000000000	2.988061709	97.104681150	0.000000000	0.000000000	0.000000000	0.000000000	0.000000000
700.000000000	900.000000000	2.903564088	97.104681150	0.000000000	0.000000000	0.000000000	0.000000000	0.000000000
800.000000000	900.000000000	2.857027221	97.104681150	0.000000000	0.000000000	0.000000000	0.000000000	0.000000000
900.000000000	900.000000000	2.785133848	97.104681150	0.000000000	0.000000000	0.000000000	0.000000000	0.000000000
1000.000000000	900.000000000	2.739558137	97.104681150	0.000000000	0.000000000	0.000000000	0.000000000	0.000000000
-1000.000000000	1000.000000000	2.772874176	97.093436667	0.000000000	0.000000000	0.000000000	0.000000000	0.000000000
-900.000000000	1000.000000000	2.810830059	97.093436667	0.000000000	0.000000000	0.000000000	0.000000000	0.000000000
-800.000000000	1000.000000000	2.864532751	97.093436667	0.000000000	0.000000000	0.000000000	0.000000000	0.000000000
-700.000000000	1000.000000000	2.931359672	97.093436667	0.000000000	0.000000000	0.000000000	0.000000000	0.000000000
-600.000000000	1000.000000000	3.014203896	97.093436667	0.000000000	0.000000000	0.000000000	0.000000000	0.000000000
-500.000000000	1000.000000000	3.092913827	97.093436667	0.000000000	0.000000000	0.000000000	0.000000000	0.000000000
-400.000000000	1000.000000000	3.194303016	97.093436667	0.000000000	0.000000000	0.000000000	0.000000000	0.000000000
-300.000000000	1000.000000000	3.305889621	97.093436667	0.000000000	0.000000000	0.000000000	0.000000000	0.000000000
-200.000000000	1000.000000000	3.415772971	97.093436667	0.000000000	0.000000000	0.000000000	0.000000000	0.000000000
-100.000000000	1000.000000000	3.516479706	97.093436667	0.000000000	0.000000000	0.000000000	0.000000000	0.000000000
0.000000000	1000.000000000	3.564800540	97.093436667	0.000000000	0.000000000	0.000000000	0.000000000	0.000000000
100.000000000	1000.000000000	3.538774197	97.093436667	0.000000000	0.000000000	0.000000000	0.000000000	0.000000000
200.000000000	1000.000000000	3.455491856	97.093436667	0.000000000	0.000000000	0.000000000	0.000000000	0.000000000
300.000000000	1000.000000000	3.349380578	97.093436667	0.000000000	0.000000000	0.000000000	0.000000000	0.000000000
400.000000000	1000.000000000	3.232250923	97.093436667	0.000000000	0.000000000	0.000000000	0.000000000	0.000000000
500.000000000	1000.000000000	3.130594466	97.093436667	0.000000000	0.000000000	0.000000000	0.000000000	0.000000000
600.000000000	1000.000000000	3.039967751	97.093436667	0.000000000	0.000000000	0.000000000	0.000000000	0.000000000
700.000000000	1000.000000000	2.967248422	97.093436667	0.000000000	0.000000000	0.000000000	0.000000000	0.000000000
800.000000000	1000.000000000	2.881353382	97.093436667	0.000000000	0.000000000	0.000000000	0.000000000	0.000000000
900.000000000	1000.000000000	2.832383904	97.093436667	0.000000000	0.000000000	0.000000000	0.000000000	0.000000000
1000.000000000	1000.000000000	2.793672956	97.093436667	0.000000000	0.000000000	0.000000000	0.000000000	0.000000000
