Set Temp (deg C)	117.000000	Laser Power (uW)	709.000000	Laser Detuning (GHz)	9.000000
X  Field (nT)	Z  Field (nT)	Photodiode Voltage (V)	Temperature (C) 2D	Y  Field (nT)	Photodiode Voltage (V)	Temperature (C) 1D	Frequency (Hz)	Photodiode Voltage (V)		
-1000.000000000	-1000.000000000	0.510128829	120.433884446	-1000.000000000	NaN	120.433884446	0.000000000	0.000000000
-900.000000000	-1000.000000000	0.601036574	120.433884446	-960.000000000	NaN	120.433884446	0.000000000	0.000000000
-800.000000000	-1000.000000000	0.680863201	120.433884446	-920.000000000	NaN	120.433884446	0.000000000	0.000000000
-700.000000000	-1000.000000000	0.762975935	120.433884446	-880.000000000	NaN	120.433884446	0.000000000	0.000000000
-600.000000000	-1000.000000000	0.940418949	120.433884446	-840.000000000	NaN	120.433884446	0.000000000	0.000000000
-500.000000000	-1000.000000000	1.144047514	120.433884446	-800.000000000	NaN	120.433884446	0.000000000	0.000000000
-400.000000000	-1000.000000000	1.283192061	120.433884446	-760.000000000	NaN	120.433884446	0.000000000	0.000000000
-300.000000000	-1000.000000000	1.516865303	120.433884446	-720.000000000	NaN	120.433884446	0.000000000	0.000000000
-200.000000000	-1000.000000000	1.653892922	120.433884446	-680.000000000	NaN	120.433884446	0.000000000	0.000000000
-100.000000000	-1000.000000000	1.763054294	120.433884446	-640.000000000	NaN	120.433884446	0.000000000	0.000000000
0.000000000	-1000.000000000	1.795209453	120.433884446	-600.000000000	NaN	120.433884446	0.000000000	0.000000000
100.000000000	-1000.000000000	1.771318071	120.433884446	-560.000000000	NaN	120.433884446	0.000000000	0.000000000
200.000000000	-1000.000000000	1.656183853	120.433884446	-520.000000000	NaN	120.433884446	0.000000000	0.000000000
300.000000000	-1000.000000000	1.530862034	120.433884446	-480.000000000	NaN	120.433884446	0.000000000	0.000000000
400.000000000	-1000.000000000	1.334498898	120.433884446	-440.000000000	NaN	120.433884446	0.000000000	0.000000000
500.000000000	-1000.000000000	1.126106535	120.433884446	-400.000000000	NaN	120.433884446	0.000000000	0.000000000
600.000000000	-1000.000000000	0.978788365	120.433884446	-360.000000000	NaN	120.433884446	0.000000000	0.000000000
700.000000000	-1000.000000000	0.774018430	120.433884446	-320.000000000	NaN	120.433884446	0.000000000	0.000000000
800.000000000	-1000.000000000	0.654196367	120.433884446	-280.000000000	NaN	120.433884446	0.000000000	0.000000000
900.000000000	-1000.000000000	0.586677635	120.433884446	-240.000000000	NaN	120.433884446	0.000000000	0.000000000
1000.000000000	-1000.000000000	0.537209409	120.433884446	-200.000000000	NaN	120.433884446	0.000000000	0.000000000
-1000.000000000	-900.000000000	0.494113278	120.392162834	-160.000000000	NaN	120.433884446	0.000000000	0.000000000
-900.000000000	-900.000000000	0.572045008	120.392162834	-120.000000000	NaN	120.433884446	0.000000000	0.000000000
-800.000000000	-900.000000000	0.608339203	120.392162834	-80.000000000	NaN	120.433884446	0.000000000	0.000000000
-700.000000000	-900.000000000	0.754699299	120.392162834	-40.000000000	NaN	120.433884446	0.000000000	0.000000000
-600.000000000	-900.000000000	0.901033672	120.392162834	0.000000000	NaN	120.433884446	0.000000000	0.000000000
-500.000000000	-900.000000000	1.040852707	120.392162834	40.000000000	NaN	120.433884446	0.000000000	0.000000000
-400.000000000	-900.000000000	1.264819550	120.392162834	80.000000000	NaN	120.433884446	0.000000000	0.000000000
-300.000000000	-900.000000000	1.444622914	120.392162834	120.000000000	NaN	120.433884446	0.000000000	0.000000000
-200.000000000	-900.000000000	1.621254798	120.392162834	160.000000000	NaN	120.433884446	0.000000000	0.000000000
-100.000000000	-900.000000000	1.735274931	120.392162834	200.000000000	NaN	120.433884446	0.000000000	0.000000000
0.000000000	-900.000000000	1.794489815	120.392162834	240.000000000	NaN	120.433884446	0.000000000	0.000000000
100.000000000	-900.000000000	1.768227003	120.392162834	280.000000000	NaN	120.433884446	0.000000000	0.000000000
200.000000000	-900.000000000	1.665334699	120.392162834	320.000000000	NaN	120.433884446	0.000000000	0.000000000
300.000000000	-900.000000000	1.437164110	120.392162834	360.000000000	NaN	120.433884446	0.000000000	0.000000000
400.000000000	-900.000000000	1.285235085	120.392162834	400.000000000	NaN	120.433884446	0.000000000	0.000000000
500.000000000	-900.000000000	1.130791370	120.392162834	440.000000000	NaN	120.433884446	0.000000000	0.000000000
600.000000000	-900.000000000	0.932198657	120.392162834	480.000000000	NaN	120.433884446	0.000000000	0.000000000
700.000000000	-900.000000000	0.767659214	120.392162834	520.000000000	NaN	120.433884446	0.000000000	0.000000000
800.000000000	-900.000000000	0.656398747	120.392162834	560.000000000	NaN	120.433884446	0.000000000	0.000000000
900.000000000	-900.000000000	0.557248169	120.392162834	600.000000000	NaN	120.433884446	0.000000000	0.000000000
1000.000000000	-900.000000000	0.511384572	120.392162834	640.000000000	NaN	120.433884446	0.000000000	0.000000000
-1000.000000000	-800.000000000	0.485587105	120.517299972	680.000000000	NaN	120.433884446	0.000000000	0.000000000
-900.000000000	-800.000000000	0.526506615	120.517299972	720.000000000	NaN	120.433884446	0.000000000	0.000000000
-800.000000000	-800.000000000	0.603802428	120.517299972	760.000000000	NaN	120.433884446	0.000000000	0.000000000
-700.000000000	-800.000000000	0.729732544	120.517299972	800.000000000	NaN	120.433884446	0.000000000	0.000000000
-600.000000000	-800.000000000	0.873740566	120.517299972	840.000000000	NaN	120.433884446	0.000000000	0.000000000
-500.000000000	-800.000000000	1.020438817	120.517299972	880.000000000	NaN	120.433884446	0.000000000	0.000000000
-400.000000000	-800.000000000	1.253298898	120.517299972	920.000000000	NaN	120.433884446	0.000000000	0.000000000
-300.000000000	-800.000000000	1.412161899	120.517299972	960.000000000	NaN	120.433884446	0.000000000	0.000000000
-200.000000000	-800.000000000	1.652323240	120.517299972	1000.000000000	NaN	120.433884446	0.000000000	0.000000000
-100.000000000	-800.000000000	1.767433307	120.517299972	0.000000000	0.000000000	0.000000000	0.000000000	0.000000000
0.000000000	-800.000000000	1.813205267	120.517299972	0.000000000	0.000000000	0.000000000	0.000000000	0.000000000
100.000000000	-800.000000000	1.797049604	120.517299972	0.000000000	0.000000000	0.000000000	0.000000000	0.000000000
200.000000000	-800.000000000	1.647408121	120.517299972	0.000000000	0.000000000	0.000000000	0.000000000	0.000000000
300.000000000	-800.000000000	1.481669010	120.517299972	0.000000000	0.000000000	0.000000000	0.000000000	0.000000000
400.000000000	-800.000000000	1.192382455	120.517299972	0.000000000	0.000000000	0.000000000	0.000000000	0.000000000
500.000000000	-800.000000000	1.011188170	120.517299972	0.000000000	0.000000000	0.000000000	0.000000000	0.000000000
600.000000000	-800.000000000	0.825898344	120.517299972	0.000000000	0.000000000	0.000000000	0.000000000	0.000000000
700.000000000	-800.000000000	0.699153585	120.517299972	0.000000000	0.000000000	0.000000000	0.000000000	0.000000000
800.000000000	-800.000000000	0.609681882	120.517299972	0.000000000	0.000000000	0.000000000	0.000000000	0.000000000
900.000000000	-800.000000000	0.518849803	120.517299972	0.000000000	0.000000000	0.000000000	0.000000000	0.000000000
1000.000000000	-800.000000000	0.478495378	120.517299972	0.000000000	0.000000000	0.000000000	0.000000000	0.000000000
-1000.000000000	-700.000000000	0.464094583	120.486023482	0.000000000	0.000000000	0.000000000	0.000000000	0.000000000
-900.000000000	-700.000000000	0.504930376	120.486023482	0.000000000	0.000000000	0.000000000	0.000000000	0.000000000
-800.000000000	-700.000000000	0.554479095	120.486023482	0.000000000	0.000000000	0.000000000	0.000000000	0.000000000
-700.000000000	-700.000000000	0.669424668	120.486023482	0.000000000	0.000000000	0.000000000	0.000000000	0.000000000
-600.000000000	-700.000000000	0.786348863	120.486023482	0.000000000	0.000000000	0.000000000	0.000000000	0.000000000
-500.000000000	-700.000000000	0.952643133	120.486023482	0.000000000	0.000000000	0.000000000	0.000000000	0.000000000
-400.000000000	-700.000000000	1.168970820	120.486023482	0.000000000	0.000000000	0.000000000	0.000000000	0.000000000
-300.000000000	-700.000000000	1.358805612	120.486023482	0.000000000	0.000000000	0.000000000	0.000000000	0.000000000
-200.000000000	-700.000000000	1.621665330	120.486023482	0.000000000	0.000000000	0.000000000	0.000000000	0.000000000
-100.000000000	-700.000000000	1.745848960	120.486023482	0.000000000	0.000000000	0.000000000	0.000000000	0.000000000
0.000000000	-700.000000000	1.816132123	120.486023482	0.000000000	0.000000000	0.000000000	0.000000000	0.000000000
100.000000000	-700.000000000	1.760555681	120.486023482	0.000000000	0.000000000	0.000000000	0.000000000	0.000000000
200.000000000	-700.000000000	1.601365715	120.486023482	0.000000000	0.000000000	0.000000000	0.000000000	0.000000000
300.000000000	-700.000000000	1.296623808	120.486023482	0.000000000	0.000000000	0.000000000	0.000000000	0.000000000
400.000000000	-700.000000000	1.209903265	120.486023482	0.000000000	0.000000000	0.000000000	0.000000000	0.000000000
500.000000000	-700.000000000	0.992070273	120.486023482	0.000000000	0.000000000	0.000000000	0.000000000	0.000000000
600.000000000	-700.000000000	0.781834627	120.486023482	0.000000000	0.000000000	0.000000000	0.000000000	0.000000000
700.000000000	-700.000000000	0.665432049	120.486023482	0.000000000	0.000000000	0.000000000	0.000000000	0.000000000
800.000000000	-700.000000000	0.585322076	120.486023482	0.000000000	0.000000000	0.000000000	0.000000000	0.000000000
900.000000000	-700.000000000	0.510792119	120.486023482	0.000000000	0.000000000	0.000000000	0.000000000	0.000000000
1000.000000000	-700.000000000	0.453807152	120.486023482	0.000000000	0.000000000	0.000000000	0.000000000	0.000000000
-1000.000000000	-600.000000000	0.444205549	120.392162834	0.000000000	0.000000000	0.000000000	0.000000000	0.000000000
-900.000000000	-600.000000000	0.477072203	120.392162834	0.000000000	0.000000000	0.000000000	0.000000000	0.000000000
-800.000000000	-600.000000000	0.545405547	120.392162834	0.000000000	0.000000000	0.000000000	0.000000000	0.000000000
-700.000000000	-600.000000000	0.627933626	120.392162834	0.000000000	0.000000000	0.000000000	0.000000000	0.000000000
-600.000000000	-600.000000000	0.739778491	120.392162834	0.000000000	0.000000000	0.000000000	0.000000000	0.000000000
-500.000000000	-600.000000000	0.896355222	120.392162834	0.000000000	0.000000000	0.000000000	0.000000000	0.000000000
-400.000000000	-600.000000000	1.134283297	120.392162834	0.000000000	0.000000000	0.000000000	0.000000000	0.000000000
-300.000000000	-600.000000000	1.351248607	120.392162834	0.000000000	0.000000000	0.000000000	0.000000000	0.000000000
-200.000000000	-600.000000000	1.562809491	120.392162834	0.000000000	0.000000000	0.000000000	0.000000000	0.000000000
-100.000000000	-600.000000000	1.703737992	120.392162834	0.000000000	0.000000000	0.000000000	0.000000000	0.000000000
0.000000000	-600.000000000	1.791094468	120.392162834	0.000000000	0.000000000	0.000000000	0.000000000	0.000000000
100.000000000	-600.000000000	1.756567881	120.392162834	0.000000000	0.000000000	0.000000000	0.000000000	0.000000000
200.000000000	-600.000000000	1.582529529	120.392162834	0.000000000	0.000000000	0.000000000	0.000000000	0.000000000
300.000000000	-600.000000000	1.343826830	120.392162834	0.000000000	0.000000000	0.000000000	0.000000000	0.000000000
400.000000000	-600.000000000	1.153534827	120.392162834	0.000000000	0.000000000	0.000000000	0.000000000	0.000000000
500.000000000	-600.000000000	0.937186214	120.392162834	0.000000000	0.000000000	0.000000000	0.000000000	0.000000000
600.000000000	-600.000000000	0.749671496	120.392162834	0.000000000	0.000000000	0.000000000	0.000000000	0.000000000
700.000000000	-600.000000000	0.624457793	120.392162834	0.000000000	0.000000000	0.000000000	0.000000000	0.000000000
800.000000000	-600.000000000	0.538495741	120.392162834	0.000000000	0.000000000	0.000000000	0.000000000	0.000000000
900.000000000	-600.000000000	0.481753870	120.392162834	0.000000000	0.000000000	0.000000000	0.000000000	0.000000000
1000.000000000	-600.000000000	0.437722374	120.392162834	0.000000000	0.000000000	0.000000000	0.000000000	0.000000000
-1000.000000000	-500.000000000	0.416569548	120.433884446	0.000000000	0.000000000	0.000000000	0.000000000	0.000000000
-900.000000000	-500.000000000	0.454038981	120.433884446	0.000000000	0.000000000	0.000000000	0.000000000	0.000000000
-800.000000000	-500.000000000	0.500164992	120.433884446	0.000000000	0.000000000	0.000000000	0.000000000	0.000000000
-700.000000000	-500.000000000	0.596408033	120.433884446	0.000000000	0.000000000	0.000000000	0.000000000	0.000000000
-600.000000000	-500.000000000	0.715265737	120.433884446	0.000000000	0.000000000	0.000000000	0.000000000	0.000000000
-500.000000000	-500.000000000	0.838838943	120.433884446	0.000000000	0.000000000	0.000000000	0.000000000	0.000000000
-400.000000000	-500.000000000	1.032464982	120.433884446	0.000000000	0.000000000	0.000000000	0.000000000	0.000000000
-300.000000000	-500.000000000	1.290382007	120.433884446	0.000000000	0.000000000	0.000000000	0.000000000	0.000000000
-200.000000000	-500.000000000	1.514107492	120.433884446	0.000000000	0.000000000	0.000000000	0.000000000	0.000000000
-100.000000000	-500.000000000	1.704953491	120.433884446	0.000000000	0.000000000	0.000000000	0.000000000	0.000000000
0.000000000	-500.000000000	1.787196825	120.433884446	0.000000000	0.000000000	0.000000000	0.000000000	0.000000000
100.000000000	-500.000000000	1.724528641	120.433884446	0.000000000	0.000000000	0.000000000	0.000000000	0.000000000
200.000000000	-500.000000000	1.566117898	120.433884446	0.000000000	0.000000000	0.000000000	0.000000000	0.000000000
300.000000000	-500.000000000	1.326528139	120.433884446	0.000000000	0.000000000	0.000000000	0.000000000	0.000000000
400.000000000	-500.000000000	1.097688011	120.433884446	0.000000000	0.000000000	0.000000000	0.000000000	0.000000000
500.000000000	-500.000000000	0.889195874	120.433884446	0.000000000	0.000000000	0.000000000	0.000000000	0.000000000
600.000000000	-500.000000000	0.692222849	120.433884446	0.000000000	0.000000000	0.000000000	0.000000000	0.000000000
700.000000000	-500.000000000	0.605608766	120.433884446	0.000000000	0.000000000	0.000000000	0.000000000	0.000000000
800.000000000	-500.000000000	0.515713666	120.433884446	0.000000000	0.000000000	0.000000000	0.000000000	0.000000000
900.000000000	-500.000000000	0.453992293	120.433884446	0.000000000	0.000000000	0.000000000	0.000000000	0.000000000
1000.000000000	-500.000000000	0.413491368	120.433884446	0.000000000	0.000000000	0.000000000	0.000000000	0.000000000
-1000.000000000	-400.000000000	0.403806050	11.750000000	0.000000000	0.000000000	0.000000000	0.000000000	0.000000000
-900.000000000	-400.000000000	0.438287458	11.750000000	0.000000000	0.000000000	0.000000000	0.000000000	0.000000000
-800.000000000	-400.000000000	0.472516110	11.750000000	0.000000000	0.000000000	0.000000000	0.000000000	0.000000000
-700.000000000	-400.000000000	0.535224369	11.750000000	0.000000000	0.000000000	0.000000000	0.000000000	0.000000000
-600.000000000	-400.000000000	0.643770479	11.750000000	0.000000000	0.000000000	0.000000000	0.000000000	0.000000000
-500.000000000	-400.000000000	0.813347349	11.750000000	0.000000000	0.000000000	0.000000000	0.000000000	0.000000000
-400.000000000	-400.000000000	0.981417378	11.750000000	0.000000000	0.000000000	0.000000000	0.000000000	0.000000000
-300.000000000	-400.000000000	1.254863749	11.750000000	0.000000000	0.000000000	0.000000000	0.000000000	0.000000000
-200.000000000	-400.000000000	1.487864022	11.750000000	0.000000000	0.000000000	0.000000000	0.000000000	0.000000000
-100.000000000	-400.000000000	1.710066631	11.750000000	0.000000000	0.000000000	0.000000000	0.000000000	0.000000000
0.000000000	-400.000000000	1.801486575	11.750000000	0.000000000	0.000000000	0.000000000	0.000000000	0.000000000
100.000000000	-400.000000000	1.731953643	11.750000000	0.000000000	0.000000000	0.000000000	0.000000000	0.000000000
200.000000000	-400.000000000	1.509892695	11.750000000	0.000000000	0.000000000	0.000000000	0.000000000	0.000000000
300.000000000	-400.000000000	1.283427111	11.750000000	0.000000000	0.000000000	0.000000000	0.000000000	0.000000000
400.000000000	-400.000000000	1.045434565	11.750000000	0.000000000	0.000000000	0.000000000	0.000000000	0.000000000
500.000000000	-400.000000000	0.811029053	11.750000000	0.000000000	0.000000000	0.000000000	0.000000000	0.000000000
600.000000000	-400.000000000	0.653380134	11.750000000	0.000000000	0.000000000	0.000000000	0.000000000	0.000000000
700.000000000	-400.000000000	0.570386783	11.750000000	0.000000000	0.000000000	0.000000000	0.000000000	0.000000000
800.000000000	-400.000000000	0.492989549	11.750000000	0.000000000	0.000000000	0.000000000	0.000000000	0.000000000
900.000000000	-400.000000000	0.427206333	11.750000000	0.000000000	0.000000000	0.000000000	0.000000000	0.000000000
1000.000000000	-400.000000000	0.407446094	11.750000000	0.000000000	0.000000000	0.000000000	0.000000000	0.000000000
-1000.000000000	-300.000000000	0.393418803	120.423454908	0.000000000	0.000000000	0.000000000	0.000000000	0.000000000
-900.000000000	-300.000000000	0.425693002	120.423454908	0.000000000	0.000000000	0.000000000	0.000000000	0.000000000
-800.000000000	-300.000000000	0.465345496	120.423454908	0.000000000	0.000000000	0.000000000	0.000000000	0.000000000
-700.000000000	-300.000000000	0.535448149	120.423454908	0.000000000	0.000000000	0.000000000	0.000000000	0.000000000
-600.000000000	-300.000000000	0.614532592	120.423454908	0.000000000	0.000000000	0.000000000	0.000000000	0.000000000
-500.000000000	-300.000000000	0.772094565	120.423454908	0.000000000	0.000000000	0.000000000	0.000000000	0.000000000
-400.000000000	-300.000000000	0.952243871	120.423454908	0.000000000	0.000000000	0.000000000	0.000000000	0.000000000
-300.000000000	-300.000000000	1.224543955	120.423454908	0.000000000	0.000000000	0.000000000	0.000000000	0.000000000
-200.000000000	-300.000000000	1.449473633	120.423454908	0.000000000	0.000000000	0.000000000	0.000000000	0.000000000
-100.000000000	-300.000000000	1.698098406	120.423454908	0.000000000	0.000000000	0.000000000	0.000000000	0.000000000
0.000000000	-300.000000000	1.824869221	120.423454908	0.000000000	0.000000000	0.000000000	0.000000000	0.000000000
100.000000000	-300.000000000	1.736994338	120.423454908	0.000000000	0.000000000	0.000000000	0.000000000	0.000000000
200.000000000	-300.000000000	1.533824307	120.423454908	0.000000000	0.000000000	0.000000000	0.000000000	0.000000000
300.000000000	-300.000000000	1.260350390	120.423454908	0.000000000	0.000000000	0.000000000	0.000000000	0.000000000
400.000000000	-300.000000000	1.018117301	120.423454908	0.000000000	0.000000000	0.000000000	0.000000000	0.000000000
500.000000000	-300.000000000	0.811273762	120.423454908	0.000000000	0.000000000	0.000000000	0.000000000	0.000000000
600.000000000	-300.000000000	0.659119524	120.423454908	0.000000000	0.000000000	0.000000000	0.000000000	0.000000000
700.000000000	-300.000000000	0.536465623	120.423454908	0.000000000	0.000000000	0.000000000	0.000000000	0.000000000
800.000000000	-300.000000000	0.474937440	120.423454908	0.000000000	0.000000000	0.000000000	0.000000000	0.000000000
900.000000000	-300.000000000	0.429597074	120.423454908	0.000000000	0.000000000	0.000000000	0.000000000	0.000000000
1000.000000000	-300.000000000	0.400412325	120.423454908	0.000000000	0.000000000	0.000000000	0.000000000	0.000000000
-1000.000000000	-200.000000000	0.393114527	120.558993862	0.000000000	0.000000000	0.000000000	0.000000000	0.000000000
-900.000000000	-200.000000000	0.411543357	120.558993862	0.000000000	0.000000000	0.000000000	0.000000000	0.000000000
-800.000000000	-200.000000000	0.453147082	120.558993862	0.000000000	0.000000000	0.000000000	0.000000000	0.000000000
-700.000000000	-200.000000000	0.507404833	120.558993862	0.000000000	0.000000000	0.000000000	0.000000000	0.000000000
-600.000000000	-200.000000000	0.611502709	120.558993862	0.000000000	0.000000000	0.000000000	0.000000000	0.000000000
-500.000000000	-200.000000000	0.731405259	120.558993862	0.000000000	0.000000000	0.000000000	0.000000000	0.000000000
-400.000000000	-200.000000000	0.943849706	120.558993862	0.000000000	0.000000000	0.000000000	0.000000000	0.000000000
-300.000000000	-200.000000000	1.182265613	120.558993862	0.000000000	0.000000000	0.000000000	0.000000000	0.000000000
-200.000000000	-200.000000000	1.429040404	120.558993862	0.000000000	0.000000000	0.000000000	0.000000000	0.000000000
-100.000000000	-200.000000000	1.688904090	120.558993862	0.000000000	0.000000000	0.000000000	0.000000000	0.000000000
0.000000000	-200.000000000	1.826812408	120.558993862	0.000000000	0.000000000	0.000000000	0.000000000	0.000000000
100.000000000	-200.000000000	1.729282768	120.558993862	0.000000000	0.000000000	0.000000000	0.000000000	0.000000000
200.000000000	-200.000000000	1.503340281	120.558993862	0.000000000	0.000000000	0.000000000	0.000000000	0.000000000
300.000000000	-200.000000000	1.221786149	120.558993862	0.000000000	0.000000000	0.000000000	0.000000000	0.000000000
400.000000000	-200.000000000	0.973457893	120.558993862	0.000000000	0.000000000	0.000000000	0.000000000	0.000000000
500.000000000	-200.000000000	0.784969155	120.558993862	0.000000000	0.000000000	0.000000000	0.000000000	0.000000000
600.000000000	-200.000000000	0.621957576	120.558993862	0.000000000	0.000000000	0.000000000	0.000000000	0.000000000
700.000000000	-200.000000000	0.530573291	120.558993862	0.000000000	0.000000000	0.000000000	0.000000000	0.000000000
800.000000000	-200.000000000	0.461929232	120.558993862	0.000000000	0.000000000	0.000000000	0.000000000	0.000000000
900.000000000	-200.000000000	0.417265036	120.558993862	0.000000000	0.000000000	0.000000000	0.000000000	0.000000000
1000.000000000	-200.000000000	0.392963194	120.558993862	0.000000000	0.000000000	0.000000000	0.000000000	0.000000000
-1000.000000000	-100.000000000	0.390248858	120.558993862	0.000000000	0.000000000	0.000000000	0.000000000	0.000000000
-900.000000000	-100.000000000	0.409352247	120.558993862	0.000000000	0.000000000	0.000000000	0.000000000	0.000000000
-800.000000000	-100.000000000	0.445485441	120.558993862	0.000000000	0.000000000	0.000000000	0.000000000	0.000000000
-700.000000000	-100.000000000	0.494457802	120.558993862	0.000000000	0.000000000	0.000000000	0.000000000	0.000000000
-600.000000000	-100.000000000	0.590100339	120.558993862	0.000000000	0.000000000	0.000000000	0.000000000	0.000000000
-500.000000000	-100.000000000	0.721262717	120.558993862	0.000000000	0.000000000	0.000000000	0.000000000	0.000000000
-400.000000000	-100.000000000	0.896643400	120.558993862	0.000000000	0.000000000	0.000000000	0.000000000	0.000000000
-300.000000000	-100.000000000	1.103863698	120.558993862	0.000000000	0.000000000	0.000000000	0.000000000	0.000000000
-200.000000000	-100.000000000	1.351963413	120.558993862	0.000000000	0.000000000	0.000000000	0.000000000	0.000000000
-100.000000000	-100.000000000	1.625300552	120.558993862	0.000000000	0.000000000	0.000000000	0.000000000	0.000000000
0.000000000	-100.000000000	1.788087116	120.558993862	0.000000000	0.000000000	0.000000000	0.000000000	0.000000000
100.000000000	-100.000000000	1.690167884	120.558993862	0.000000000	0.000000000	0.000000000	0.000000000	0.000000000
200.000000000	-100.000000000	1.425028459	120.558993862	0.000000000	0.000000000	0.000000000	0.000000000	0.000000000
300.000000000	-100.000000000	1.151675357	120.558993862	0.000000000	0.000000000	0.000000000	0.000000000	0.000000000
400.000000000	-100.000000000	0.931715679	120.558993862	0.000000000	0.000000000	0.000000000	0.000000000	0.000000000
500.000000000	-100.000000000	0.732052450	120.558993862	0.000000000	0.000000000	0.000000000	0.000000000	0.000000000
600.000000000	-100.000000000	0.594794886	120.558993862	0.000000000	0.000000000	0.000000000	0.000000000	0.000000000
700.000000000	-100.000000000	0.516095218	120.558993862	0.000000000	0.000000000	0.000000000	0.000000000	0.000000000
800.000000000	-100.000000000	0.453594641	120.558993862	0.000000000	0.000000000	0.000000000	0.000000000	0.000000000
900.000000000	-100.000000000	0.420235351	120.558993862	0.000000000	0.000000000	0.000000000	0.000000000	0.000000000
1000.000000000	-100.000000000	0.389920433	120.558993862	0.000000000	0.000000000	0.000000000	0.000000000	0.000000000
-1000.000000000	0.000000000	0.383440479	120.350432005	0.000000000	0.000000000	0.000000000	0.000000000	0.000000000
-900.000000000	0.000000000	0.406352954	120.350432005	0.000000000	0.000000000	0.000000000	0.000000000	0.000000000
-800.000000000	0.000000000	0.437617729	120.350432005	0.000000000	0.000000000	0.000000000	0.000000000	0.000000000
-700.000000000	0.000000000	0.492141117	120.350432005	0.000000000	0.000000000	0.000000000	0.000000000	0.000000000
-600.000000000	0.000000000	0.576544754	120.350432005	0.000000000	0.000000000	0.000000000	0.000000000	0.000000000
-500.000000000	0.000000000	0.699989137	120.350432005	0.000000000	0.000000000	0.000000000	0.000000000	0.000000000
-400.000000000	0.000000000	0.875596814	120.350432005	0.000000000	0.000000000	0.000000000	0.000000000	0.000000000
-300.000000000	0.000000000	1.099486301	120.350432005	0.000000000	0.000000000	0.000000000	0.000000000	0.000000000
-200.000000000	0.000000000	1.370674014	120.350432005	0.000000000	0.000000000	0.000000000	0.000000000	0.000000000
-100.000000000	0.000000000	1.623957871	120.350432005	0.000000000	0.000000000	0.000000000	0.000000000	0.000000000
0.000000000	0.000000000	1.800354794	120.350432005	0.000000000	0.000000000	0.000000000	0.000000000	0.000000000
100.000000000	0.000000000	1.679788660	120.350432005	0.000000000	0.000000000	0.000000000	0.000000000	0.000000000
200.000000000	0.000000000	1.431704838	120.350432005	0.000000000	0.000000000	0.000000000	0.000000000	0.000000000
300.000000000	0.000000000	1.159865064	120.350432005	0.000000000	0.000000000	0.000000000	0.000000000	0.000000000
400.000000000	0.000000000	0.929841724	120.350432005	0.000000000	0.000000000	0.000000000	0.000000000	0.000000000
500.000000000	0.000000000	0.735351191	120.350432005	0.000000000	0.000000000	0.000000000	0.000000000	0.000000000
600.000000000	0.000000000	0.599590859	120.350432005	0.000000000	0.000000000	0.000000000	0.000000000	0.000000000
700.000000000	0.000000000	0.504828951	120.350432005	0.000000000	0.000000000	0.000000000	0.000000000	0.000000000
800.000000000	0.000000000	0.447277289	120.350432005	0.000000000	0.000000000	0.000000000	0.000000000	0.000000000
900.000000000	0.000000000	0.410311763	120.350432005	0.000000000	0.000000000	0.000000000	0.000000000	0.000000000
1000.000000000	0.000000000	0.386045340	120.350432005	0.000000000	0.000000000	0.000000000	0.000000000	0.000000000
-1000.000000000	100.000000000	0.382091360	120.444313408	0.000000000	0.000000000	0.000000000	0.000000000	0.000000000
-900.000000000	100.000000000	0.403561341	120.444313408	0.000000000	0.000000000	0.000000000	0.000000000	0.000000000
-800.000000000	100.000000000	0.436012632	120.444313408	0.000000000	0.000000000	0.000000000	0.000000000	0.000000000
-700.000000000	100.000000000	0.487338706	120.444313408	0.000000000	0.000000000	0.000000000	0.000000000	0.000000000
-600.000000000	100.000000000	0.567187858	120.444313408	0.000000000	0.000000000	0.000000000	0.000000000	0.000000000
-500.000000000	100.000000000	0.684583743	120.444313408	0.000000000	0.000000000	0.000000000	0.000000000	0.000000000
-400.000000000	100.000000000	0.859272146	120.444313408	0.000000000	0.000000000	0.000000000	0.000000000	0.000000000
-300.000000000	100.000000000	1.080840110	120.444313408	0.000000000	0.000000000	0.000000000	0.000000000	0.000000000
-200.000000000	100.000000000	1.350295527	120.444313408	0.000000000	0.000000000	0.000000000	0.000000000	0.000000000
-100.000000000	100.000000000	1.618141193	120.444313408	0.000000000	0.000000000	0.000000000	0.000000000	0.000000000
0.000000000	100.000000000	1.791154038	120.444313408	0.000000000	0.000000000	0.000000000	0.000000000	0.000000000
100.000000000	100.000000000	1.688498387	120.444313408	0.000000000	0.000000000	0.000000000	0.000000000	0.000000000
200.000000000	100.000000000	1.416930514	120.444313408	0.000000000	0.000000000	0.000000000	0.000000000	0.000000000
300.000000000	100.000000000	1.149418237	120.444313408	0.000000000	0.000000000	0.000000000	0.000000000	0.000000000
400.000000000	100.000000000	0.912734629	120.444313408	0.000000000	0.000000000	0.000000000	0.000000000	0.000000000
500.000000000	100.000000000	0.722032262	120.444313408	0.000000000	0.000000000	0.000000000	0.000000000	0.000000000
600.000000000	100.000000000	0.589134383	120.444313408	0.000000000	0.000000000	0.000000000	0.000000000	0.000000000
700.000000000	100.000000000	0.502299755	120.444313408	0.000000000	0.000000000	0.000000000	0.000000000	0.000000000
800.000000000	100.000000000	0.445403334	120.444313408	0.000000000	0.000000000	0.000000000	0.000000000	0.000000000
900.000000000	100.000000000	0.408346043	120.444313408	0.000000000	0.000000000	0.000000000	0.000000000	0.000000000
1000.000000000	100.000000000	0.384900682	120.444313408	0.000000000	0.000000000	0.000000000	0.000000000	0.000000000
-1000.000000000	200.000000000	0.383454968	120.444313408	0.000000000	0.000000000	0.000000000	0.000000000	0.000000000
-900.000000000	200.000000000	0.405102041	120.444313408	0.000000000	0.000000000	0.000000000	0.000000000	0.000000000
-800.000000000	200.000000000	0.438221451	120.444313408	0.000000000	0.000000000	0.000000000	0.000000000	0.000000000
-700.000000000	200.000000000	0.487823294	120.444313408	0.000000000	0.000000000	0.000000000	0.000000000	0.000000000
-600.000000000	200.000000000	0.566548717	120.444313408	0.000000000	0.000000000	0.000000000	0.000000000	0.000000000
-500.000000000	200.000000000	0.691483891	120.444313408	0.000000000	0.000000000	0.000000000	0.000000000	0.000000000
-400.000000000	200.000000000	0.868181486	120.444313408	0.000000000	0.000000000	0.000000000	0.000000000	0.000000000
-300.000000000	200.000000000	1.097396614	120.444313408	0.000000000	0.000000000	0.000000000	0.000000000	0.000000000
-200.000000000	200.000000000	1.355072187	120.444313408	0.000000000	0.000000000	0.000000000	0.000000000	0.000000000
-100.000000000	200.000000000	1.638627561	120.444313408	0.000000000	0.000000000	0.000000000	0.000000000	0.000000000
0.000000000	200.000000000	1.791596767	120.444313408	0.000000000	0.000000000	0.000000000	0.000000000	0.000000000
100.000000000	200.000000000	1.700872315	120.444313408	0.000000000	0.000000000	0.000000000	0.000000000	0.000000000
200.000000000	200.000000000	1.445350604	120.444313408	0.000000000	0.000000000	0.000000000	0.000000000	0.000000000
300.000000000	200.000000000	1.159058490	120.444313408	0.000000000	0.000000000	0.000000000	0.000000000	0.000000000
400.000000000	200.000000000	0.920768169	120.444313408	0.000000000	0.000000000	0.000000000	0.000000000	0.000000000
500.000000000	200.000000000	0.731686997	120.444313408	0.000000000	0.000000000	0.000000000	0.000000000	0.000000000
600.000000000	200.000000000	0.595638488	120.444313408	0.000000000	0.000000000	0.000000000	0.000000000	0.000000000
700.000000000	200.000000000	0.508250045	120.444313408	0.000000000	0.000000000	0.000000000	0.000000000	0.000000000
800.000000000	200.000000000	0.448871116	120.444313408	0.000000000	0.000000000	0.000000000	0.000000000	0.000000000
900.000000000	200.000000000	0.408835460	120.444313408	0.000000000	0.000000000	0.000000000	0.000000000	0.000000000
1000.000000000	200.000000000	0.384002343	120.444313408	0.000000000	0.000000000	0.000000000	0.000000000	0.000000000
-1000.000000000	300.000000000	0.388033599	120.454741792	0.000000000	0.000000000	0.000000000	0.000000000	0.000000000
-900.000000000	300.000000000	0.409487481	120.454741792	0.000000000	0.000000000	0.000000000	0.000000000	0.000000000
-800.000000000	300.000000000	0.442985224	120.454741792	0.000000000	0.000000000	0.000000000	0.000000000	0.000000000
-700.000000000	300.000000000	0.496869472	120.454741792	0.000000000	0.000000000	0.000000000	0.000000000	0.000000000
-600.000000000	300.000000000	0.578264156	120.454741792	0.000000000	0.000000000	0.000000000	0.000000000	0.000000000
-500.000000000	300.000000000	0.704917125	120.454741792	0.000000000	0.000000000	0.000000000	0.000000000	0.000000000
-400.000000000	300.000000000	0.885398054	120.454741792	0.000000000	0.000000000	0.000000000	0.000000000	0.000000000
-300.000000000	300.000000000	1.124770229	120.454741792	0.000000000	0.000000000	0.000000000	0.000000000	0.000000000
-200.000000000	300.000000000	1.394842277	120.454741792	0.000000000	0.000000000	0.000000000	0.000000000	0.000000000
-100.000000000	300.000000000	1.664095055	120.454741792	0.000000000	0.000000000	0.000000000	0.000000000	0.000000000
0.000000000	300.000000000	1.801826271	120.454741792	0.000000000	0.000000000	0.000000000	0.000000000	0.000000000
100.000000000	300.000000000	1.721123637	120.454741792	0.000000000	0.000000000	0.000000000	0.000000000	0.000000000
200.000000000	300.000000000	1.484215922	120.454741792	0.000000000	0.000000000	0.000000000	0.000000000	0.000000000
300.000000000	300.000000000	1.204324859	120.454741792	0.000000000	0.000000000	0.000000000	0.000000000	0.000000000
400.000000000	300.000000000	0.950860943	120.454741792	0.000000000	0.000000000	0.000000000	0.000000000	0.000000000
500.000000000	300.000000000	0.750639062	120.454741792	0.000000000	0.000000000	0.000000000	0.000000000	0.000000000
600.000000000	300.000000000	0.604866590	120.454741792	0.000000000	0.000000000	0.000000000	0.000000000	0.000000000
700.000000000	300.000000000	0.507306628	120.454741792	0.000000000	0.000000000	0.000000000	0.000000000	0.000000000
800.000000000	300.000000000	0.453308074	120.454741792	0.000000000	0.000000000	0.000000000	0.000000000	0.000000000
900.000000000	300.000000000	0.413679730	120.454741792	0.000000000	0.000000000	0.000000000	0.000000000	0.000000000
1000.000000000	300.000000000	0.388485988	120.454741792	0.000000000	0.000000000	0.000000000	0.000000000	0.000000000
-1000.000000000	400.000000000	0.390979765	120.517299972	0.000000000	0.000000000	0.000000000	0.000000000	0.000000000
-900.000000000	400.000000000	0.418065170	120.517299972	0.000000000	0.000000000	0.000000000	0.000000000	0.000000000
-800.000000000	400.000000000	0.447826274	120.517299972	0.000000000	0.000000000	0.000000000	0.000000000	0.000000000
-700.000000000	400.000000000	0.508074563	120.517299972	0.000000000	0.000000000	0.000000000	0.000000000	0.000000000
-600.000000000	400.000000000	0.600102816	120.517299972	0.000000000	0.000000000	0.000000000	0.000000000	0.000000000
-500.000000000	400.000000000	0.727047186	120.517299972	0.000000000	0.000000000	0.000000000	0.000000000	0.000000000
-400.000000000	400.000000000	0.912943919	120.517299972	0.000000000	0.000000000	0.000000000	0.000000000	0.000000000
-300.000000000	400.000000000	1.156511582	120.517299972	0.000000000	0.000000000	0.000000000	0.000000000	0.000000000
-200.000000000	400.000000000	1.419570797	120.517299972	0.000000000	0.000000000	0.000000000	0.000000000	0.000000000
-100.000000000	400.000000000	1.682552911	120.517299972	0.000000000	0.000000000	0.000000000	0.000000000	0.000000000
0.000000000	400.000000000	1.797167130	120.517299972	0.000000000	0.000000000	0.000000000	0.000000000	0.000000000
100.000000000	400.000000000	1.748104473	120.517299972	0.000000000	0.000000000	0.000000000	0.000000000	0.000000000
200.000000000	400.000000000	1.499107773	120.517299972	0.000000000	0.000000000	0.000000000	0.000000000	0.000000000
300.000000000	400.000000000	1.231719409	120.517299972	0.000000000	0.000000000	0.000000000	0.000000000	0.000000000
400.000000000	400.000000000	0.981835961	120.517299972	0.000000000	0.000000000	0.000000000	0.000000000	0.000000000
500.000000000	400.000000000	0.771759700	120.517299972	0.000000000	0.000000000	0.000000000	0.000000000	0.000000000
600.000000000	400.000000000	0.620698613	120.517299972	0.000000000	0.000000000	0.000000000	0.000000000	0.000000000
700.000000000	400.000000000	0.530735893	120.517299972	0.000000000	0.000000000	0.000000000	0.000000000	0.000000000
800.000000000	400.000000000	0.462922557	120.517299972	0.000000000	0.000000000	0.000000000	0.000000000	0.000000000
900.000000000	400.000000000	0.423031793	120.517299972	0.000000000	0.000000000	0.000000000	0.000000000	0.000000000
1000.000000000	400.000000000	0.403395518	120.517299972	0.000000000	0.000000000	0.000000000	0.000000000	0.000000000
-1000.000000000	500.000000000	0.406050287	120.496449557	0.000000000	0.000000000	0.000000000	0.000000000	0.000000000
-900.000000000	500.000000000	0.428800161	120.496449557	0.000000000	0.000000000	0.000000000	0.000000000	0.000000000
-800.000000000	500.000000000	0.468810059	120.496449557	0.000000000	0.000000000	0.000000000	0.000000000	0.000000000
-700.000000000	500.000000000	0.531112616	120.496449557	0.000000000	0.000000000	0.000000000	0.000000000	0.000000000
-600.000000000	500.000000000	0.611138866	120.496449557	0.000000000	0.000000000	0.000000000	0.000000000	0.000000000
-500.000000000	500.000000000	0.748055128	120.496449557	0.000000000	0.000000000	0.000000000	0.000000000	0.000000000
-400.000000000	500.000000000	0.936994632	120.496449557	0.000000000	0.000000000	0.000000000	0.000000000	0.000000000
-300.000000000	500.000000000	1.163696695	120.496449557	0.000000000	0.000000000	0.000000000	0.000000000	0.000000000
-200.000000000	500.000000000	1.453350344	120.496449557	0.000000000	0.000000000	0.000000000	0.000000000	0.000000000
-100.000000000	500.000000000	1.678908028	120.496449557	0.000000000	0.000000000	0.000000000	0.000000000	0.000000000
0.000000000	500.000000000	1.808372253	120.496449557	0.000000000	0.000000000	0.000000000	0.000000000	0.000000000
100.000000000	500.000000000	1.739368986	120.496449557	0.000000000	0.000000000	0.000000000	0.000000000	0.000000000
200.000000000	500.000000000	1.527951283	120.496449557	0.000000000	0.000000000	0.000000000	0.000000000	0.000000000
300.000000000	500.000000000	1.258317048	120.496449557	0.000000000	0.000000000	0.000000000	0.000000000	0.000000000
400.000000000	500.000000000	1.010462092	120.496449557	0.000000000	0.000000000	0.000000000	0.000000000	0.000000000
500.000000000	500.000000000	0.810711898	120.496449557	0.000000000	0.000000000	0.000000000	0.000000000	0.000000000
600.000000000	500.000000000	0.654041814	120.496449557	0.000000000	0.000000000	0.000000000	0.000000000	0.000000000
700.000000000	500.000000000	0.550943696	120.496449557	0.000000000	0.000000000	0.000000000	0.000000000	0.000000000
800.000000000	500.000000000	0.478930058	120.496449557	0.000000000	0.000000000	0.000000000	0.000000000	0.000000000
900.000000000	500.000000000	0.445926560	120.496449557	0.000000000	0.000000000	0.000000000	0.000000000	0.000000000
1000.000000000	500.000000000	0.403733603	120.496449557	0.000000000	0.000000000	0.000000000	0.000000000	0.000000000
-1000.000000000	600.000000000	0.405993940	120.465169599	0.000000000	0.000000000	0.000000000	0.000000000	0.000000000
-900.000000000	600.000000000	0.438670621	120.465169599	0.000000000	0.000000000	0.000000000	0.000000000	0.000000000
-800.000000000	600.000000000	0.482399450	120.465169599	0.000000000	0.000000000	0.000000000	0.000000000	0.000000000
-700.000000000	600.000000000	0.547970161	120.465169599	0.000000000	0.000000000	0.000000000	0.000000000	0.000000000
-600.000000000	600.000000000	0.640012908	120.465169599	0.000000000	0.000000000	0.000000000	0.000000000	0.000000000
-500.000000000	600.000000000	0.779165367	120.465169599	0.000000000	0.000000000	0.000000000	0.000000000	0.000000000
-400.000000000	600.000000000	0.944704579	120.465169599	0.000000000	0.000000000	0.000000000	0.000000000	0.000000000
-300.000000000	600.000000000	1.187560668	120.465169599	0.000000000	0.000000000	0.000000000	0.000000000	0.000000000
-200.000000000	600.000000000	1.430387915	120.465169599	0.000000000	0.000000000	0.000000000	0.000000000	0.000000000
-100.000000000	600.000000000	1.659448793	120.465169599	0.000000000	0.000000000	0.000000000	0.000000000	0.000000000
0.000000000	600.000000000	1.779145557	120.465169599	0.000000000	0.000000000	0.000000000	0.000000000	0.000000000
100.000000000	600.000000000	1.711370674	120.465169599	0.000000000	0.000000000	0.000000000	0.000000000	0.000000000
200.000000000	600.000000000	1.536213443	120.465169599	0.000000000	0.000000000	0.000000000	0.000000000	0.000000000
300.000000000	600.000000000	1.248968188	120.465169599	0.000000000	0.000000000	0.000000000	0.000000000	0.000000000
400.000000000	600.000000000	1.042509324	120.465169599	0.000000000	0.000000000	0.000000000	0.000000000	0.000000000
500.000000000	600.000000000	0.838270638	120.465169599	0.000000000	0.000000000	0.000000000	0.000000000	0.000000000
600.000000000	600.000000000	0.666216083	120.465169599	0.000000000	0.000000000	0.000000000	0.000000000	0.000000000
700.000000000	600.000000000	0.570291798	120.465169599	0.000000000	0.000000000	0.000000000	0.000000000	0.000000000
800.000000000	600.000000000	0.494630064	120.465169599	0.000000000	0.000000000	0.000000000	0.000000000	0.000000000
900.000000000	600.000000000	0.440138874	120.465169599	0.000000000	0.000000000	0.000000000	0.000000000	0.000000000
1000.000000000	600.000000000	0.414500792	120.465169599	0.000000000	0.000000000	0.000000000	0.000000000	0.000000000
-1000.000000000	700.000000000	0.423067212	120.287818505	0.000000000	0.000000000	0.000000000	0.000000000	0.000000000
-900.000000000	700.000000000	0.443440834	120.287818505	0.000000000	0.000000000	0.000000000	0.000000000	0.000000000
-800.000000000	700.000000000	0.498791725	120.287818505	0.000000000	0.000000000	0.000000000	0.000000000	0.000000000
-700.000000000	700.000000000	0.556056823	120.287818505	0.000000000	0.000000000	0.000000000	0.000000000	0.000000000
-600.000000000	700.000000000	0.645646043	120.287818505	0.000000000	0.000000000	0.000000000	0.000000000	0.000000000
-500.000000000	700.000000000	0.787234323	120.287818505	0.000000000	0.000000000	0.000000000	0.000000000	0.000000000
-400.000000000	700.000000000	0.990449074	120.287818505	0.000000000	0.000000000	0.000000000	0.000000000	0.000000000
-300.000000000	700.000000000	1.243217520	120.287818505	0.000000000	0.000000000	0.000000000	0.000000000	0.000000000
-200.000000000	700.000000000	1.484708557	120.287818505	0.000000000	0.000000000	0.000000000	0.000000000	0.000000000
-100.000000000	700.000000000	1.664003288	120.287818505	0.000000000	0.000000000	0.000000000	0.000000000	0.000000000
0.000000000	700.000000000	1.757949202	120.287818505	0.000000000	0.000000000	0.000000000	0.000000000	0.000000000
100.000000000	700.000000000	1.711918051	120.287818505	0.000000000	0.000000000	0.000000000	0.000000000	0.000000000
200.000000000	700.000000000	1.527434492	120.287818505	0.000000000	0.000000000	0.000000000	0.000000000	0.000000000
300.000000000	700.000000000	1.322999173	120.287818505	0.000000000	0.000000000	0.000000000	0.000000000	0.000000000
400.000000000	700.000000000	1.060310302	120.287818505	0.000000000	0.000000000	0.000000000	0.000000000	0.000000000
500.000000000	700.000000000	0.859871039	120.287818505	0.000000000	0.000000000	0.000000000	0.000000000	0.000000000
600.000000000	700.000000000	0.695804937	120.287818505	0.000000000	0.000000000	0.000000000	0.000000000	0.000000000
700.000000000	700.000000000	0.586073912	120.287818505	0.000000000	0.000000000	0.000000000	0.000000000	0.000000000
800.000000000	700.000000000	0.498308747	120.287818505	0.000000000	0.000000000	0.000000000	0.000000000	0.000000000
900.000000000	700.000000000	0.453168011	120.287818505	0.000000000	0.000000000	0.000000000	0.000000000	0.000000000
1000.000000000	700.000000000	0.418678552	120.287818505	0.000000000	0.000000000	0.000000000	0.000000000	0.000000000
-1000.000000000	800.000000000	0.434653854	120.319127842	0.000000000	0.000000000	0.000000000	0.000000000	0.000000000
-900.000000000	800.000000000	0.459701093	120.319127842	0.000000000	0.000000000	0.000000000	0.000000000	0.000000000
-800.000000000	800.000000000	0.502294926	120.319127842	0.000000000	0.000000000	0.000000000	0.000000000	0.000000000
-700.000000000	800.000000000	0.578248057	120.319127842	0.000000000	0.000000000	0.000000000	0.000000000	0.000000000
-600.000000000	800.000000000	0.700464065	120.319127842	0.000000000	0.000000000	0.000000000	0.000000000	0.000000000
-500.000000000	800.000000000	0.825151338	120.319127842	0.000000000	0.000000000	0.000000000	0.000000000	0.000000000
-400.000000000	800.000000000	1.047913853	120.319127842	0.000000000	0.000000000	0.000000000	0.000000000	0.000000000
-300.000000000	800.000000000	1.273434281	120.319127842	0.000000000	0.000000000	0.000000000	0.000000000	0.000000000
-200.000000000	800.000000000	1.488802611	120.319127842	0.000000000	0.000000000	0.000000000	0.000000000	0.000000000
-100.000000000	800.000000000	1.707012592	120.319127842	0.000000000	0.000000000	0.000000000	0.000000000	0.000000000
0.000000000	800.000000000	1.789800083	120.319127842	0.000000000	0.000000000	0.000000000	0.000000000	0.000000000
100.000000000	800.000000000	1.733212609	120.319127842	0.000000000	0.000000000	0.000000000	0.000000000	0.000000000
200.000000000	800.000000000	1.548600247	120.319127842	0.000000000	0.000000000	0.000000000	0.000000000	0.000000000
300.000000000	800.000000000	1.373996908	120.319127842	0.000000000	0.000000000	0.000000000	0.000000000	0.000000000
400.000000000	800.000000000	1.122189515	120.319127842	0.000000000	0.000000000	0.000000000	0.000000000	0.000000000
500.000000000	800.000000000	0.894281634	120.319127842	0.000000000	0.000000000	0.000000000	0.000000000	0.000000000
600.000000000	800.000000000	0.745448656	120.319127842	0.000000000	0.000000000	0.000000000	0.000000000	0.000000000
700.000000000	800.000000000	0.610325853	120.319127842	0.000000000	0.000000000	0.000000000	0.000000000	0.000000000
800.000000000	800.000000000	0.524075626	120.319127842	0.000000000	0.000000000	0.000000000	0.000000000	0.000000000
900.000000000	800.000000000	0.482850230	120.319127842	0.000000000	0.000000000	0.000000000	0.000000000	0.000000000
1000.000000000	800.000000000	0.430600059	120.319127842	0.000000000	0.000000000	0.000000000	0.000000000	0.000000000
-1000.000000000	900.000000000	0.456283219	120.444313408	0.000000000	0.000000000	0.000000000	0.000000000	0.000000000
-900.000000000	900.000000000	0.476418572	120.444313408	0.000000000	0.000000000	0.000000000	0.000000000	0.000000000
-800.000000000	900.000000000	0.534458044	120.444313408	0.000000000	0.000000000	0.000000000	0.000000000	0.000000000
-700.000000000	900.000000000	0.636918629	120.444313408	0.000000000	0.000000000	0.000000000	0.000000000	0.000000000
-600.000000000	900.000000000	0.748971177	120.444313408	0.000000000	0.000000000	0.000000000	0.000000000	0.000000000
-500.000000000	900.000000000	0.882704644	120.444313408	0.000000000	0.000000000	0.000000000	0.000000000	0.000000000
-400.000000000	900.000000000	1.101107498	120.444313408	0.000000000	0.000000000	0.000000000	0.000000000	0.000000000
-300.000000000	900.000000000	1.335031785	120.444313408	0.000000000	0.000000000	0.000000000	0.000000000	0.000000000
-200.000000000	900.000000000	1.572372479	120.444313408	0.000000000	0.000000000	0.000000000	0.000000000	0.000000000
-100.000000000	900.000000000	1.761066029	120.444313408	0.000000000	0.000000000	0.000000000	0.000000000	0.000000000
0.000000000	900.000000000	1.849961615	120.444313408	0.000000000	0.000000000	0.000000000	0.000000000	0.000000000
100.000000000	900.000000000	1.806717243	120.444313408	0.000000000	0.000000000	0.000000000	0.000000000	0.000000000
200.000000000	900.000000000	1.638793385	120.444313408	0.000000000	0.000000000	0.000000000	0.000000000	0.000000000
300.000000000	900.000000000	1.422620004	120.444313408	0.000000000	0.000000000	0.000000000	0.000000000	0.000000000
400.000000000	900.000000000	1.173666982	120.444313408	0.000000000	0.000000000	0.000000000	0.000000000	0.000000000
500.000000000	900.000000000	0.999508141	120.444313408	0.000000000	0.000000000	0.000000000	0.000000000	0.000000000
600.000000000	900.000000000	0.808670509	120.444313408	0.000000000	0.000000000	0.000000000	0.000000000	0.000000000
700.000000000	900.000000000	0.682687249	120.444313408	0.000000000	0.000000000	0.000000000	0.000000000	0.000000000
800.000000000	900.000000000	0.551531319	120.444313408	0.000000000	0.000000000	0.000000000	0.000000000	0.000000000
900.000000000	900.000000000	0.516209523	120.444313408	0.000000000	0.000000000	0.000000000	0.000000000	0.000000000
1000.000000000	900.000000000	0.466804090	120.444313408	0.000000000	0.000000000	0.000000000	0.000000000	0.000000000
-1000.000000000	1000.000000000	0.472321309	120.652771226	0.000000000	0.000000000	0.000000000	0.000000000	0.000000000
-900.000000000	1000.000000000	0.519735263	120.652771226	0.000000000	0.000000000	0.000000000	0.000000000	0.000000000
-800.000000000	1000.000000000	0.598541187	120.652771226	0.000000000	0.000000000	0.000000000	0.000000000	0.000000000
-700.000000000	1000.000000000	0.674333336	120.652771226	0.000000000	0.000000000	0.000000000	0.000000000	0.000000000
-600.000000000	1000.000000000	0.817690933	120.652771226	0.000000000	0.000000000	0.000000000	0.000000000	0.000000000
-500.000000000	1000.000000000	0.967089017	120.652771226	0.000000000	0.000000000	0.000000000	0.000000000	0.000000000
-400.000000000	1000.000000000	1.159110007	120.652771226	0.000000000	0.000000000	0.000000000	0.000000000	0.000000000
-300.000000000	1000.000000000	1.391574119	120.652771226	0.000000000	0.000000000	0.000000000	0.000000000	0.000000000
-200.000000000	1000.000000000	1.633501540	120.652771226	0.000000000	0.000000000	0.000000000	0.000000000	0.000000000
-100.000000000	1000.000000000	1.808745756	120.652771226	0.000000000	0.000000000	0.000000000	0.000000000	0.000000000
0.000000000	1000.000000000	1.857489656	120.652771226	0.000000000	0.000000000	0.000000000	0.000000000	0.000000000
100.000000000	1000.000000000	1.757281440	120.652771226	0.000000000	0.000000000	0.000000000	0.000000000	0.000000000
200.000000000	1000.000000000	1.623281700	120.652771226	0.000000000	0.000000000	0.000000000	0.000000000	0.000000000
300.000000000	1000.000000000	1.436553945	120.652771226	0.000000000	0.000000000	0.000000000	0.000000000	0.000000000
400.000000000	1000.000000000	1.217355623	120.652771226	0.000000000	0.000000000	0.000000000	0.000000000	0.000000000
500.000000000	1000.000000000	0.991840052	120.652771226	0.000000000	0.000000000	0.000000000	0.000000000	0.000000000
600.000000000	1000.000000000	0.858203154	120.652771226	0.000000000	0.000000000	0.000000000	0.000000000	0.000000000
700.000000000	1000.000000000	0.720834476	120.652771226	0.000000000	0.000000000	0.000000000	0.000000000	0.000000000
800.000000000	1000.000000000	0.587062407	120.652771226	0.000000000	0.000000000	0.000000000	0.000000000	0.000000000
900.000000000	1000.000000000	0.532518082	120.652771226	0.000000000	0.000000000	0.000000000	0.000000000	0.000000000
1000.000000000	1000.000000000	0.483008003	120.652771226	0.000000000	0.000000000	0.000000000	0.000000000	0.000000000
