Set Temp (deg C)	117.000000	Laser Power (uW)	705.000000	Laser Detuning (GHz)	7.000000
X  Field (nT)	Z  Field (nT)	Photodiode Voltage (V)	Temperature (C) 2D	Y  Field (nT)	Photodiode Voltage (V)	Temperature (C) 1D	Frequency (Hz)	Photodiode Voltage (V)		
-1000.000000000	-1000.000000000	0.724477741	121.991679958	-1000.000000000	NaN	121.991679958	0.000000000	0.000000000
-900.000000000	-1000.000000000	0.798110994	121.991679958	-960.000000000	NaN	121.991679958	0.000000000	0.000000000
-800.000000000	-1000.000000000	0.916147675	121.991679958	-920.000000000	NaN	121.991679958	0.000000000	0.000000000
-700.000000000	-1000.000000000	1.005959122	121.991679958	-880.000000000	NaN	121.991679958	0.000000000	0.000000000
-600.000000000	-1000.000000000	1.155213978	121.991679958	-840.000000000	NaN	121.991679958	0.000000000	0.000000000
-500.000000000	-1000.000000000	1.300651743	121.991679958	-800.000000000	NaN	121.991679958	0.000000000	0.000000000
-400.000000000	-1000.000000000	1.492882172	121.991679958	-760.000000000	NaN	121.991679958	0.000000000	0.000000000
-300.000000000	-1000.000000000	1.607671812	121.991679958	-720.000000000	NaN	121.991679958	0.000000000	0.000000000
-200.000000000	-1000.000000000	1.680416532	121.991679958	-680.000000000	NaN	121.991679958	0.000000000	0.000000000
-100.000000000	-1000.000000000	1.764004153	121.991679958	-640.000000000	NaN	121.991679958	0.000000000	0.000000000
0.000000000	-1000.000000000	1.779873247	121.991679958	-600.000000000	NaN	121.991679958	0.000000000	0.000000000
100.000000000	-1000.000000000	1.769634083	121.991679958	-560.000000000	NaN	121.991679958	0.000000000	0.000000000
200.000000000	-1000.000000000	1.709775232	121.991679958	-520.000000000	NaN	121.991679958	0.000000000	0.000000000
300.000000000	-1000.000000000	1.600840877	121.991679958	-480.000000000	NaN	121.991679958	0.000000000	0.000000000
400.000000000	-1000.000000000	1.438926981	121.991679958	-440.000000000	NaN	121.991679958	0.000000000	0.000000000
500.000000000	-1000.000000000	1.311066375	121.991679958	-400.000000000	NaN	121.991679958	0.000000000	0.000000000
600.000000000	-1000.000000000	1.160803652	121.991679958	-360.000000000	NaN	121.991679958	0.000000000	0.000000000
700.000000000	-1000.000000000	1.001386927	121.991679958	-320.000000000	NaN	121.991679958	0.000000000	0.000000000
800.000000000	-1000.000000000	0.908561695	121.991679958	-280.000000000	NaN	121.991679958	0.000000000	0.000000000
900.000000000	-1000.000000000	0.806951106	121.991679958	-240.000000000	NaN	121.991679958	0.000000000	0.000000000
1000.000000000	-1000.000000000	0.679172777	121.991679958	-200.000000000	NaN	121.991679958	0.000000000	0.000000000
-1000.000000000	-900.000000000	0.653850232	122.291304576	-160.000000000	NaN	121.991679958	0.000000000	0.000000000
-900.000000000	-900.000000000	0.696783771	122.291304576	-120.000000000	NaN	121.991679958	0.000000000	0.000000000
-800.000000000	-900.000000000	0.829143958	122.291304576	-80.000000000	NaN	121.991679958	0.000000000	0.000000000
-700.000000000	-900.000000000	0.932504543	122.291304576	-40.000000000	NaN	121.991679958	0.000000000	0.000000000
-600.000000000	-900.000000000	1.082876669	122.291304576	0.000000000	NaN	121.991679958	0.000000000	0.000000000
-500.000000000	-900.000000000	1.226754387	122.291304576	40.000000000	NaN	121.991679958	0.000000000	0.000000000
-400.000000000	-900.000000000	1.372386977	122.291304576	80.000000000	NaN	121.991679958	0.000000000	0.000000000
-300.000000000	-900.000000000	1.521255580	122.291304576	120.000000000	NaN	121.991679958	0.000000000	0.000000000
-200.000000000	-900.000000000	1.680672510	122.291304576	160.000000000	NaN	121.991679958	0.000000000	0.000000000
-100.000000000	-900.000000000	1.734133489	122.291304576	200.000000000	NaN	121.991679958	0.000000000	0.000000000
0.000000000	-900.000000000	1.767206306	122.291304576	240.000000000	NaN	121.991679958	0.000000000	0.000000000
100.000000000	-900.000000000	1.727471594	122.291304576	280.000000000	NaN	121.991679958	0.000000000	0.000000000
200.000000000	-900.000000000	1.666442332	122.291304576	320.000000000	NaN	121.991679958	0.000000000	0.000000000
300.000000000	-900.000000000	1.544509413	122.291304576	360.000000000	NaN	121.991679958	0.000000000	0.000000000
400.000000000	-900.000000000	1.427192203	122.291304576	400.000000000	NaN	121.991679958	0.000000000	0.000000000
500.000000000	-900.000000000	1.276980954	122.291304576	440.000000000	NaN	121.991679958	0.000000000	0.000000000
600.000000000	-900.000000000	1.115827075	122.291304576	480.000000000	NaN	121.991679958	0.000000000	0.000000000
700.000000000	-900.000000000	0.958348718	122.291304576	520.000000000	NaN	121.991679958	0.000000000	0.000000000
800.000000000	-900.000000000	0.819930342	122.291304576	560.000000000	NaN	121.991679958	0.000000000	0.000000000
900.000000000	-900.000000000	0.690393970	122.291304576	600.000000000	NaN	121.991679958	0.000000000	0.000000000
1000.000000000	-900.000000000	0.626908102	122.291304576	640.000000000	NaN	121.991679958	0.000000000	0.000000000
-1000.000000000	-800.000000000	0.566543888	122.580110930	680.000000000	NaN	121.991679958	0.000000000	0.000000000
-900.000000000	-800.000000000	0.635614588	122.580110930	720.000000000	NaN	121.991679958	0.000000000	0.000000000
-800.000000000	-800.000000000	0.714125909	122.580110930	760.000000000	NaN	121.991679958	0.000000000	0.000000000
-700.000000000	-800.000000000	0.871248398	122.580110930	800.000000000	NaN	121.991679958	0.000000000	0.000000000
-600.000000000	-800.000000000	0.999348759	122.580110930	840.000000000	NaN	121.991679958	0.000000000	0.000000000
-500.000000000	-800.000000000	1.132557454	122.580110930	880.000000000	NaN	121.991679958	0.000000000	0.000000000
-400.000000000	-800.000000000	1.329261798	122.580110930	920.000000000	NaN	121.991679958	0.000000000	0.000000000
-300.000000000	-800.000000000	1.499717936	122.580110930	960.000000000	NaN	121.991679958	0.000000000	0.000000000
-200.000000000	-800.000000000	1.604405263	122.580110930	1000.000000000	NaN	121.991679958	0.000000000	0.000000000
-100.000000000	-800.000000000	1.721653304	122.580110930	0.000000000	0.000000000	0.000000000	0.000000000	0.000000000
0.000000000	-800.000000000	1.745753972	122.580110930	0.000000000	0.000000000	0.000000000	0.000000000	0.000000000
100.000000000	-800.000000000	1.708203939	122.580110930	0.000000000	0.000000000	0.000000000	0.000000000	0.000000000
200.000000000	-800.000000000	1.635750612	122.580110930	0.000000000	0.000000000	0.000000000	0.000000000	0.000000000
300.000000000	-800.000000000	1.522574114	122.580110930	0.000000000	0.000000000	0.000000000	0.000000000	0.000000000
400.000000000	-800.000000000	1.329184520	122.580110930	0.000000000	0.000000000	0.000000000	0.000000000	0.000000000
500.000000000	-800.000000000	1.164524199	122.580110930	0.000000000	0.000000000	0.000000000	0.000000000	0.000000000
600.000000000	-800.000000000	1.022161440	122.580110930	0.000000000	0.000000000	0.000000000	0.000000000	0.000000000
700.000000000	-800.000000000	0.831624857	122.580110930	0.000000000	0.000000000	0.000000000	0.000000000	0.000000000
800.000000000	-800.000000000	0.717622671	122.580110930	0.000000000	0.000000000	0.000000000	0.000000000	0.000000000
900.000000000	-800.000000000	0.612574921	122.580110930	0.000000000	0.000000000	0.000000000	0.000000000	0.000000000
1000.000000000	-800.000000000	0.533487258	122.580110930	0.000000000	0.000000000	0.000000000	0.000000000	0.000000000
-1000.000000000	-700.000000000	0.497482854	122.919870861	0.000000000	0.000000000	0.000000000	0.000000000	0.000000000
-900.000000000	-700.000000000	0.566975348	122.919870861	0.000000000	0.000000000	0.000000000	0.000000000	0.000000000
-800.000000000	-700.000000000	0.623430659	122.919870861	0.000000000	0.000000000	0.000000000	0.000000000	0.000000000
-700.000000000	-700.000000000	0.744804684	122.919870861	0.000000000	0.000000000	0.000000000	0.000000000	0.000000000
-600.000000000	-700.000000000	0.892151700	122.919870861	0.000000000	0.000000000	0.000000000	0.000000000	0.000000000
-500.000000000	-700.000000000	1.078816429	122.919870861	0.000000000	0.000000000	0.000000000	0.000000000	0.000000000
-400.000000000	-700.000000000	1.295630374	122.919870861	0.000000000	0.000000000	0.000000000	0.000000000	0.000000000
-300.000000000	-700.000000000	1.445307133	122.919870861	0.000000000	0.000000000	0.000000000	0.000000000	0.000000000
-200.000000000	-700.000000000	1.610531050	122.919870861	0.000000000	0.000000000	0.000000000	0.000000000	0.000000000
-100.000000000	-700.000000000	1.712621591	122.919870861	0.000000000	0.000000000	0.000000000	0.000000000	0.000000000
0.000000000	-700.000000000	1.754143324	122.919870861	0.000000000	0.000000000	0.000000000	0.000000000	0.000000000
100.000000000	-700.000000000	1.722883291	122.919870861	0.000000000	0.000000000	0.000000000	0.000000000	0.000000000
200.000000000	-700.000000000	1.638468175	122.919870861	0.000000000	0.000000000	0.000000000	0.000000000	0.000000000
300.000000000	-700.000000000	1.436095115	122.919870861	0.000000000	0.000000000	0.000000000	0.000000000	0.000000000
400.000000000	-700.000000000	1.270719940	122.919870861	0.000000000	0.000000000	0.000000000	0.000000000	0.000000000
500.000000000	-700.000000000	1.068161924	122.919870861	0.000000000	0.000000000	0.000000000	0.000000000	0.000000000
600.000000000	-700.000000000	0.892013247	122.919870861	0.000000000	0.000000000	0.000000000	0.000000000	0.000000000
700.000000000	-700.000000000	0.748550986	122.919870861	0.000000000	0.000000000	0.000000000	0.000000000	0.000000000
800.000000000	-700.000000000	0.658261433	122.919870861	0.000000000	0.000000000	0.000000000	0.000000000	0.000000000
900.000000000	-700.000000000	0.568942679	122.919870861	0.000000000	0.000000000	0.000000000	0.000000000	0.000000000
1000.000000000	-700.000000000	0.484608270	122.919870861	0.000000000	0.000000000	0.000000000	0.000000000	0.000000000
-1000.000000000	-600.000000000	0.444184620	123.207622178	0.000000000	0.000000000	0.000000000	0.000000000	0.000000000
-900.000000000	-600.000000000	0.496219062	123.207622178	0.000000000	0.000000000	0.000000000	0.000000000	0.000000000
-800.000000000	-600.000000000	0.562663964	123.207622178	0.000000000	0.000000000	0.000000000	0.000000000	0.000000000
-700.000000000	-600.000000000	0.687367307	123.207622178	0.000000000	0.000000000	0.000000000	0.000000000	0.000000000
-600.000000000	-600.000000000	0.833869096	123.207622178	0.000000000	0.000000000	0.000000000	0.000000000	0.000000000
-500.000000000	-600.000000000	1.017767946	123.207622178	0.000000000	0.000000000	0.000000000	0.000000000	0.000000000
-400.000000000	-600.000000000	1.190864243	123.207622178	0.000000000	0.000000000	0.000000000	0.000000000	0.000000000
-300.000000000	-600.000000000	1.397527639	123.207622178	0.000000000	0.000000000	0.000000000	0.000000000	0.000000000
-200.000000000	-600.000000000	1.564346975	123.207622178	0.000000000	0.000000000	0.000000000	0.000000000	0.000000000
-100.000000000	-600.000000000	1.706128739	123.207622178	0.000000000	0.000000000	0.000000000	0.000000000	0.000000000
0.000000000	-600.000000000	1.753810068	123.207622178	0.000000000	0.000000000	0.000000000	0.000000000	0.000000000
100.000000000	-600.000000000	1.727358899	123.207622178	0.000000000	0.000000000	0.000000000	0.000000000	0.000000000
200.000000000	-600.000000000	1.600609047	123.207622178	0.000000000	0.000000000	0.000000000	0.000000000	0.000000000
300.000000000	-600.000000000	1.395458879	123.207622178	0.000000000	0.000000000	0.000000000	0.000000000	0.000000000
400.000000000	-600.000000000	1.195479909	123.207622178	0.000000000	0.000000000	0.000000000	0.000000000	0.000000000
500.000000000	-600.000000000	1.023624864	123.207622178	0.000000000	0.000000000	0.000000000	0.000000000	0.000000000
600.000000000	-600.000000000	0.821276243	123.207622178	0.000000000	0.000000000	0.000000000	0.000000000	0.000000000
700.000000000	-600.000000000	0.683257163	123.207622178	0.000000000	0.000000000	0.000000000	0.000000000	0.000000000
800.000000000	-600.000000000	0.571991881	123.207622178	0.000000000	0.000000000	0.000000000	0.000000000	0.000000000
900.000000000	-600.000000000	0.479366348	123.207622178	0.000000000	0.000000000	0.000000000	0.000000000	0.000000000
1000.000000000	-600.000000000	0.438298728	123.207622178	0.000000000	0.000000000	0.000000000	0.000000000	0.000000000
-1000.000000000	-500.000000000	0.417482376	123.289746893	0.000000000	0.000000000	0.000000000	0.000000000	0.000000000
-900.000000000	-500.000000000	0.449705058	123.289746893	0.000000000	0.000000000	0.000000000	0.000000000	0.000000000
-800.000000000	-500.000000000	0.502874499	123.289746893	0.000000000	0.000000000	0.000000000	0.000000000	0.000000000
-700.000000000	-500.000000000	0.605393037	123.289746893	0.000000000	0.000000000	0.000000000	0.000000000	0.000000000
-600.000000000	-500.000000000	0.706227605	123.289746893	0.000000000	0.000000000	0.000000000	0.000000000	0.000000000
-500.000000000	-500.000000000	0.895933421	123.289746893	0.000000000	0.000000000	0.000000000	0.000000000	0.000000000
-400.000000000	-500.000000000	1.130957186	123.289746893	0.000000000	0.000000000	0.000000000	0.000000000	0.000000000
-300.000000000	-500.000000000	1.381344627	123.289746893	0.000000000	0.000000000	0.000000000	0.000000000	0.000000000
-200.000000000	-500.000000000	1.559179098	123.289746893	0.000000000	0.000000000	0.000000000	0.000000000	0.000000000
-100.000000000	-500.000000000	1.707862635	123.289746893	0.000000000	0.000000000	0.000000000	0.000000000	0.000000000
0.000000000	-500.000000000	1.788872762	123.289746893	0.000000000	0.000000000	0.000000000	0.000000000	0.000000000
100.000000000	-500.000000000	1.748869189	123.289746893	0.000000000	0.000000000	0.000000000	0.000000000	0.000000000
200.000000000	-500.000000000	1.583081735	123.289746893	0.000000000	0.000000000	0.000000000	0.000000000	0.000000000
300.000000000	-500.000000000	1.358659111	123.289746893	0.000000000	0.000000000	0.000000000	0.000000000	0.000000000
400.000000000	-500.000000000	1.137377580	123.289746893	0.000000000	0.000000000	0.000000000	0.000000000	0.000000000
500.000000000	-500.000000000	0.938210129	123.289746893	0.000000000	0.000000000	0.000000000	0.000000000	0.000000000
600.000000000	-500.000000000	0.727969674	123.289746893	0.000000000	0.000000000	0.000000000	0.000000000	0.000000000
700.000000000	-500.000000000	0.611394846	123.289746893	0.000000000	0.000000000	0.000000000	0.000000000	0.000000000
800.000000000	-500.000000000	0.517392820	123.289746893	0.000000000	0.000000000	0.000000000	0.000000000	0.000000000
900.000000000	-500.000000000	0.438871862	123.289746893	0.000000000	0.000000000	0.000000000	0.000000000	0.000000000
1000.000000000	-500.000000000	0.404266489	123.289746893	0.000000000	0.000000000	0.000000000	0.000000000	0.000000000
-1000.000000000	-400.000000000	0.390875119	123.453875787	0.000000000	0.000000000	0.000000000	0.000000000	0.000000000
-900.000000000	-400.000000000	0.409234722	123.453875787	0.000000000	0.000000000	0.000000000	0.000000000	0.000000000
-800.000000000	-400.000000000	0.466681736	123.453875787	0.000000000	0.000000000	0.000000000	0.000000000	0.000000000
-700.000000000	-400.000000000	0.532041544	123.453875787	0.000000000	0.000000000	0.000000000	0.000000000	0.000000000
-600.000000000	-400.000000000	0.644094074	123.453875787	0.000000000	0.000000000	0.000000000	0.000000000	0.000000000
-500.000000000	-400.000000000	0.802037607	123.453875787	0.000000000	0.000000000	0.000000000	0.000000000	0.000000000
-400.000000000	-400.000000000	1.052785498	123.453875787	0.000000000	0.000000000	0.000000000	0.000000000	0.000000000
-300.000000000	-400.000000000	1.301963837	123.453875787	0.000000000	0.000000000	0.000000000	0.000000000	0.000000000
-200.000000000	-400.000000000	1.539243334	123.453875787	0.000000000	0.000000000	0.000000000	0.000000000	0.000000000
-100.000000000	-400.000000000	1.723372711	123.453875787	0.000000000	0.000000000	0.000000000	0.000000000	0.000000000
0.000000000	-400.000000000	1.807638124	123.453875787	0.000000000	0.000000000	0.000000000	0.000000000	0.000000000
100.000000000	-400.000000000	1.743010650	123.453875787	0.000000000	0.000000000	0.000000000	0.000000000	0.000000000
200.000000000	-400.000000000	1.580225720	123.453875787	0.000000000	0.000000000	0.000000000	0.000000000	0.000000000
300.000000000	-400.000000000	1.326722939	123.453875787	0.000000000	0.000000000	0.000000000	0.000000000	0.000000000
400.000000000	-400.000000000	1.054120128	123.453875787	0.000000000	0.000000000	0.000000000	0.000000000	0.000000000
500.000000000	-400.000000000	0.856652793	123.453875787	0.000000000	0.000000000	0.000000000	0.000000000	0.000000000
600.000000000	-400.000000000	0.649661202	123.453875787	0.000000000	0.000000000	0.000000000	0.000000000	0.000000000
700.000000000	-400.000000000	0.539080144	123.453875787	0.000000000	0.000000000	0.000000000	0.000000000	0.000000000
800.000000000	-400.000000000	0.460826432	123.453875787	0.000000000	0.000000000	0.000000000	0.000000000	0.000000000
900.000000000	-400.000000000	0.423282942	123.453875787	0.000000000	0.000000000	0.000000000	0.000000000	0.000000000
1000.000000000	-400.000000000	0.390240808	123.453875787	0.000000000	0.000000000	0.000000000	0.000000000	0.000000000
-1000.000000000	-300.000000000	0.357808838	123.535879778	0.000000000	0.000000000	0.000000000	0.000000000	0.000000000
-900.000000000	-300.000000000	0.382408516	123.535879778	0.000000000	0.000000000	0.000000000	0.000000000	0.000000000
-800.000000000	-300.000000000	0.401461997	123.535879778	0.000000000	0.000000000	0.000000000	0.000000000	0.000000000
-700.000000000	-300.000000000	0.457221806	123.535879778	0.000000000	0.000000000	0.000000000	0.000000000	0.000000000
-600.000000000	-300.000000000	0.530093532	123.535879778	0.000000000	0.000000000	0.000000000	0.000000000	0.000000000
-500.000000000	-300.000000000	0.696415099	123.535879778	0.000000000	0.000000000	0.000000000	0.000000000	0.000000000
-400.000000000	-300.000000000	0.917235988	123.535879778	0.000000000	0.000000000	0.000000000	0.000000000	0.000000000
-300.000000000	-300.000000000	1.179176160	123.535879778	0.000000000	0.000000000	0.000000000	0.000000000	0.000000000
-200.000000000	-300.000000000	1.454374260	123.535879778	0.000000000	0.000000000	0.000000000	0.000000000	0.000000000
-100.000000000	-300.000000000	1.683502771	123.535879778	0.000000000	0.000000000	0.000000000	0.000000000	0.000000000
0.000000000	-300.000000000	1.786607589	123.535879778	0.000000000	0.000000000	0.000000000	0.000000000	0.000000000
100.000000000	-300.000000000	1.697124395	123.535879778	0.000000000	0.000000000	0.000000000	0.000000000	0.000000000
200.000000000	-300.000000000	1.471088554	123.535879778	0.000000000	0.000000000	0.000000000	0.000000000	0.000000000
300.000000000	-300.000000000	1.186301706	123.535879778	0.000000000	0.000000000	0.000000000	0.000000000	0.000000000
400.000000000	-300.000000000	0.912043972	123.535879778	0.000000000	0.000000000	0.000000000	0.000000000	0.000000000
500.000000000	-300.000000000	0.705958749	123.535879778	0.000000000	0.000000000	0.000000000	0.000000000	0.000000000
600.000000000	-300.000000000	0.558032204	123.535879778	0.000000000	0.000000000	0.000000000	0.000000000	0.000000000
700.000000000	-300.000000000	0.474287030	123.535879778	0.000000000	0.000000000	0.000000000	0.000000000	0.000000000
800.000000000	-300.000000000	0.407248073	123.535879778	0.000000000	0.000000000	0.000000000	0.000000000	0.000000000
900.000000000	-300.000000000	0.384623775	123.535879778	0.000000000	0.000000000	0.000000000	0.000000000	0.000000000
1000.000000000	-300.000000000	0.360502245	123.535879778	0.000000000	0.000000000	0.000000000	0.000000000	0.000000000
-1000.000000000	-200.000000000	0.345916311	123.351314088	0.000000000	0.000000000	0.000000000	0.000000000	0.000000000
-900.000000000	-200.000000000	0.357182577	123.351314088	0.000000000	0.000000000	0.000000000	0.000000000	0.000000000
-800.000000000	-200.000000000	0.366533030	123.351314088	0.000000000	0.000000000	0.000000000	0.000000000	0.000000000
-700.000000000	-200.000000000	0.399183951	123.351314088	0.000000000	0.000000000	0.000000000	0.000000000	0.000000000
-600.000000000	-200.000000000	0.447266019	123.351314088	0.000000000	0.000000000	0.000000000	0.000000000	0.000000000
-500.000000000	-200.000000000	0.571827668	123.351314088	0.000000000	0.000000000	0.000000000	0.000000000	0.000000000
-400.000000000	-200.000000000	0.722360687	123.351314088	0.000000000	0.000000000	0.000000000	0.000000000	0.000000000
-300.000000000	-200.000000000	0.999923503	123.351314088	0.000000000	0.000000000	0.000000000	0.000000000	0.000000000
-200.000000000	-200.000000000	1.310203455	123.351314088	0.000000000	0.000000000	0.000000000	0.000000000	0.000000000
-100.000000000	-200.000000000	1.629483155	123.351314088	0.000000000	0.000000000	0.000000000	0.000000000	0.000000000
0.000000000	-200.000000000	1.779562530	123.351314088	0.000000000	0.000000000	0.000000000	0.000000000	0.000000000
100.000000000	-200.000000000	1.668354931	123.351314088	0.000000000	0.000000000	0.000000000	0.000000000	0.000000000
200.000000000	-200.000000000	1.415325413	123.351314088	0.000000000	0.000000000	0.000000000	0.000000000	0.000000000
300.000000000	-200.000000000	1.053714428	123.351314088	0.000000000	0.000000000	0.000000000	0.000000000	0.000000000
400.000000000	-200.000000000	0.786271588	123.351314088	0.000000000	0.000000000	0.000000000	0.000000000	0.000000000
500.000000000	-200.000000000	0.568656112	123.351314088	0.000000000	0.000000000	0.000000000	0.000000000	0.000000000
600.000000000	-200.000000000	0.462832401	123.351314088	0.000000000	0.000000000	0.000000000	0.000000000	0.000000000
700.000000000	-200.000000000	0.403005916	123.351314088	0.000000000	0.000000000	0.000000000	0.000000000	0.000000000
800.000000000	-200.000000000	0.372964687	123.351314088	0.000000000	0.000000000	0.000000000	0.000000000	0.000000000
900.000000000	-200.000000000	0.352959740	123.351314088	0.000000000	0.000000000	0.000000000	0.000000000	0.000000000
1000.000000000	-200.000000000	0.343486932	123.351314088	0.000000000	0.000000000	0.000000000	0.000000000	0.000000000
-1000.000000000	-100.000000000	0.328314985	123.258954825	0.000000000	0.000000000	0.000000000	0.000000000	0.000000000
-900.000000000	-100.000000000	0.336862085	123.258954825	0.000000000	0.000000000	0.000000000	0.000000000	0.000000000
-800.000000000	-100.000000000	0.348075223	123.258954825	0.000000000	0.000000000	0.000000000	0.000000000	0.000000000
-700.000000000	-100.000000000	0.362269945	123.258954825	0.000000000	0.000000000	0.000000000	0.000000000	0.000000000
-600.000000000	-100.000000000	0.391134318	123.258954825	0.000000000	0.000000000	0.000000000	0.000000000	0.000000000
-500.000000000	-100.000000000	0.447898721	123.258954825	0.000000000	0.000000000	0.000000000	0.000000000	0.000000000
-400.000000000	-100.000000000	0.596968289	123.258954825	0.000000000	0.000000000	0.000000000	0.000000000	0.000000000
-300.000000000	-100.000000000	0.817602388	123.258954825	0.000000000	0.000000000	0.000000000	0.000000000	0.000000000
-200.000000000	-100.000000000	1.146739319	123.258954825	0.000000000	0.000000000	0.000000000	0.000000000	0.000000000
-100.000000000	-100.000000000	1.540962743	123.258954825	0.000000000	0.000000000	0.000000000	0.000000000	0.000000000
0.000000000	-100.000000000	1.773320828	123.258954825	0.000000000	0.000000000	0.000000000	0.000000000	0.000000000
100.000000000	-100.000000000	1.625427740	123.258954825	0.000000000	0.000000000	0.000000000	0.000000000	0.000000000
200.000000000	-100.000000000	1.250697258	123.258954825	0.000000000	0.000000000	0.000000000	0.000000000	0.000000000
300.000000000	-100.000000000	0.872360863	123.258954825	0.000000000	0.000000000	0.000000000	0.000000000	0.000000000
400.000000000	-100.000000000	0.618745774	123.258954825	0.000000000	0.000000000	0.000000000	0.000000000	0.000000000
500.000000000	-100.000000000	0.460258128	123.258954825	0.000000000	0.000000000	0.000000000	0.000000000	0.000000000
600.000000000	-100.000000000	0.395390964	123.258954825	0.000000000	0.000000000	0.000000000	0.000000000	0.000000000
700.000000000	-100.000000000	0.365193571	123.258954825	0.000000000	0.000000000	0.000000000	0.000000000	0.000000000
800.000000000	-100.000000000	0.343702662	123.258954825	0.000000000	0.000000000	0.000000000	0.000000000	0.000000000
900.000000000	-100.000000000	0.331166165	123.258954825	0.000000000	0.000000000	0.000000000	0.000000000	0.000000000
1000.000000000	-100.000000000	0.322955540	123.258954825	0.000000000	0.000000000	0.000000000	0.000000000	0.000000000
-1000.000000000	0.000000000	0.315408205	123.187084737	0.000000000	0.000000000	0.000000000	0.000000000	0.000000000
-900.000000000	0.000000000	0.322422654	123.187084737	0.000000000	0.000000000	0.000000000	0.000000000	0.000000000
-800.000000000	0.000000000	0.327402157	123.187084737	0.000000000	0.000000000	0.000000000	0.000000000	0.000000000
-700.000000000	0.000000000	0.336338859	123.187084737	0.000000000	0.000000000	0.000000000	0.000000000	0.000000000
-600.000000000	0.000000000	0.356054018	123.187084737	0.000000000	0.000000000	0.000000000	0.000000000	0.000000000
-500.000000000	0.000000000	0.396083232	123.187084737	0.000000000	0.000000000	0.000000000	0.000000000	0.000000000
-400.000000000	0.000000000	0.466424148	123.187084737	0.000000000	0.000000000	0.000000000	0.000000000	0.000000000
-300.000000000	0.000000000	0.641073851	123.187084737	0.000000000	0.000000000	0.000000000	0.000000000	0.000000000
-200.000000000	0.000000000	0.999141080	123.187084737	0.000000000	0.000000000	0.000000000	0.000000000	0.000000000
-100.000000000	0.000000000	1.431993020	123.187084737	0.000000000	0.000000000	0.000000000	0.000000000	0.000000000
0.000000000	0.000000000	1.773198476	123.187084737	0.000000000	0.000000000	0.000000000	0.000000000	0.000000000
100.000000000	0.000000000	1.506394321	123.187084737	0.000000000	0.000000000	0.000000000	0.000000000	0.000000000
200.000000000	0.000000000	1.070391678	123.187084737	0.000000000	0.000000000	0.000000000	0.000000000	0.000000000
300.000000000	0.000000000	0.689497242	123.187084737	0.000000000	0.000000000	0.000000000	0.000000000	0.000000000
400.000000000	0.000000000	0.495747354	123.187084737	0.000000000	0.000000000	0.000000000	0.000000000	0.000000000
500.000000000	0.000000000	0.403046165	123.187084737	0.000000000	0.000000000	0.000000000	0.000000000	0.000000000
600.000000000	0.000000000	0.362174959	123.187084737	0.000000000	0.000000000	0.000000000	0.000000000	0.000000000
700.000000000	0.000000000	0.337919807	123.187084737	0.000000000	0.000000000	0.000000000	0.000000000	0.000000000
800.000000000	0.000000000	0.328123404	123.187084737	0.000000000	0.000000000	0.000000000	0.000000000	0.000000000
900.000000000	0.000000000	0.318845398	123.187084737	0.000000000	0.000000000	0.000000000	0.000000000	0.000000000
1000.000000000	0.000000000	0.312875791	123.187084737	0.000000000	0.000000000	0.000000000	0.000000000	0.000000000
-1000.000000000	100.000000000	0.308912152	123.269219475	0.000000000	0.000000000	0.000000000	0.000000000	0.000000000
-900.000000000	100.000000000	0.312500678	123.269219475	0.000000000	0.000000000	0.000000000	0.000000000	0.000000000
-800.000000000	100.000000000	0.317220982	123.269219475	0.000000000	0.000000000	0.000000000	0.000000000	0.000000000
-700.000000000	100.000000000	0.324979218	123.269219475	0.000000000	0.000000000	0.000000000	0.000000000	0.000000000
-600.000000000	100.000000000	0.338040551	123.269219475	0.000000000	0.000000000	0.000000000	0.000000000	0.000000000
-500.000000000	100.000000000	0.359752020	123.269219475	0.000000000	0.000000000	0.000000000	0.000000000	0.000000000
-400.000000000	100.000000000	0.402947959	123.269219475	0.000000000	0.000000000	0.000000000	0.000000000	0.000000000
-300.000000000	100.000000000	0.525405426	123.269219475	0.000000000	0.000000000	0.000000000	0.000000000	0.000000000
-200.000000000	100.000000000	0.845867891	123.269219475	0.000000000	0.000000000	0.000000000	0.000000000	0.000000000
-100.000000000	100.000000000	1.355729049	123.269219475	0.000000000	0.000000000	0.000000000	0.000000000	0.000000000
0.000000000	100.000000000	1.777447088	123.269219475	0.000000000	0.000000000	0.000000000	0.000000000	0.000000000
100.000000000	100.000000000	1.502007269	123.269219475	0.000000000	0.000000000	0.000000000	0.000000000	0.000000000
200.000000000	100.000000000	0.963954496	123.269219475	0.000000000	0.000000000	0.000000000	0.000000000	0.000000000
300.000000000	100.000000000	0.595735086	123.269219475	0.000000000	0.000000000	0.000000000	0.000000000	0.000000000
400.000000000	100.000000000	0.431717348	123.269219475	0.000000000	0.000000000	0.000000000	0.000000000	0.000000000
500.000000000	100.000000000	0.371013456	123.269219475	0.000000000	0.000000000	0.000000000	0.000000000	0.000000000
600.000000000	100.000000000	0.343002344	123.269219475	0.000000000	0.000000000	0.000000000	0.000000000	0.000000000
700.000000000	100.000000000	0.328559694	123.269219475	0.000000000	0.000000000	0.000000000	0.000000000	0.000000000
800.000000000	100.000000000	0.320138169	123.269219475	0.000000000	0.000000000	0.000000000	0.000000000	0.000000000
900.000000000	100.000000000	0.313938342	123.269219475	0.000000000	0.000000000	0.000000000	0.000000000	0.000000000
1000.000000000	100.000000000	0.310151795	123.269219475	0.000000000	0.000000000	0.000000000	0.000000000	0.000000000
-1000.000000000	200.000000000	0.309710675	123.474380570	0.000000000	0.000000000	0.000000000	0.000000000	0.000000000
-900.000000000	200.000000000	0.313246074	123.474380570	0.000000000	0.000000000	0.000000000	0.000000000	0.000000000
-800.000000000	200.000000000	0.318071023	123.474380570	0.000000000	0.000000000	0.000000000	0.000000000	0.000000000
-700.000000000	200.000000000	0.324774757	123.474380570	0.000000000	0.000000000	0.000000000	0.000000000	0.000000000
-600.000000000	200.000000000	0.336316320	123.474380570	0.000000000	0.000000000	0.000000000	0.000000000	0.000000000
-500.000000000	200.000000000	0.354566446	123.474380570	0.000000000	0.000000000	0.000000000	0.000000000	0.000000000
-400.000000000	200.000000000	0.391461133	123.474380570	0.000000000	0.000000000	0.000000000	0.000000000	0.000000000
-300.000000000	200.000000000	0.478831853	123.474380570	0.000000000	0.000000000	0.000000000	0.000000000	0.000000000
-200.000000000	200.000000000	0.775599381	123.474380570	0.000000000	0.000000000	0.000000000	0.000000000	0.000000000
-100.000000000	200.000000000	1.362917380	123.474380570	0.000000000	0.000000000	0.000000000	0.000000000	0.000000000
0.000000000	200.000000000	1.773525292	123.474380570	0.000000000	0.000000000	0.000000000	0.000000000	0.000000000
100.000000000	200.000000000	1.482084381	123.474380570	0.000000000	0.000000000	0.000000000	0.000000000	0.000000000
200.000000000	200.000000000	0.896147549	123.474380570	0.000000000	0.000000000	0.000000000	0.000000000	0.000000000
300.000000000	200.000000000	0.541392001	123.474380570	0.000000000	0.000000000	0.000000000	0.000000000	0.000000000
400.000000000	200.000000000	0.412633277	123.474380570	0.000000000	0.000000000	0.000000000	0.000000000	0.000000000
500.000000000	200.000000000	0.364266254	123.474380570	0.000000000	0.000000000	0.000000000	0.000000000	0.000000000
600.000000000	200.000000000	0.344089045	123.474380570	0.000000000	0.000000000	0.000000000	0.000000000	0.000000000
700.000000000	200.000000000	0.331085669	123.474380570	0.000000000	0.000000000	0.000000000	0.000000000	0.000000000
800.000000000	200.000000000	0.322359867	123.474380570	0.000000000	0.000000000	0.000000000	0.000000000	0.000000000
900.000000000	200.000000000	0.315939481	123.474380570	0.000000000	0.000000000	0.000000000	0.000000000	0.000000000
1000.000000000	200.000000000	0.313437655	123.474380570	0.000000000	0.000000000	0.000000000	0.000000000	0.000000000
-1000.000000000	300.000000000	0.316108523	123.464128494	0.000000000	0.000000000	0.000000000	0.000000000	0.000000000
-900.000000000	300.000000000	0.318504094	123.464128494	0.000000000	0.000000000	0.000000000	0.000000000	0.000000000
-800.000000000	300.000000000	0.326801654	123.464128494	0.000000000	0.000000000	0.000000000	0.000000000	0.000000000
-700.000000000	300.000000000	0.331909951	123.464128494	0.000000000	0.000000000	0.000000000	0.000000000	0.000000000
-600.000000000	300.000000000	0.344866639	123.464128494	0.000000000	0.000000000	0.000000000	0.000000000	0.000000000
-500.000000000	300.000000000	0.360724415	123.464128494	0.000000000	0.000000000	0.000000000	0.000000000	0.000000000
-400.000000000	300.000000000	0.403583880	123.464128494	0.000000000	0.000000000	0.000000000	0.000000000	0.000000000
-300.000000000	300.000000000	0.490007965	123.464128494	0.000000000	0.000000000	0.000000000	0.000000000	0.000000000
-200.000000000	300.000000000	0.759419609	123.464128494	0.000000000	0.000000000	0.000000000	0.000000000	0.000000000
-100.000000000	300.000000000	1.324337037	123.464128494	0.000000000	0.000000000	0.000000000	0.000000000	0.000000000
0.000000000	300.000000000	1.752819967	123.464128494	0.000000000	0.000000000	0.000000000	0.000000000	0.000000000
100.000000000	300.000000000	1.487529165	123.464128494	0.000000000	0.000000000	0.000000000	0.000000000	0.000000000
200.000000000	300.000000000	0.909039860	123.464128494	0.000000000	0.000000000	0.000000000	0.000000000	0.000000000
300.000000000	300.000000000	0.548578715	123.464128494	0.000000000	0.000000000	0.000000000	0.000000000	0.000000000
400.000000000	300.000000000	0.425337208	123.464128494	0.000000000	0.000000000	0.000000000	0.000000000	0.000000000
500.000000000	300.000000000	0.372810134	123.464128494	0.000000000	0.000000000	0.000000000	0.000000000	0.000000000
600.000000000	300.000000000	0.348827058	123.464128494	0.000000000	0.000000000	0.000000000	0.000000000	0.000000000
700.000000000	300.000000000	0.338129097	123.464128494	0.000000000	0.000000000	0.000000000	0.000000000	0.000000000
800.000000000	300.000000000	0.325009806	123.464128494	0.000000000	0.000000000	0.000000000	0.000000000	0.000000000
900.000000000	300.000000000	0.319550546	123.464128494	0.000000000	0.000000000	0.000000000	0.000000000	0.000000000
1000.000000000	300.000000000	0.315355077	123.464128494	0.000000000	0.000000000	0.000000000	0.000000000	0.000000000
-1000.000000000	400.000000000	0.319948198	123.351314088	0.000000000	0.000000000	0.000000000	0.000000000	0.000000000
-900.000000000	400.000000000	0.328817282	123.351314088	0.000000000	0.000000000	0.000000000	0.000000000	0.000000000
-800.000000000	400.000000000	0.332454106	123.351314088	0.000000000	0.000000000	0.000000000	0.000000000	0.000000000
-700.000000000	400.000000000	0.338729600	123.351314088	0.000000000	0.000000000	0.000000000	0.000000000	0.000000000
-600.000000000	400.000000000	0.352000223	123.351314088	0.000000000	0.000000000	0.000000000	0.000000000	0.000000000
-500.000000000	400.000000000	0.387520032	123.351314088	0.000000000	0.000000000	0.000000000	0.000000000	0.000000000
-400.000000000	400.000000000	0.419821600	123.351314088	0.000000000	0.000000000	0.000000000	0.000000000	0.000000000
-300.000000000	400.000000000	0.521911884	123.351314088	0.000000000	0.000000000	0.000000000	0.000000000	0.000000000
-200.000000000	400.000000000	0.788016750	123.351314088	0.000000000	0.000000000	0.000000000	0.000000000	0.000000000
-100.000000000	400.000000000	1.338134132	123.351314088	0.000000000	0.000000000	0.000000000	0.000000000	0.000000000
0.000000000	400.000000000	1.745742711	123.351314088	0.000000000	0.000000000	0.000000000	0.000000000	0.000000000
100.000000000	400.000000000	1.502084539	123.351314088	0.000000000	0.000000000	0.000000000	0.000000000	0.000000000
200.000000000	400.000000000	0.929011011	123.351314088	0.000000000	0.000000000	0.000000000	0.000000000	0.000000000
300.000000000	400.000000000	0.583667072	123.351314088	0.000000000	0.000000000	0.000000000	0.000000000	0.000000000
400.000000000	400.000000000	0.466393559	123.351314088	0.000000000	0.000000000	0.000000000	0.000000000	0.000000000
500.000000000	400.000000000	0.394479745	123.351314088	0.000000000	0.000000000	0.000000000	0.000000000	0.000000000
600.000000000	400.000000000	0.373116020	123.351314088	0.000000000	0.000000000	0.000000000	0.000000000	0.000000000
700.000000000	400.000000000	0.353623029	123.351314088	0.000000000	0.000000000	0.000000000	0.000000000	0.000000000
800.000000000	400.000000000	0.334007685	123.351314088	0.000000000	0.000000000	0.000000000	0.000000000	0.000000000
900.000000000	400.000000000	0.332070944	123.351314088	0.000000000	0.000000000	0.000000000	0.000000000	0.000000000
1000.000000000	400.000000000	0.325521763	123.351314088	0.000000000	0.000000000	0.000000000	0.000000000	0.000000000
-1000.000000000	500.000000000	0.332652127	123.351314088	0.000000000	0.000000000	0.000000000	0.000000000	0.000000000
-900.000000000	500.000000000	0.338636224	123.351314088	0.000000000	0.000000000	0.000000000	0.000000000	0.000000000
-800.000000000	500.000000000	0.342200601	123.351314088	0.000000000	0.000000000	0.000000000	0.000000000	0.000000000
-700.000000000	500.000000000	0.359317339	123.351314088	0.000000000	0.000000000	0.000000000	0.000000000	0.000000000
-600.000000000	500.000000000	0.383519365	123.351314088	0.000000000	0.000000000	0.000000000	0.000000000	0.000000000
-500.000000000	500.000000000	0.405929543	123.351314088	0.000000000	0.000000000	0.000000000	0.000000000	0.000000000
-400.000000000	500.000000000	0.475103262	123.351314088	0.000000000	0.000000000	0.000000000	0.000000000	0.000000000
-300.000000000	500.000000000	0.582548172	123.351314088	0.000000000	0.000000000	0.000000000	0.000000000	0.000000000
-200.000000000	500.000000000	0.838763279	123.351314088	0.000000000	0.000000000	0.000000000	0.000000000	0.000000000
-100.000000000	500.000000000	1.362196137	123.351314088	0.000000000	0.000000000	0.000000000	0.000000000	0.000000000
0.000000000	500.000000000	1.748812844	123.351314088	0.000000000	0.000000000	0.000000000	0.000000000	0.000000000
100.000000000	500.000000000	1.524190491	123.351314088	0.000000000	0.000000000	0.000000000	0.000000000	0.000000000
200.000000000	500.000000000	0.982545949	123.351314088	0.000000000	0.000000000	0.000000000	0.000000000	0.000000000
300.000000000	500.000000000	0.647848425	123.351314088	0.000000000	0.000000000	0.000000000	0.000000000	0.000000000
400.000000000	500.000000000	0.518783796	123.351314088	0.000000000	0.000000000	0.000000000	0.000000000	0.000000000
500.000000000	500.000000000	0.425804087	123.351314088	0.000000000	0.000000000	0.000000000	0.000000000	0.000000000
600.000000000	500.000000000	0.394112682	123.351314088	0.000000000	0.000000000	0.000000000	0.000000000	0.000000000
700.000000000	500.000000000	0.366476683	123.351314088	0.000000000	0.000000000	0.000000000	0.000000000	0.000000000
800.000000000	500.000000000	0.346994962	123.351314088	0.000000000	0.000000000	0.000000000	0.000000000	0.000000000
900.000000000	500.000000000	0.337982594	123.351314088	0.000000000	0.000000000	0.000000000	0.000000000	0.000000000
1000.000000000	500.000000000	0.337597821	123.351314088	0.000000000	0.000000000	0.000000000	0.000000000	0.000000000
-1000.000000000	600.000000000	0.338095288	123.289746893	0.000000000	0.000000000	0.000000000	0.000000000	0.000000000
-900.000000000	600.000000000	0.347827294	123.289746893	0.000000000	0.000000000	0.000000000	0.000000000	0.000000000
-800.000000000	600.000000000	0.357155208	123.289746893	0.000000000	0.000000000	0.000000000	0.000000000	0.000000000
-700.000000000	600.000000000	0.375036662	123.289746893	0.000000000	0.000000000	0.000000000	0.000000000	0.000000000
-600.000000000	600.000000000	0.407690803	123.289746893	0.000000000	0.000000000	0.000000000	0.000000000	0.000000000
-500.000000000	600.000000000	0.438300338	123.289746893	0.000000000	0.000000000	0.000000000	0.000000000	0.000000000
-400.000000000	600.000000000	0.519163739	123.289746893	0.000000000	0.000000000	0.000000000	0.000000000	0.000000000
-300.000000000	600.000000000	0.652939014	123.289746893	0.000000000	0.000000000	0.000000000	0.000000000	0.000000000
-200.000000000	600.000000000	0.931094249	123.289746893	0.000000000	0.000000000	0.000000000	0.000000000	0.000000000
-100.000000000	600.000000000	1.392701079	123.289746893	0.000000000	0.000000000	0.000000000	0.000000000	0.000000000
0.000000000	600.000000000	1.750377696	123.289746893	0.000000000	0.000000000	0.000000000	0.000000000	0.000000000
100.000000000	600.000000000	1.565961741	123.289746893	0.000000000	0.000000000	0.000000000	0.000000000	0.000000000
200.000000000	600.000000000	1.052403950	123.289746893	0.000000000	0.000000000	0.000000000	0.000000000	0.000000000
300.000000000	600.000000000	0.743658418	123.289746893	0.000000000	0.000000000	0.000000000	0.000000000	0.000000000
400.000000000	600.000000000	0.574910679	123.289746893	0.000000000	0.000000000	0.000000000	0.000000000	0.000000000
500.000000000	600.000000000	0.475640978	123.289746893	0.000000000	0.000000000	0.000000000	0.000000000	0.000000000
600.000000000	600.000000000	0.427726340	123.289746893	0.000000000	0.000000000	0.000000000	0.000000000	0.000000000
700.000000000	600.000000000	0.384734860	123.289746893	0.000000000	0.000000000	0.000000000	0.000000000	0.000000000
800.000000000	600.000000000	0.361838484	123.289746893	0.000000000	0.000000000	0.000000000	0.000000000	0.000000000
900.000000000	600.000000000	0.349388923	123.289746893	0.000000000	0.000000000	0.000000000	0.000000000	0.000000000
1000.000000000	600.000000000	0.348147669	123.289746893	0.000000000	0.000000000	0.000000000	0.000000000	0.000000000
-1000.000000000	700.000000000	0.349623972	123.279483497	0.000000000	0.000000000	0.000000000	0.000000000	0.000000000
-900.000000000	700.000000000	0.359935551	123.279483497	0.000000000	0.000000000	0.000000000	0.000000000	0.000000000
-800.000000000	700.000000000	0.378314472	123.279483497	0.000000000	0.000000000	0.000000000	0.000000000	0.000000000
-700.000000000	700.000000000	0.410938025	123.279483497	0.000000000	0.000000000	0.000000000	0.000000000	0.000000000
-600.000000000	700.000000000	0.445641603	123.279483497	0.000000000	0.000000000	0.000000000	0.000000000	0.000000000
-500.000000000	700.000000000	0.495645928	123.279483497	0.000000000	0.000000000	0.000000000	0.000000000	0.000000000
-400.000000000	700.000000000	0.599350980	123.279483497	0.000000000	0.000000000	0.000000000	0.000000000	0.000000000
-300.000000000	700.000000000	0.738835074	123.279483497	0.000000000	0.000000000	0.000000000	0.000000000	0.000000000
-200.000000000	700.000000000	1.012279703	123.279483497	0.000000000	0.000000000	0.000000000	0.000000000	0.000000000
-100.000000000	700.000000000	1.446888089	123.279483497	0.000000000	0.000000000	0.000000000	0.000000000	0.000000000
0.000000000	700.000000000	1.743290781	123.279483497	0.000000000	0.000000000	0.000000000	0.000000000	0.000000000
100.000000000	700.000000000	1.576825548	123.279483497	0.000000000	0.000000000	0.000000000	0.000000000	0.000000000
200.000000000	700.000000000	1.166279025	123.279483497	0.000000000	0.000000000	0.000000000	0.000000000	0.000000000
300.000000000	700.000000000	0.831991921	123.279483497	0.000000000	0.000000000	0.000000000	0.000000000	0.000000000
400.000000000	700.000000000	0.703835256	123.279483497	0.000000000	0.000000000	0.000000000	0.000000000	0.000000000
500.000000000	700.000000000	0.531471630	123.279483497	0.000000000	0.000000000	0.000000000	0.000000000	0.000000000
600.000000000	700.000000000	0.470999559	123.279483497	0.000000000	0.000000000	0.000000000	0.000000000	0.000000000
700.000000000	700.000000000	0.441537900	123.279483497	0.000000000	0.000000000	0.000000000	0.000000000	0.000000000
800.000000000	700.000000000	0.394767922	123.279483497	0.000000000	0.000000000	0.000000000	0.000000000	0.000000000
900.000000000	700.000000000	0.377390375	123.279483497	0.000000000	0.000000000	0.000000000	0.000000000	0.000000000
1000.000000000	700.000000000	0.368292680	123.279483497	0.000000000	0.000000000	0.000000000	0.000000000	0.000000000
-1000.000000000	800.000000000	0.372657191	123.556374462	0.000000000	0.000000000	0.000000000	0.000000000	0.000000000
-900.000000000	800.000000000	0.397694769	123.556374462	0.000000000	0.000000000	0.000000000	0.000000000	0.000000000
-800.000000000	800.000000000	0.428416998	123.556374462	0.000000000	0.000000000	0.000000000	0.000000000	0.000000000
-700.000000000	800.000000000	0.462903238	123.556374462	0.000000000	0.000000000	0.000000000	0.000000000	0.000000000
-600.000000000	800.000000000	0.494832915	123.556374462	0.000000000	0.000000000	0.000000000	0.000000000	0.000000000
-500.000000000	800.000000000	0.571428406	123.556374462	0.000000000	0.000000000	0.000000000	0.000000000	0.000000000
-400.000000000	800.000000000	0.695729270	123.556374462	0.000000000	0.000000000	0.000000000	0.000000000	0.000000000
-300.000000000	800.000000000	0.872011505	123.556374462	0.000000000	0.000000000	0.000000000	0.000000000	0.000000000
-200.000000000	800.000000000	1.127212493	123.556374462	0.000000000	0.000000000	0.000000000	0.000000000	0.000000000
-100.000000000	800.000000000	1.548321732	123.556374462	0.000000000	0.000000000	0.000000000	0.000000000	0.000000000
0.000000000	800.000000000	1.800567304	123.556374462	0.000000000	0.000000000	0.000000000	0.000000000	0.000000000
100.000000000	800.000000000	1.671315595	123.556374462	0.000000000	0.000000000	0.000000000	0.000000000	0.000000000
200.000000000	800.000000000	1.250006598	123.556374462	0.000000000	0.000000000	0.000000000	0.000000000	0.000000000
300.000000000	800.000000000	0.892893901	123.556374462	0.000000000	0.000000000	0.000000000	0.000000000	0.000000000
400.000000000	800.000000000	0.747158399	123.556374462	0.000000000	0.000000000	0.000000000	0.000000000	0.000000000
500.000000000	800.000000000	0.628295859	123.556374462	0.000000000	0.000000000	0.000000000	0.000000000	0.000000000
600.000000000	800.000000000	0.531558566	123.556374462	0.000000000	0.000000000	0.000000000	0.000000000	0.000000000
700.000000000	800.000000000	0.461626566	123.556374462	0.000000000	0.000000000	0.000000000	0.000000000	0.000000000
800.000000000	800.000000000	0.424570883	123.556374462	0.000000000	0.000000000	0.000000000	0.000000000	0.000000000
900.000000000	800.000000000	0.412811979	123.556374462	0.000000000	0.000000000	0.000000000	0.000000000	0.000000000
1000.000000000	800.000000000	0.383775343	123.556374462	0.000000000	0.000000000	0.000000000	0.000000000	0.000000000
-1000.000000000	900.000000000	0.402134946	123.453875787	0.000000000	0.000000000	0.000000000	0.000000000	0.000000000
-900.000000000	900.000000000	0.420639442	123.453875787	0.000000000	0.000000000	0.000000000	0.000000000	0.000000000
-800.000000000	900.000000000	0.450907674	123.453875787	0.000000000	0.000000000	0.000000000	0.000000000	0.000000000
-700.000000000	900.000000000	0.491912508	123.453875787	0.000000000	0.000000000	0.000000000	0.000000000	0.000000000
-600.000000000	900.000000000	0.547954061	123.453875787	0.000000000	0.000000000	0.000000000	0.000000000	0.000000000
-500.000000000	900.000000000	0.639046952	123.453875787	0.000000000	0.000000000	0.000000000	0.000000000	0.000000000
-400.000000000	900.000000000	0.778431240	123.453875787	0.000000000	0.000000000	0.000000000	0.000000000	0.000000000
-300.000000000	900.000000000	0.964806141	123.453875787	0.000000000	0.000000000	0.000000000	0.000000000	0.000000000
-200.000000000	900.000000000	1.202330158	123.453875787	0.000000000	0.000000000	0.000000000	0.000000000	0.000000000
-100.000000000	900.000000000	1.553755248	123.453875787	0.000000000	0.000000000	0.000000000	0.000000000	0.000000000
0.000000000	900.000000000	1.774180530	123.453875787	0.000000000	0.000000000	0.000000000	0.000000000	0.000000000
100.000000000	900.000000000	1.657658551	123.453875787	0.000000000	0.000000000	0.000000000	0.000000000	0.000000000
200.000000000	900.000000000	1.350467793	123.453875787	0.000000000	0.000000000	0.000000000	0.000000000	0.000000000
300.000000000	900.000000000	1.032386096	123.453875787	0.000000000	0.000000000	0.000000000	0.000000000	0.000000000
400.000000000	900.000000000	0.961876081	123.453875787	0.000000000	0.000000000	0.000000000	0.000000000	0.000000000
500.000000000	900.000000000	0.706420796	123.453875787	0.000000000	0.000000000	0.000000000	0.000000000	0.000000000
600.000000000	900.000000000	0.584055064	123.453875787	0.000000000	0.000000000	0.000000000	0.000000000	0.000000000
700.000000000	900.000000000	0.508045584	123.453875787	0.000000000	0.000000000	0.000000000	0.000000000	0.000000000
800.000000000	900.000000000	0.470397446	123.453875787	0.000000000	0.000000000	0.000000000	0.000000000	0.000000000
900.000000000	900.000000000	0.436466631	123.453875787	0.000000000	0.000000000	0.000000000	0.000000000	0.000000000
1000.000000000	900.000000000	0.410921925	123.453875787	0.000000000	0.000000000	0.000000000	0.000000000	0.000000000
-1000.000000000	1000.000000000	0.432322680	123.320533316	0.000000000	0.000000000	0.000000000	0.000000000	0.000000000
-900.000000000	1000.000000000	0.445755908	123.320533316	0.000000000	0.000000000	0.000000000	0.000000000	0.000000000
-800.000000000	1000.000000000	0.504431299	123.320533316	0.000000000	0.000000000	0.000000000	0.000000000	0.000000000
-700.000000000	1000.000000000	0.546749836	123.320533316	0.000000000	0.000000000	0.000000000	0.000000000	0.000000000
-600.000000000	1000.000000000	0.597939074	123.320533316	0.000000000	0.000000000	0.000000000	0.000000000	0.000000000
-500.000000000	1000.000000000	0.707792454	123.320533316	0.000000000	0.000000000	0.000000000	0.000000000	0.000000000
-400.000000000	1000.000000000	0.826574514	123.320533316	0.000000000	0.000000000	0.000000000	0.000000000	0.000000000
-300.000000000	1000.000000000	1.053413369	123.320533316	0.000000000	0.000000000	0.000000000	0.000000000	0.000000000
-200.000000000	1000.000000000	1.265070701	123.320533316	0.000000000	0.000000000	0.000000000	0.000000000	0.000000000
-100.000000000	1000.000000000	1.563833415	123.320533316	0.000000000	0.000000000	0.000000000	0.000000000	0.000000000
0.000000000	1000.000000000	1.764171587	123.320533316	0.000000000	0.000000000	0.000000000	0.000000000	0.000000000
100.000000000	1000.000000000	1.657093466	123.320533316	0.000000000	0.000000000	0.000000000	0.000000000	0.000000000
200.000000000	1000.000000000	1.395198073	123.320533316	0.000000000	0.000000000	0.000000000	0.000000000	0.000000000
300.000000000	1000.000000000	1.137165070	123.320533316	0.000000000	0.000000000	0.000000000	0.000000000	0.000000000
400.000000000	1000.000000000	0.888946335	123.320533316	0.000000000	0.000000000	0.000000000	0.000000000	0.000000000
500.000000000	1000.000000000	0.727663797	123.320533316	0.000000000	0.000000000	0.000000000	0.000000000	0.000000000
600.000000000	1000.000000000	0.672897282	123.320533316	0.000000000	0.000000000	0.000000000	0.000000000	0.000000000
700.000000000	1000.000000000	0.578988623	123.320533316	0.000000000	0.000000000	0.000000000	0.000000000	0.000000000
800.000000000	1000.000000000	0.506400239	123.320533316	0.000000000	0.000000000	0.000000000	0.000000000	0.000000000
900.000000000	1000.000000000	0.466123091	123.320533316	0.000000000	0.000000000	0.000000000	0.000000000	0.000000000
1000.000000000	1000.000000000	0.445660923	123.320533316	0.000000000	0.000000000	0.000000000	0.000000000	0.000000000
