Set Temp (deg C)	126.000000	Laser Power (uW)	1116	Laser Detuning (GHz)	11
X  Field (nT)	Z  Field (nT)	Photodiode Voltage (V)	Temperature (C) 2D	Y  Field (nT)	Photodiode Voltage (V)	Temperature (C) 1D	Frequency (Hz)	Photodiode Voltage (V)		
-1000.000000000	-1000.000000000	0.305885490	126.309416015	-1000.000000000	NaN	126.309416015	0.000000000	0.000000000
-900.000000000	-1000.000000000	0.459865314	126.309416015	-960.000000000	NaN	126.309416015	0.000000000	0.000000000
-800.000000000	-1000.000000000	0.556295093	126.309416015	-920.000000000	NaN	126.309416015	0.000000000	0.000000000
-700.000000000	-1000.000000000	0.695647163	126.309416015	-880.000000000	NaN	126.309416015	0.000000000	0.000000000
-600.000000000	-1000.000000000	0.956135068	126.309416015	-840.000000000	NaN	126.309416015	0.000000000	0.000000000
-500.000000000	-1000.000000000	1.232250685	126.309416015	-800.000000000	NaN	126.309416015	0.000000000	0.000000000
-400.000000000	-1000.000000000	1.588149795	126.309416015	-760.000000000	NaN	126.309416015	0.000000000	0.000000000
-300.000000000	-1000.000000000	1.931734892	126.309416015	-720.000000000	NaN	126.309416015	0.000000000	0.000000000
-200.000000000	-1000.000000000	2.170265746	126.309416015	-680.000000000	NaN	126.309416015	0.000000000	0.000000000
-100.000000000	-1000.000000000	2.266051973	126.309416015	-640.000000000	NaN	126.309416015	0.000000000	0.000000000
0.000000000	-1000.000000000	2.356359623	126.309416015	-600.000000000	NaN	126.309416015	0.000000000	0.000000000
100.000000000	-1000.000000000	2.304450513	126.309416015	-560.000000000	NaN	126.309416015	0.000000000	0.000000000
200.000000000	-1000.000000000	2.163392940	126.309416015	-520.000000000	NaN	126.309416015	0.000000000	0.000000000
300.000000000	-1000.000000000	1.938887816	126.309416015	-480.000000000	NaN	126.309416015	0.000000000	0.000000000
400.000000000	-1000.000000000	1.594745686	126.309416015	-440.000000000	NaN	126.309416015	0.000000000	0.000000000
500.000000000	-1000.000000000	1.272622876	126.309416015	-400.000000000	NaN	126.309416015	0.000000000	0.000000000
600.000000000	-1000.000000000	0.989751975	126.309416015	-360.000000000	NaN	126.309416015	0.000000000	0.000000000
700.000000000	-1000.000000000	0.694289994	126.309416015	-320.000000000	NaN	126.309416015	0.000000000	0.000000000
800.000000000	-1000.000000000	0.492397096	126.309416015	-280.000000000	NaN	126.309416015	0.000000000	0.000000000
900.000000000	-1000.000000000	0.407475073	126.309416015	-240.000000000	NaN	126.309416015	0.000000000	0.000000000
1000.000000000	-1000.000000000	0.284930688	126.309416015	-200.000000000	NaN	126.309416015	0.000000000	0.000000000
-1000.000000000	-900.000000000	0.286110764	126.440251443	-160.000000000	NaN	126.309416015	0.000000000	0.000000000
-900.000000000	-900.000000000	0.377725239	126.440251443	-120.000000000	NaN	126.309416015	0.000000000	0.000000000
-800.000000000	-900.000000000	0.510994970	126.440251443	-80.000000000	NaN	126.309416015	0.000000000	0.000000000
-700.000000000	-900.000000000	0.719433839	126.440251443	-40.000000000	NaN	126.309416015	0.000000000	0.000000000
-600.000000000	-900.000000000	0.927774575	126.440251443	0.000000000	NaN	126.309416015	0.000000000	0.000000000
-500.000000000	-900.000000000	1.194367447	126.440251443	40.000000000	NaN	126.309416015	0.000000000	0.000000000
-400.000000000	-900.000000000	1.505787372	126.440251443	80.000000000	NaN	126.309416015	0.000000000	0.000000000
-300.000000000	-900.000000000	1.879301014	126.440251443	120.000000000	NaN	126.309416015	0.000000000	0.000000000
-200.000000000	-900.000000000	2.136922419	126.440251443	160.000000000	NaN	126.309416015	0.000000000	0.000000000
-100.000000000	-900.000000000	2.333086412	126.440251443	200.000000000	NaN	126.309416015	0.000000000	0.000000000
0.000000000	-900.000000000	2.412855452	126.440251443	240.000000000	NaN	126.309416015	0.000000000	0.000000000
100.000000000	-900.000000000	2.334635168	126.440251443	280.000000000	NaN	126.309416015	0.000000000	0.000000000
200.000000000	-900.000000000	2.118229483	126.440251443	320.000000000	NaN	126.309416015	0.000000000	0.000000000
300.000000000	-900.000000000	1.845320183	126.440251443	360.000000000	NaN	126.309416015	0.000000000	0.000000000
400.000000000	-900.000000000	1.521846425	126.440251443	400.000000000	NaN	126.309416015	0.000000000	0.000000000
500.000000000	-900.000000000	1.267762499	126.440251443	440.000000000	NaN	126.309416015	0.000000000	0.000000000
600.000000000	-900.000000000	0.947349689	126.440251443	480.000000000	NaN	126.309416015	0.000000000	0.000000000
700.000000000	-900.000000000	0.640740596	126.440251443	520.000000000	NaN	126.309416015	0.000000000	0.000000000
800.000000000	-900.000000000	0.505379545	126.440251443	560.000000000	NaN	126.309416015	0.000000000	0.000000000
900.000000000	-900.000000000	0.368444013	126.440251443	600.000000000	NaN	126.309416015	0.000000000	0.000000000
1000.000000000	-900.000000000	0.294253772	126.440251443	640.000000000	NaN	126.309416015	0.000000000	0.000000000
-1000.000000000	-800.000000000	0.257112771	126.510653431	680.000000000	NaN	126.309416015	0.000000000	0.000000000
-900.000000000	-800.000000000	0.344942306	126.510653431	720.000000000	NaN	126.309416015	0.000000000	0.000000000
-800.000000000	-800.000000000	0.457817479	126.510653431	760.000000000	NaN	126.309416015	0.000000000	0.000000000
-700.000000000	-800.000000000	0.652600929	126.510653431	800.000000000	NaN	126.309416015	0.000000000	0.000000000
-600.000000000	-800.000000000	0.883652891	126.510653431	840.000000000	NaN	126.309416015	0.000000000	0.000000000
-500.000000000	-800.000000000	1.153191909	126.510653431	880.000000000	NaN	126.309416015	0.000000000	0.000000000
-400.000000000	-800.000000000	1.493397351	126.510653431	920.000000000	NaN	126.309416015	0.000000000	0.000000000
-300.000000000	-800.000000000	1.809405830	126.510653431	960.000000000	NaN	126.309416015	0.000000000	0.000000000
-200.000000000	-800.000000000	2.095192950	126.510653431	1000.000000000	NaN	126.309416015	0.000000000	0.000000000
-100.000000000	-800.000000000	2.380748522	126.510653431	0.000000000	0.000000000	0.000000000	0.000000000	0.000000000
0.000000000	-800.000000000	2.443655117	126.510653431	0.000000000	0.000000000	0.000000000	0.000000000	0.000000000
100.000000000	-800.000000000	2.358941962	126.510653431	0.000000000	0.000000000	0.000000000	0.000000000	0.000000000
200.000000000	-800.000000000	2.205526512	126.510653431	0.000000000	0.000000000	0.000000000	0.000000000	0.000000000
300.000000000	-800.000000000	1.901175161	126.510653431	0.000000000	0.000000000	0.000000000	0.000000000	0.000000000
400.000000000	-800.000000000	1.542934907	126.510653431	0.000000000	0.000000000	0.000000000	0.000000000	0.000000000
500.000000000	-800.000000000	1.155130266	126.510653431	0.000000000	0.000000000	0.000000000	0.000000000	0.000000000
600.000000000	-800.000000000	0.902786886	126.510653431	0.000000000	0.000000000	0.000000000	0.000000000	0.000000000
700.000000000	-800.000000000	0.637047426	126.510653431	0.000000000	0.000000000	0.000000000	0.000000000	0.000000000
800.000000000	-800.000000000	0.489805114	126.510653431	0.000000000	0.000000000	0.000000000	0.000000000	0.000000000
900.000000000	-800.000000000	0.338037331	126.510653431	0.000000000	0.000000000	0.000000000	0.000000000	0.000000000
1000.000000000	-800.000000000	0.254488591	126.510653431	0.000000000	0.000000000	0.000000000	0.000000000	0.000000000
-1000.000000000	-700.000000000	0.254453173	126.510653431	0.000000000	0.000000000	0.000000000	0.000000000	0.000000000
-900.000000000	-700.000000000	0.317921300	126.510653431	0.000000000	0.000000000	0.000000000	0.000000000	0.000000000
-800.000000000	-700.000000000	0.424900918	126.510653431	0.000000000	0.000000000	0.000000000	0.000000000	0.000000000
-700.000000000	-700.000000000	0.609781697	126.510653431	0.000000000	0.000000000	0.000000000	0.000000000	0.000000000
-600.000000000	-700.000000000	0.835619087	126.510653431	0.000000000	0.000000000	0.000000000	0.000000000	0.000000000
-500.000000000	-700.000000000	1.138733138	126.510653431	0.000000000	0.000000000	0.000000000	0.000000000	0.000000000
-400.000000000	-700.000000000	1.437508637	126.510653431	0.000000000	0.000000000	0.000000000	0.000000000	0.000000000
-300.000000000	-700.000000000	1.807386975	126.510653431	0.000000000	0.000000000	0.000000000	0.000000000	0.000000000
-200.000000000	-700.000000000	2.107597484	126.510653431	0.000000000	0.000000000	0.000000000	0.000000000	0.000000000
-100.000000000	-700.000000000	2.347562941	126.510653431	0.000000000	0.000000000	0.000000000	0.000000000	0.000000000
0.000000000	-700.000000000	2.417691696	126.510653431	0.000000000	0.000000000	0.000000000	0.000000000	0.000000000
100.000000000	-700.000000000	2.340305356	126.510653431	0.000000000	0.000000000	0.000000000	0.000000000	0.000000000
200.000000000	-700.000000000	2.119375755	126.510653431	0.000000000	0.000000000	0.000000000	0.000000000	0.000000000
300.000000000	-700.000000000	1.811274960	126.510653431	0.000000000	0.000000000	0.000000000	0.000000000	0.000000000
400.000000000	-700.000000000	1.469212982	126.510653431	0.000000000	0.000000000	0.000000000	0.000000000	0.000000000
500.000000000	-700.000000000	1.096108670	126.510653431	0.000000000	0.000000000	0.000000000	0.000000000	0.000000000
600.000000000	-700.000000000	0.786917167	126.510653431	0.000000000	0.000000000	0.000000000	0.000000000	0.000000000
700.000000000	-700.000000000	0.608197529	126.510653431	0.000000000	0.000000000	0.000000000	0.000000000	0.000000000
800.000000000	-700.000000000	0.417628880	126.510653431	0.000000000	0.000000000	0.000000000	0.000000000	0.000000000
900.000000000	-700.000000000	0.330209869	126.510653431	0.000000000	0.000000000	0.000000000	0.000000000	0.000000000
1000.000000000	-700.000000000	0.241945655	126.510653431	0.000000000	0.000000000	0.000000000	0.000000000	0.000000000
-1000.000000000	-600.000000000	0.232290927	126.510653431	0.000000000	0.000000000	0.000000000	0.000000000	0.000000000
-900.000000000	-600.000000000	0.302150461	126.510653431	0.000000000	0.000000000	0.000000000	0.000000000	0.000000000
-800.000000000	-600.000000000	0.405430466	126.510653431	0.000000000	0.000000000	0.000000000	0.000000000	0.000000000
-700.000000000	-600.000000000	0.552893317	126.510653431	0.000000000	0.000000000	0.000000000	0.000000000	0.000000000
-600.000000000	-600.000000000	0.721430149	126.510653431	0.000000000	0.000000000	0.000000000	0.000000000	0.000000000
-500.000000000	-600.000000000	1.047625677	126.510653431	0.000000000	0.000000000	0.000000000	0.000000000	0.000000000
-400.000000000	-600.000000000	1.369994621	126.510653431	0.000000000	0.000000000	0.000000000	0.000000000	0.000000000
-300.000000000	-600.000000000	1.661437060	126.510653431	0.000000000	0.000000000	0.000000000	0.000000000	0.000000000
-200.000000000	-600.000000000	2.043613922	126.510653431	0.000000000	0.000000000	0.000000000	0.000000000	0.000000000
-100.000000000	-600.000000000	2.246212758	126.510653431	0.000000000	0.000000000	0.000000000	0.000000000	0.000000000
0.000000000	-600.000000000	2.357512336	126.510653431	0.000000000	0.000000000	0.000000000	0.000000000	0.000000000
100.000000000	-600.000000000	2.277738483	126.510653431	0.000000000	0.000000000	0.000000000	0.000000000	0.000000000
200.000000000	-600.000000000	2.033777235	126.510653431	0.000000000	0.000000000	0.000000000	0.000000000	0.000000000
300.000000000	-600.000000000	1.709865389	126.510653431	0.000000000	0.000000000	0.000000000	0.000000000	0.000000000
400.000000000	-600.000000000	1.400137334	126.510653431	0.000000000	0.000000000	0.000000000	0.000000000	0.000000000
500.000000000	-600.000000000	1.064204718	126.510653431	0.000000000	0.000000000	0.000000000	0.000000000	0.000000000
600.000000000	-600.000000000	0.725876768	126.510653431	0.000000000	0.000000000	0.000000000	0.000000000	0.000000000
700.000000000	-600.000000000	0.512959081	126.510653431	0.000000000	0.000000000	0.000000000	0.000000000	0.000000000
800.000000000	-600.000000000	0.396482494	126.510653431	0.000000000	0.000000000	0.000000000	0.000000000	0.000000000
900.000000000	-600.000000000	0.297357710	126.510653431	0.000000000	0.000000000	0.000000000	0.000000000	0.000000000
1000.000000000	-600.000000000	0.219192567	126.510653431	0.000000000	0.000000000	0.000000000	0.000000000	0.000000000
-1000.000000000	-500.000000000	0.215700637	126.339619045	0.000000000	0.000000000	0.000000000	0.000000000	0.000000000
-900.000000000	-500.000000000	0.263037300	126.339619045	0.000000000	0.000000000	0.000000000	0.000000000	0.000000000
-800.000000000	-500.000000000	0.336823447	126.339619045	0.000000000	0.000000000	0.000000000	0.000000000	0.000000000
-700.000000000	-500.000000000	0.469946667	126.339619045	0.000000000	0.000000000	0.000000000	0.000000000	0.000000000
-600.000000000	-500.000000000	0.672510899	126.339619045	0.000000000	0.000000000	0.000000000	0.000000000	0.000000000
-500.000000000	-500.000000000	0.948747108	126.339619045	0.000000000	0.000000000	0.000000000	0.000000000	0.000000000
-400.000000000	-500.000000000	1.302881495	126.339619045	0.000000000	0.000000000	0.000000000	0.000000000	0.000000000
-300.000000000	-500.000000000	1.600066501	126.339619045	0.000000000	0.000000000	0.000000000	0.000000000	0.000000000
-200.000000000	-500.000000000	1.987981092	126.339619045	0.000000000	0.000000000	0.000000000	0.000000000	0.000000000
-100.000000000	-500.000000000	2.160261623	126.339619045	0.000000000	0.000000000	0.000000000	0.000000000	0.000000000
0.000000000	-500.000000000	2.301159804	126.339619045	0.000000000	0.000000000	0.000000000	0.000000000	0.000000000
100.000000000	-500.000000000	2.216551336	126.339619045	0.000000000	0.000000000	0.000000000	0.000000000	0.000000000
200.000000000	-500.000000000	1.965636840	126.339619045	0.000000000	0.000000000	0.000000000	0.000000000	0.000000000
300.000000000	-500.000000000	1.558303295	126.339619045	0.000000000	0.000000000	0.000000000	0.000000000	0.000000000
400.000000000	-500.000000000	1.298072636	126.339619045	0.000000000	0.000000000	0.000000000	0.000000000	0.000000000
500.000000000	-500.000000000	0.949115780	126.339619045	0.000000000	0.000000000	0.000000000	0.000000000	0.000000000
600.000000000	-500.000000000	0.623741375	126.339619045	0.000000000	0.000000000	0.000000000	0.000000000	0.000000000
700.000000000	-500.000000000	0.468190237	126.339619045	0.000000000	0.000000000	0.000000000	0.000000000	0.000000000
800.000000000	-500.000000000	0.328715857	126.339619045	0.000000000	0.000000000	0.000000000	0.000000000	0.000000000
900.000000000	-500.000000000	0.256426943	126.339619045	0.000000000	0.000000000	0.000000000	0.000000000	0.000000000
1000.000000000	-500.000000000	0.216344608	126.339619045	0.000000000	0.000000000	0.000000000	0.000000000	0.000000000
-1000.000000000	-400.000000000	0.192446863	126.248991553	0.000000000	0.000000000	0.000000000	0.000000000	0.000000000
-900.000000000	-400.000000000	0.233681904	126.248991553	0.000000000	0.000000000	0.000000000	0.000000000	0.000000000
-800.000000000	-400.000000000	0.318739143	126.248991553	0.000000000	0.000000000	0.000000000	0.000000000	0.000000000
-700.000000000	-400.000000000	0.434882464	126.248991553	0.000000000	0.000000000	0.000000000	0.000000000	0.000000000
-600.000000000	-400.000000000	0.588231214	126.248991553	0.000000000	0.000000000	0.000000000	0.000000000	0.000000000
-500.000000000	-400.000000000	0.864137349	126.248991553	0.000000000	0.000000000	0.000000000	0.000000000	0.000000000
-400.000000000	-400.000000000	1.157802746	126.248991553	0.000000000	0.000000000	0.000000000	0.000000000	0.000000000
-300.000000000	-400.000000000	1.555147839	126.248991553	0.000000000	0.000000000	0.000000000	0.000000000	0.000000000
-200.000000000	-400.000000000	1.908696763	126.248991553	0.000000000	0.000000000	0.000000000	0.000000000	0.000000000
-100.000000000	-400.000000000	2.184309196	126.248991553	0.000000000	0.000000000	0.000000000	0.000000000	0.000000000
0.000000000	-400.000000000	2.335845838	126.248991553	0.000000000	0.000000000	0.000000000	0.000000000	0.000000000
100.000000000	-400.000000000	2.270463190	126.248991553	0.000000000	0.000000000	0.000000000	0.000000000	0.000000000
200.000000000	-400.000000000	1.969935364	126.248991553	0.000000000	0.000000000	0.000000000	0.000000000	0.000000000
300.000000000	-400.000000000	1.565087543	126.248991553	0.000000000	0.000000000	0.000000000	0.000000000	0.000000000
400.000000000	-400.000000000	1.185625533	126.248991553	0.000000000	0.000000000	0.000000000	0.000000000	0.000000000
500.000000000	-400.000000000	0.846724368	126.248991553	0.000000000	0.000000000	0.000000000	0.000000000	0.000000000
600.000000000	-400.000000000	0.612639318	126.248991553	0.000000000	0.000000000	0.000000000	0.000000000	0.000000000
700.000000000	-400.000000000	0.426472207	126.248991553	0.000000000	0.000000000	0.000000000	0.000000000	0.000000000
800.000000000	-400.000000000	0.303196913	126.248991553	0.000000000	0.000000000	0.000000000	0.000000000	0.000000000
900.000000000	-400.000000000	0.247015313	126.248991553	0.000000000	0.000000000	0.000000000	0.000000000	0.000000000
1000.000000000	-400.000000000	0.201779605	126.248991553	0.000000000	0.000000000	0.000000000	0.000000000	0.000000000
-1000.000000000	-300.000000000	0.189196422	126.369815936	0.000000000	0.000000000	0.000000000	0.000000000	0.000000000
-900.000000000	-300.000000000	0.228378807	126.369815936	0.000000000	0.000000000	0.000000000	0.000000000	0.000000000
-800.000000000	-300.000000000	0.297014796	126.369815936	0.000000000	0.000000000	0.000000000	0.000000000	0.000000000
-700.000000000	-300.000000000	0.416379577	126.369815936	0.000000000	0.000000000	0.000000000	0.000000000	0.000000000
-600.000000000	-300.000000000	0.590386907	126.369815936	0.000000000	0.000000000	0.000000000	0.000000000	0.000000000
-500.000000000	-300.000000000	0.814662662	126.369815936	0.000000000	0.000000000	0.000000000	0.000000000	0.000000000
-400.000000000	-300.000000000	1.182540917	126.369815936	0.000000000	0.000000000	0.000000000	0.000000000	0.000000000
-300.000000000	-300.000000000	1.508947671	126.369815936	0.000000000	0.000000000	0.000000000	0.000000000	0.000000000
-200.000000000	-300.000000000	1.863221021	126.369815936	0.000000000	0.000000000	0.000000000	0.000000000	0.000000000
-100.000000000	-300.000000000	2.235828690	126.369815936	0.000000000	0.000000000	0.000000000	0.000000000	0.000000000
0.000000000	-300.000000000	2.376345352	126.369815936	0.000000000	0.000000000	0.000000000	0.000000000	0.000000000
100.000000000	-300.000000000	2.288005034	126.369815936	0.000000000	0.000000000	0.000000000	0.000000000	0.000000000
200.000000000	-300.000000000	1.994251785	126.369815936	0.000000000	0.000000000	0.000000000	0.000000000	0.000000000
300.000000000	-300.000000000	1.585585183	126.369815936	0.000000000	0.000000000	0.000000000	0.000000000	0.000000000
400.000000000	-300.000000000	1.197732207	126.369815936	0.000000000	0.000000000	0.000000000	0.000000000	0.000000000
500.000000000	-300.000000000	0.889047762	126.369815936	0.000000000	0.000000000	0.000000000	0.000000000	0.000000000
600.000000000	-300.000000000	0.619840523	126.369815936	0.000000000	0.000000000	0.000000000	0.000000000	0.000000000
700.000000000	-300.000000000	0.436756419	126.369815936	0.000000000	0.000000000	0.000000000	0.000000000	0.000000000
800.000000000	-300.000000000	0.313669485	126.369815936	0.000000000	0.000000000	0.000000000	0.000000000	0.000000000
900.000000000	-300.000000000	0.234987554	126.369815936	0.000000000	0.000000000	0.000000000	0.000000000	0.000000000
1000.000000000	-300.000000000	0.189255989	126.369815936	0.000000000	0.000000000	0.000000000	0.000000000	0.000000000
-1000.000000000	-200.000000000	0.179546524	126.480485259	0.000000000	0.000000000	0.000000000	0.000000000	0.000000000
-900.000000000	-200.000000000	0.218487420	126.480485259	0.000000000	0.000000000	0.000000000	0.000000000	0.000000000
-800.000000000	-200.000000000	0.287026813	126.480485259	0.000000000	0.000000000	0.000000000	0.000000000	0.000000000
-700.000000000	-200.000000000	0.383321344	126.480485259	0.000000000	0.000000000	0.000000000	0.000000000	0.000000000
-600.000000000	-200.000000000	0.492889743	126.480485259	0.000000000	0.000000000	0.000000000	0.000000000	0.000000000
-500.000000000	-200.000000000	0.715389701	126.480485259	0.000000000	0.000000000	0.000000000	0.000000000	0.000000000
-400.000000000	-200.000000000	1.136276387	126.480485259	0.000000000	0.000000000	0.000000000	0.000000000	0.000000000
-300.000000000	-200.000000000	1.483277333	126.480485259	0.000000000	0.000000000	0.000000000	0.000000000	0.000000000
-200.000000000	-200.000000000	1.825468119	126.480485259	0.000000000	0.000000000	0.000000000	0.000000000	0.000000000
-100.000000000	-200.000000000	2.200988108	126.480485259	0.000000000	0.000000000	0.000000000	0.000000000	0.000000000
0.000000000	-200.000000000	2.385240240	126.480485259	0.000000000	0.000000000	0.000000000	0.000000000	0.000000000
100.000000000	-200.000000000	2.246309353	126.480485259	0.000000000	0.000000000	0.000000000	0.000000000	0.000000000
200.000000000	-200.000000000	1.898869738	126.480485259	0.000000000	0.000000000	0.000000000	0.000000000	0.000000000
300.000000000	-200.000000000	1.554402435	126.480485259	0.000000000	0.000000000	0.000000000	0.000000000	0.000000000
400.000000000	-200.000000000	1.151305072	126.480485259	0.000000000	0.000000000	0.000000000	0.000000000	0.000000000
500.000000000	-200.000000000	0.795684833	126.480485259	0.000000000	0.000000000	0.000000000	0.000000000	0.000000000
600.000000000	-200.000000000	0.580635579	126.480485259	0.000000000	0.000000000	0.000000000	0.000000000	0.000000000
700.000000000	-200.000000000	0.391351658	126.480485259	0.000000000	0.000000000	0.000000000	0.000000000	0.000000000
800.000000000	-200.000000000	0.292515052	126.480485259	0.000000000	0.000000000	0.000000000	0.000000000	0.000000000
900.000000000	-200.000000000	0.224315353	126.480485259	0.000000000	0.000000000	0.000000000	0.000000000	0.000000000
1000.000000000	-200.000000000	0.183450595	126.480485259	0.000000000	0.000000000	0.000000000	0.000000000	0.000000000
-1000.000000000	-100.000000000	0.179655999	126.430191278	0.000000000	0.000000000	0.000000000	0.000000000	0.000000000
-900.000000000	-100.000000000	0.211722510	126.430191278	0.000000000	0.000000000	0.000000000	0.000000000	0.000000000
-800.000000000	-100.000000000	0.269156630	126.430191278	0.000000000	0.000000000	0.000000000	0.000000000	0.000000000
-700.000000000	-100.000000000	0.366611916	126.430191278	0.000000000	0.000000000	0.000000000	0.000000000	0.000000000
-600.000000000	-100.000000000	0.600072234	126.430191278	0.000000000	0.000000000	0.000000000	0.000000000	0.000000000
-500.000000000	-100.000000000	0.742861502	126.430191278	0.000000000	0.000000000	0.000000000	0.000000000	0.000000000
-400.000000000	-100.000000000	1.064046945	126.430191278	0.000000000	0.000000000	0.000000000	0.000000000	0.000000000
-300.000000000	-100.000000000	1.391728673	126.430191278	0.000000000	0.000000000	0.000000000	0.000000000	0.000000000
-200.000000000	-100.000000000	1.779137509	126.430191278	0.000000000	0.000000000	0.000000000	0.000000000	0.000000000
-100.000000000	-100.000000000	2.175127747	126.430191278	0.000000000	0.000000000	0.000000000	0.000000000	0.000000000
0.000000000	-100.000000000	2.353567997	126.430191278	0.000000000	0.000000000	0.000000000	0.000000000	0.000000000
100.000000000	-100.000000000	2.205610233	126.430191278	0.000000000	0.000000000	0.000000000	0.000000000	0.000000000
200.000000000	-100.000000000	1.885686004	126.430191278	0.000000000	0.000000000	0.000000000	0.000000000	0.000000000
300.000000000	-100.000000000	1.486171986	126.430191278	0.000000000	0.000000000	0.000000000	0.000000000	0.000000000
400.000000000	-100.000000000	1.085935532	126.430191278	0.000000000	0.000000000	0.000000000	0.000000000	0.000000000
500.000000000	-100.000000000	0.791756609	126.430191278	0.000000000	0.000000000	0.000000000	0.000000000	0.000000000
600.000000000	-100.000000000	0.534841207	126.430191278	0.000000000	0.000000000	0.000000000	0.000000000	0.000000000
700.000000000	-100.000000000	0.381278347	126.430191278	0.000000000	0.000000000	0.000000000	0.000000000	0.000000000
800.000000000	-100.000000000	0.269731374	126.430191278	0.000000000	0.000000000	0.000000000	0.000000000	0.000000000
900.000000000	-100.000000000	0.209639265	126.430191278	0.000000000	0.000000000	0.000000000	0.000000000	0.000000000
1000.000000000	-100.000000000	0.175256071	126.430191278	0.000000000	0.000000000	0.000000000	0.000000000	0.000000000
-1000.000000000	0.000000000	0.176782281	126.400006682	0.000000000	0.000000000	0.000000000	0.000000000	0.000000000
-900.000000000	0.000000000	0.205437358	126.400006682	0.000000000	0.000000000	0.000000000	0.000000000	0.000000000
-800.000000000	0.000000000	0.256633013	126.400006682	0.000000000	0.000000000	0.000000000	0.000000000	0.000000000
-700.000000000	0.000000000	0.356765606	126.400006682	0.000000000	0.000000000	0.000000000	0.000000000	0.000000000
-600.000000000	0.000000000	0.489816383	126.400006682	0.000000000	0.000000000	0.000000000	0.000000000	0.000000000
-500.000000000	0.000000000	0.714932482	126.400006682	0.000000000	0.000000000	0.000000000	0.000000000	0.000000000
-400.000000000	0.000000000	1.019149264	126.400006682	0.000000000	0.000000000	0.000000000	0.000000000	0.000000000
-300.000000000	0.000000000	1.382733995	126.400006682	0.000000000	0.000000000	0.000000000	0.000000000	0.000000000
-200.000000000	0.000000000	1.807675154	126.400006682	0.000000000	0.000000000	0.000000000	0.000000000	0.000000000
-100.000000000	0.000000000	2.144791773	126.400006682	0.000000000	0.000000000	0.000000000	0.000000000	0.000000000
0.000000000	0.000000000	2.391044056	126.400006682	0.000000000	0.000000000	0.000000000	0.000000000	0.000000000
100.000000000	0.000000000	2.189465814	126.400006682	0.000000000	0.000000000	0.000000000	0.000000000	0.000000000
200.000000000	0.000000000	1.845964157	126.400006682	0.000000000	0.000000000	0.000000000	0.000000000	0.000000000
300.000000000	0.000000000	1.477933973	126.400006682	0.000000000	0.000000000	0.000000000	0.000000000	0.000000000
400.000000000	0.000000000	1.084726476	126.400006682	0.000000000	0.000000000	0.000000000	0.000000000	0.000000000
500.000000000	0.000000000	0.780301975	126.400006682	0.000000000	0.000000000	0.000000000	0.000000000	0.000000000
600.000000000	0.000000000	0.530640908	126.400006682	0.000000000	0.000000000	0.000000000	0.000000000	0.000000000
700.000000000	0.000000000	0.365700698	126.400006682	0.000000000	0.000000000	0.000000000	0.000000000	0.000000000
800.000000000	0.000000000	0.267021868	126.400006682	0.000000000	0.000000000	0.000000000	0.000000000	0.000000000
900.000000000	0.000000000	0.209714932	126.400006682	0.000000000	0.000000000	0.000000000	0.000000000	0.000000000
1000.000000000	0.000000000	0.175507219	126.400006682	0.000000000	0.000000000	0.000000000	0.000000000	0.000000000
-1000.000000000	100.000000000	0.174425349	126.440251443	0.000000000	0.000000000	0.000000000	0.000000000	0.000000000
-900.000000000	100.000000000	0.207077872	126.440251443	0.000000000	0.000000000	0.000000000	0.000000000	0.000000000
-800.000000000	100.000000000	0.265545565	126.440251443	0.000000000	0.000000000	0.000000000	0.000000000	0.000000000
-700.000000000	100.000000000	0.360357352	126.440251443	0.000000000	0.000000000	0.000000000	0.000000000	0.000000000
-600.000000000	100.000000000	0.502901868	126.440251443	0.000000000	0.000000000	0.000000000	0.000000000	0.000000000
-500.000000000	100.000000000	0.739095882	126.440251443	0.000000000	0.000000000	0.000000000	0.000000000	0.000000000
-400.000000000	100.000000000	1.058391266	126.440251443	0.000000000	0.000000000	0.000000000	0.000000000	0.000000000
-300.000000000	100.000000000	1.417407049	126.440251443	0.000000000	0.000000000	0.000000000	0.000000000	0.000000000
-200.000000000	100.000000000	1.822600831	126.440251443	0.000000000	0.000000000	0.000000000	0.000000000	0.000000000
-100.000000000	100.000000000	2.195119900	126.440251443	0.000000000	0.000000000	0.000000000	0.000000000	0.000000000
0.000000000	100.000000000	2.431351994	126.440251443	0.000000000	0.000000000	0.000000000	0.000000000	0.000000000
100.000000000	100.000000000	2.253394672	126.440251443	0.000000000	0.000000000	0.000000000	0.000000000	0.000000000
200.000000000	100.000000000	1.895574205	126.440251443	0.000000000	0.000000000	0.000000000	0.000000000	0.000000000
300.000000000	100.000000000	1.477042071	126.440251443	0.000000000	0.000000000	0.000000000	0.000000000	0.000000000
400.000000000	100.000000000	1.097058527	126.440251443	0.000000000	0.000000000	0.000000000	0.000000000	0.000000000
500.000000000	100.000000000	0.782417420	126.440251443	0.000000000	0.000000000	0.000000000	0.000000000	0.000000000
600.000000000	100.000000000	0.535031178	126.440251443	0.000000000	0.000000000	0.000000000	0.000000000	0.000000000
700.000000000	100.000000000	0.371317732	126.440251443	0.000000000	0.000000000	0.000000000	0.000000000	0.000000000
800.000000000	100.000000000	0.274923386	126.440251443	0.000000000	0.000000000	0.000000000	0.000000000	0.000000000
900.000000000	100.000000000	0.213443521	126.440251443	0.000000000	0.000000000	0.000000000	0.000000000	0.000000000
1000.000000000	100.000000000	0.177018940	126.440251443	0.000000000	0.000000000	0.000000000	0.000000000	0.000000000
-1000.000000000	200.000000000	0.175803446	126.520708119	0.000000000	0.000000000	0.000000000	0.000000000	0.000000000
-900.000000000	200.000000000	0.207045674	126.520708119	0.000000000	0.000000000	0.000000000	0.000000000	0.000000000
-800.000000000	200.000000000	0.261567437	126.520708119	0.000000000	0.000000000	0.000000000	0.000000000	0.000000000
-700.000000000	200.000000000	0.351465728	126.520708119	0.000000000	0.000000000	0.000000000	0.000000000	0.000000000
-600.000000000	200.000000000	0.495512304	126.520708119	0.000000000	0.000000000	0.000000000	0.000000000	0.000000000
-500.000000000	200.000000000	0.719018478	126.520708119	0.000000000	0.000000000	0.000000000	0.000000000	0.000000000
-400.000000000	200.000000000	1.029056762	126.520708119	0.000000000	0.000000000	0.000000000	0.000000000	0.000000000
-300.000000000	200.000000000	1.409407308	126.520708119	0.000000000	0.000000000	0.000000000	0.000000000	0.000000000
-200.000000000	200.000000000	1.816946747	126.520708119	0.000000000	0.000000000	0.000000000	0.000000000	0.000000000
-100.000000000	200.000000000	2.184956389	126.520708119	0.000000000	0.000000000	0.000000000	0.000000000	0.000000000
0.000000000	200.000000000	2.373164120	126.520708119	0.000000000	0.000000000	0.000000000	0.000000000	0.000000000
100.000000000	200.000000000	2.227609971	126.520708119	0.000000000	0.000000000	0.000000000	0.000000000	0.000000000
200.000000000	200.000000000	1.883824922	126.520708119	0.000000000	0.000000000	0.000000000	0.000000000	0.000000000
300.000000000	200.000000000	1.474664205	126.520708119	0.000000000	0.000000000	0.000000000	0.000000000	0.000000000
400.000000000	200.000000000	1.089620658	126.520708119	0.000000000	0.000000000	0.000000000	0.000000000	0.000000000
500.000000000	200.000000000	0.764864381	126.520708119	0.000000000	0.000000000	0.000000000	0.000000000	0.000000000
600.000000000	200.000000000	0.523449364	126.520708119	0.000000000	0.000000000	0.000000000	0.000000000	0.000000000
700.000000000	200.000000000	0.370309918	126.520708119	0.000000000	0.000000000	0.000000000	0.000000000	0.000000000
800.000000000	200.000000000	0.270322217	126.520708119	0.000000000	0.000000000	0.000000000	0.000000000	0.000000000
900.000000000	200.000000000	0.213371074	126.520708119	0.000000000	0.000000000	0.000000000	0.000000000	0.000000000
1000.000000000	200.000000000	0.178104030	126.520708119	0.000000000	0.000000000	0.000000000	0.000000000	0.000000000
-1000.000000000	300.000000000	0.174512285	126.440251443	0.000000000	0.000000000	0.000000000	0.000000000	0.000000000
-900.000000000	300.000000000	0.205633769	126.440251443	0.000000000	0.000000000	0.000000000	0.000000000	0.000000000
-800.000000000	300.000000000	0.259276512	126.440251443	0.000000000	0.000000000	0.000000000	0.000000000	0.000000000
-700.000000000	300.000000000	0.345678042	126.440251443	0.000000000	0.000000000	0.000000000	0.000000000	0.000000000
-600.000000000	300.000000000	0.483217293	126.440251443	0.000000000	0.000000000	0.000000000	0.000000000	0.000000000
-500.000000000	300.000000000	0.694434888	126.440251443	0.000000000	0.000000000	0.000000000	0.000000000	0.000000000
-400.000000000	300.000000000	1.000314714	126.440251443	0.000000000	0.000000000	0.000000000	0.000000000	0.000000000
-300.000000000	300.000000000	1.357042741	126.440251443	0.000000000	0.000000000	0.000000000	0.000000000	0.000000000
-200.000000000	300.000000000	1.761573160	126.440251443	0.000000000	0.000000000	0.000000000	0.000000000	0.000000000
-100.000000000	300.000000000	2.093359238	126.440251443	0.000000000	0.000000000	0.000000000	0.000000000	0.000000000
0.000000000	300.000000000	2.285625550	126.440251443	0.000000000	0.000000000	0.000000000	0.000000000	0.000000000
100.000000000	300.000000000	2.179514816	126.440251443	0.000000000	0.000000000	0.000000000	0.000000000	0.000000000
200.000000000	300.000000000	1.852447351	126.440251443	0.000000000	0.000000000	0.000000000	0.000000000	0.000000000
300.000000000	300.000000000	1.437518293	126.440251443	0.000000000	0.000000000	0.000000000	0.000000000	0.000000000
400.000000000	300.000000000	1.070014950	126.440251443	0.000000000	0.000000000	0.000000000	0.000000000	0.000000000
500.000000000	300.000000000	0.743383119	126.440251443	0.000000000	0.000000000	0.000000000	0.000000000	0.000000000
600.000000000	300.000000000	0.510083752	126.440251443	0.000000000	0.000000000	0.000000000	0.000000000	0.000000000
700.000000000	300.000000000	0.361522939	126.440251443	0.000000000	0.000000000	0.000000000	0.000000000	0.000000000
800.000000000	300.000000000	0.267337413	126.440251443	0.000000000	0.000000000	0.000000000	0.000000000	0.000000000
900.000000000	300.000000000	0.207475524	126.440251443	0.000000000	0.000000000	0.000000000	0.000000000	0.000000000
1000.000000000	300.000000000	0.176799990	126.440251443	0.000000000	0.000000000	0.000000000	0.000000000	0.000000000
-1000.000000000	400.000000000	0.173462613	126.259063999	0.000000000	0.000000000	0.000000000	0.000000000	0.000000000
-900.000000000	400.000000000	0.205318223	126.259063999	0.000000000	0.000000000	0.000000000	0.000000000	0.000000000
-800.000000000	400.000000000	0.259719242	126.259063999	0.000000000	0.000000000	0.000000000	0.000000000	0.000000000
-700.000000000	400.000000000	0.345016362	126.259063999	0.000000000	0.000000000	0.000000000	0.000000000	0.000000000
-600.000000000	400.000000000	0.483793647	126.259063999	0.000000000	0.000000000	0.000000000	0.000000000	0.000000000
-500.000000000	400.000000000	0.704799599	126.259063999	0.000000000	0.000000000	0.000000000	0.000000000	0.000000000
-400.000000000	400.000000000	1.020396958	126.259063999	0.000000000	0.000000000	0.000000000	0.000000000	0.000000000
-300.000000000	400.000000000	1.380745731	126.259063999	0.000000000	0.000000000	0.000000000	0.000000000	0.000000000
-200.000000000	400.000000000	1.771809100	126.259063999	0.000000000	0.000000000	0.000000000	0.000000000	0.000000000
-100.000000000	400.000000000	2.163177209	126.259063999	0.000000000	0.000000000	0.000000000	0.000000000	0.000000000
0.000000000	400.000000000	2.342316165	126.259063999	0.000000000	0.000000000	0.000000000	0.000000000	0.000000000
100.000000000	400.000000000	2.189576901	126.259063999	0.000000000	0.000000000	0.000000000	0.000000000	0.000000000
200.000000000	400.000000000	1.879444298	126.259063999	0.000000000	0.000000000	0.000000000	0.000000000	0.000000000
300.000000000	400.000000000	1.461131134	126.259063999	0.000000000	0.000000000	0.000000000	0.000000000	0.000000000
400.000000000	400.000000000	1.068137773	126.259063999	0.000000000	0.000000000	0.000000000	0.000000000	0.000000000
500.000000000	400.000000000	0.752331095	126.259063999	0.000000000	0.000000000	0.000000000	0.000000000	0.000000000
600.000000000	400.000000000	0.513429180	126.259063999	0.000000000	0.000000000	0.000000000	0.000000000	0.000000000
700.000000000	400.000000000	0.363385624	126.259063999	0.000000000	0.000000000	0.000000000	0.000000000	0.000000000
800.000000000	400.000000000	0.269472176	126.259063999	0.000000000	0.000000000	0.000000000	0.000000000	0.000000000
900.000000000	400.000000000	0.211790126	126.259063999	0.000000000	0.000000000	0.000000000	0.000000000	0.000000000
1000.000000000	400.000000000	0.176374970	126.259063999	0.000000000	0.000000000	0.000000000	0.000000000	0.000000000
-1000.000000000	500.000000000	0.175969268	126.319484373	0.000000000	0.000000000	0.000000000	0.000000000	0.000000000
-900.000000000	500.000000000	0.208059927	126.319484373	0.000000000	0.000000000	0.000000000	0.000000000	0.000000000
-800.000000000	500.000000000	0.265531076	126.319484373	0.000000000	0.000000000	0.000000000	0.000000000	0.000000000
-700.000000000	500.000000000	0.362002697	126.319484373	0.000000000	0.000000000	0.000000000	0.000000000	0.000000000
-600.000000000	500.000000000	0.511864331	126.319484373	0.000000000	0.000000000	0.000000000	0.000000000	0.000000000
-500.000000000	500.000000000	0.743875756	126.319484373	0.000000000	0.000000000	0.000000000	0.000000000	0.000000000
-400.000000000	500.000000000	1.071384998	126.319484373	0.000000000	0.000000000	0.000000000	0.000000000	0.000000000
-300.000000000	500.000000000	1.463716680	126.319484373	0.000000000	0.000000000	0.000000000	0.000000000	0.000000000
-200.000000000	500.000000000	1.867363371	126.319484373	0.000000000	0.000000000	0.000000000	0.000000000	0.000000000
-100.000000000	500.000000000	2.210114822	126.319484373	0.000000000	0.000000000	0.000000000	0.000000000	0.000000000
0.000000000	500.000000000	2.393515306	126.319484373	0.000000000	0.000000000	0.000000000	0.000000000	0.000000000
100.000000000	500.000000000	2.235743358	126.319484373	0.000000000	0.000000000	0.000000000	0.000000000	0.000000000
200.000000000	500.000000000	1.923710986	126.319484373	0.000000000	0.000000000	0.000000000	0.000000000	0.000000000
300.000000000	500.000000000	1.528348932	126.319484373	0.000000000	0.000000000	0.000000000	0.000000000	0.000000000
400.000000000	500.000000000	1.133346317	126.319484373	0.000000000	0.000000000	0.000000000	0.000000000	0.000000000
500.000000000	500.000000000	0.785088289	126.319484373	0.000000000	0.000000000	0.000000000	0.000000000	0.000000000
600.000000000	500.000000000	0.546221780	126.319484373	0.000000000	0.000000000	0.000000000	0.000000000	0.000000000
700.000000000	500.000000000	0.387806599	126.319484373	0.000000000	0.000000000	0.000000000	0.000000000	0.000000000
800.000000000	500.000000000	0.278476494	126.319484373	0.000000000	0.000000000	0.000000000	0.000000000	0.000000000
900.000000000	500.000000000	0.221489932	126.319484373	0.000000000	0.000000000	0.000000000	0.000000000	0.000000000
1000.000000000	500.000000000	0.181687726	126.319484373	0.000000000	0.000000000	0.000000000	0.000000000	0.000000000
-1000.000000000	600.000000000	0.188703784	126.470427831	0.000000000	0.000000000	0.000000000	0.000000000	0.000000000
-900.000000000	600.000000000	0.219276284	126.470427831	0.000000000	0.000000000	0.000000000	0.000000000	0.000000000
-800.000000000	600.000000000	0.286881919	126.470427831	0.000000000	0.000000000	0.000000000	0.000000000	0.000000000
-700.000000000	600.000000000	0.386288439	126.470427831	0.000000000	0.000000000	0.000000000	0.000000000	0.000000000
-600.000000000	600.000000000	0.548148863	126.470427831	0.000000000	0.000000000	0.000000000	0.000000000	0.000000000
-500.000000000	600.000000000	0.800513006	126.470427831	0.000000000	0.000000000	0.000000000	0.000000000	0.000000000
-400.000000000	600.000000000	1.144775203	126.470427831	0.000000000	0.000000000	0.000000000	0.000000000	0.000000000
-300.000000000	600.000000000	1.547452364	126.470427831	0.000000000	0.000000000	0.000000000	0.000000000	0.000000000
-200.000000000	600.000000000	1.932047222	126.470427831	0.000000000	0.000000000	0.000000000	0.000000000	0.000000000
-100.000000000	600.000000000	2.255801527	126.470427831	0.000000000	0.000000000	0.000000000	0.000000000	0.000000000
0.000000000	600.000000000	2.440715378	126.470427831	0.000000000	0.000000000	0.000000000	0.000000000	0.000000000
100.000000000	600.000000000	2.349836170	126.470427831	0.000000000	0.000000000	0.000000000	0.000000000	0.000000000
200.000000000	600.000000000	2.033471346	126.470427831	0.000000000	0.000000000	0.000000000	0.000000000	0.000000000
300.000000000	600.000000000	1.665558481	126.470427831	0.000000000	0.000000000	0.000000000	0.000000000	0.000000000
400.000000000	600.000000000	1.244616550	126.470427831	0.000000000	0.000000000	0.000000000	0.000000000	0.000000000
500.000000000	600.000000000	0.872877645	126.470427831	0.000000000	0.000000000	0.000000000	0.000000000	0.000000000
600.000000000	600.000000000	0.588749610	126.470427831	0.000000000	0.000000000	0.000000000	0.000000000	0.000000000
700.000000000	600.000000000	0.425530400	126.470427831	0.000000000	0.000000000	0.000000000	0.000000000	0.000000000
800.000000000	600.000000000	0.302963474	126.470427831	0.000000000	0.000000000	0.000000000	0.000000000	0.000000000
900.000000000	600.000000000	0.236851849	126.470427831	0.000000000	0.000000000	0.000000000	0.000000000	0.000000000
1000.000000000	600.000000000	0.197682343	126.470427831	0.000000000	0.000000000	0.000000000	0.000000000	0.000000000
-1000.000000000	700.000000000	0.192976529	126.581021839	0.000000000	0.000000000	0.000000000	0.000000000	0.000000000
-900.000000000	700.000000000	0.236032396	126.581021839	0.000000000	0.000000000	0.000000000	0.000000000	0.000000000
-800.000000000	700.000000000	0.302403219	126.581021839	0.000000000	0.000000000	0.000000000	0.000000000	0.000000000
-700.000000000	700.000000000	0.416416605	126.581021839	0.000000000	0.000000000	0.000000000	0.000000000	0.000000000
-600.000000000	700.000000000	0.588501682	126.581021839	0.000000000	0.000000000	0.000000000	0.000000000	0.000000000
-500.000000000	700.000000000	0.837137249	126.581021839	0.000000000	0.000000000	0.000000000	0.000000000	0.000000000
-400.000000000	700.000000000	1.172076372	126.581021839	0.000000000	0.000000000	0.000000000	0.000000000	0.000000000
-300.000000000	700.000000000	1.564960358	126.581021839	0.000000000	0.000000000	0.000000000	0.000000000	0.000000000
-200.000000000	700.000000000	1.936501898	126.581021839	0.000000000	0.000000000	0.000000000	0.000000000	0.000000000
-100.000000000	700.000000000	2.266259653	126.581021839	0.000000000	0.000000000	0.000000000	0.000000000	0.000000000
0.000000000	700.000000000	2.413354531	126.581021839	0.000000000	0.000000000	0.000000000	0.000000000	0.000000000
100.000000000	700.000000000	2.311149446	126.581021839	0.000000000	0.000000000	0.000000000	0.000000000	0.000000000
200.000000000	700.000000000	1.990495806	126.581021839	0.000000000	0.000000000	0.000000000	0.000000000	0.000000000
300.000000000	700.000000000	1.631566404	126.581021839	0.000000000	0.000000000	0.000000000	0.000000000	0.000000000
400.000000000	700.000000000	1.282453104	126.581021839	0.000000000	0.000000000	0.000000000	0.000000000	0.000000000
500.000000000	700.000000000	0.911221296	126.581021839	0.000000000	0.000000000	0.000000000	0.000000000	0.000000000
600.000000000	700.000000000	0.633471775	126.581021839	0.000000000	0.000000000	0.000000000	0.000000000	0.000000000
700.000000000	700.000000000	0.446330652	126.581021839	0.000000000	0.000000000	0.000000000	0.000000000	0.000000000
800.000000000	700.000000000	0.319632652	126.581021839	0.000000000	0.000000000	0.000000000	0.000000000	0.000000000
900.000000000	700.000000000	0.255601050	126.581021839	0.000000000	0.000000000	0.000000000	0.000000000	0.000000000
1000.000000000	700.000000000	0.208001970	126.581021839	0.000000000	0.000000000	0.000000000	0.000000000	0.000000000
-1000.000000000	800.000000000	0.206606164	126.480485259	0.000000000	0.000000000	0.000000000	0.000000000	0.000000000
-900.000000000	800.000000000	0.242761888	126.480485259	0.000000000	0.000000000	0.000000000	0.000000000	0.000000000
-800.000000000	800.000000000	0.322992568	126.480485259	0.000000000	0.000000000	0.000000000	0.000000000	0.000000000
-700.000000000	800.000000000	0.431403412	126.480485259	0.000000000	0.000000000	0.000000000	0.000000000	0.000000000
-600.000000000	800.000000000	0.596095708	126.480485259	0.000000000	0.000000000	0.000000000	0.000000000	0.000000000
-500.000000000	800.000000000	0.850573705	126.480485259	0.000000000	0.000000000	0.000000000	0.000000000	0.000000000
-400.000000000	800.000000000	1.186929576	126.480485259	0.000000000	0.000000000	0.000000000	0.000000000	0.000000000
-300.000000000	800.000000000	1.557501550	126.480485259	0.000000000	0.000000000	0.000000000	0.000000000	0.000000000
-200.000000000	800.000000000	1.923104041	126.480485259	0.000000000	0.000000000	0.000000000	0.000000000	0.000000000
-100.000000000	800.000000000	2.193585633	126.480485259	0.000000000	0.000000000	0.000000000	0.000000000	0.000000000
0.000000000	800.000000000	2.334683466	126.480485259	0.000000000	0.000000000	0.000000000	0.000000000	0.000000000
100.000000000	800.000000000	2.266163057	126.480485259	0.000000000	0.000000000	0.000000000	0.000000000	0.000000000
200.000000000	800.000000000	1.959467579	126.480485259	0.000000000	0.000000000	0.000000000	0.000000000	0.000000000
300.000000000	800.000000000	1.643354317	126.480485259	0.000000000	0.000000000	0.000000000	0.000000000	0.000000000
400.000000000	800.000000000	1.243639324	126.480485259	0.000000000	0.000000000	0.000000000	0.000000000	0.000000000
500.000000000	800.000000000	0.924957202	126.480485259	0.000000000	0.000000000	0.000000000	0.000000000	0.000000000
600.000000000	800.000000000	0.637618947	126.480485259	0.000000000	0.000000000	0.000000000	0.000000000	0.000000000
700.000000000	800.000000000	0.471566253	126.480485259	0.000000000	0.000000000	0.000000000	0.000000000	0.000000000
800.000000000	800.000000000	0.328253808	126.480485259	0.000000000	0.000000000	0.000000000	0.000000000	0.000000000
900.000000000	800.000000000	0.255443278	126.480485259	0.000000000	0.000000000	0.000000000	0.000000000	0.000000000
1000.000000000	800.000000000	0.208449530	126.480485259	0.000000000	0.000000000	0.000000000	0.000000000	0.000000000
-1000.000000000	900.000000000	0.214052073	126.248991553	0.000000000	0.000000000	0.000000000	0.000000000	0.000000000
-900.000000000	900.000000000	0.251370164	126.248991553	0.000000000	0.000000000	0.000000000	0.000000000	0.000000000
-800.000000000	900.000000000	0.330861889	126.248991553	0.000000000	0.000000000	0.000000000	0.000000000	0.000000000
-700.000000000	900.000000000	0.427711850	126.248991553	0.000000000	0.000000000	0.000000000	0.000000000	0.000000000
-600.000000000	900.000000000	0.622617646	126.248991553	0.000000000	0.000000000	0.000000000	0.000000000	0.000000000
-500.000000000	900.000000000	0.860645413	126.248991553	0.000000000	0.000000000	0.000000000	0.000000000	0.000000000
-400.000000000	900.000000000	1.182154526	126.248991553	0.000000000	0.000000000	0.000000000	0.000000000	0.000000000
-300.000000000	900.000000000	1.562398958	126.248991553	0.000000000	0.000000000	0.000000000	0.000000000	0.000000000
-200.000000000	900.000000000	1.899867892	126.248991553	0.000000000	0.000000000	0.000000000	0.000000000	0.000000000
-100.000000000	900.000000000	2.153553028	126.248991553	0.000000000	0.000000000	0.000000000	0.000000000	0.000000000
0.000000000	900.000000000	2.286681666	126.248991553	0.000000000	0.000000000	0.000000000	0.000000000	0.000000000
100.000000000	900.000000000	2.210452907	126.248991553	0.000000000	0.000000000	0.000000000	0.000000000	0.000000000
200.000000000	900.000000000	1.960839245	126.248991553	0.000000000	0.000000000	0.000000000	0.000000000	0.000000000
300.000000000	900.000000000	1.682121459	126.248991553	0.000000000	0.000000000	0.000000000	0.000000000	0.000000000
400.000000000	900.000000000	1.269776526	126.248991553	0.000000000	0.000000000	0.000000000	0.000000000	0.000000000
500.000000000	900.000000000	0.960650920	126.248991553	0.000000000	0.000000000	0.000000000	0.000000000	0.000000000
600.000000000	900.000000000	0.649047820	126.248991553	0.000000000	0.000000000	0.000000000	0.000000000	0.000000000
700.000000000	900.000000000	0.466528793	126.248991553	0.000000000	0.000000000	0.000000000	0.000000000	0.000000000
800.000000000	900.000000000	0.338832635	126.248991553	0.000000000	0.000000000	0.000000000	0.000000000	0.000000000
900.000000000	900.000000000	0.242251542	126.248991553	0.000000000	0.000000000	0.000000000	0.000000000	0.000000000
1000.000000000	900.000000000	0.219284333	126.248991553	0.000000000	0.000000000	0.000000000	0.000000000	0.000000000
-1000.000000000	1000.000000000	0.212092793	126.309416015	0.000000000	0.000000000	0.000000000	0.000000000	0.000000000
-900.000000000	1000.000000000	0.256628183	126.309416015	0.000000000	0.000000000	0.000000000	0.000000000	0.000000000
-800.000000000	1000.000000000	0.328635361	126.309416015	0.000000000	0.000000000	0.000000000	0.000000000	0.000000000
-700.000000000	1000.000000000	0.451192631	126.309416015	0.000000000	0.000000000	0.000000000	0.000000000	0.000000000
-600.000000000	1000.000000000	0.627217207	126.309416015	0.000000000	0.000000000	0.000000000	0.000000000	0.000000000
-500.000000000	1000.000000000	0.878826329	126.309416015	0.000000000	0.000000000	0.000000000	0.000000000	0.000000000
-400.000000000	1000.000000000	1.226538660	126.309416015	0.000000000	0.000000000	0.000000000	0.000000000	0.000000000
-300.000000000	1000.000000000	1.553426818	126.309416015	0.000000000	0.000000000	0.000000000	0.000000000	0.000000000
-200.000000000	1000.000000000	1.932266165	126.309416015	0.000000000	0.000000000	0.000000000	0.000000000	0.000000000
-100.000000000	1000.000000000	2.183368996	126.309416015	0.000000000	0.000000000	0.000000000	0.000000000	0.000000000
0.000000000	1000.000000000	2.260347975	126.309416015	0.000000000	0.000000000	0.000000000	0.000000000	0.000000000
100.000000000	1000.000000000	2.197647496	126.309416015	0.000000000	0.000000000	0.000000000	0.000000000	0.000000000
200.000000000	1000.000000000	1.956985064	126.309416015	0.000000000	0.000000000	0.000000000	0.000000000	0.000000000
300.000000000	1000.000000000	1.669858606	126.309416015	0.000000000	0.000000000	0.000000000	0.000000000	0.000000000
400.000000000	1000.000000000	1.295401764	126.309416015	0.000000000	0.000000000	0.000000000	0.000000000	0.000000000
500.000000000	1000.000000000	0.926905214	126.309416015	0.000000000	0.000000000	0.000000000	0.000000000	0.000000000
600.000000000	1000.000000000	0.680038918	126.309416015	0.000000000	0.000000000	0.000000000	0.000000000	0.000000000
700.000000000	1000.000000000	0.609870272	126.309416015	0.000000000	0.000000000	0.000000000	0.000000000	0.000000000
800.000000000	1000.000000000	0.361951179	126.309416015	0.000000000	0.000000000	0.000000000	0.000000000	0.000000000
900.000000000	1000.000000000	0.290156509	126.309416015	0.000000000	0.000000000	0.000000000	0.000000000	0.000000000
1000.000000000	1000.000000000	0.230434682	126.309416015	0.000000000	0.000000000	0.000000000	0.000000000	0.000000000
