Set Temp (deg C)	114.000000	Laser Power (uW)	1289	Laser Detuning (GHz)	12
X  Field (nT)	Z  Field (nT)	Photodiode Voltage (V)	Temperature (C) 2D	Y  Field (nT)	Photodiode Voltage (V)	Temperature (C) 1D	Frequency (Hz)	Photodiode Voltage (V)		
-1000.000000000	-1000.000000000	0.274641649	135.026022084	-1000.000000000	NaN	135.072938104	0.000000000	0.000000000
-900.000000000	-1000.000000000	0.300606542	135.026022084	-960.000000000	NaN	135.072938104	0.000000000	0.000000000
-800.000000000	-1000.000000000	0.353911206	135.026022084	-920.000000000	NaN	135.072938104	0.000000000	0.000000000
-700.000000000	-1000.000000000	0.430844767	135.026022084	-880.000000000	NaN	135.072938104	0.000000000	0.000000000
-600.000000000	-1000.000000000	0.539167080	135.026022084	-840.000000000	NaN	135.072938104	0.000000000	0.000000000
-500.000000000	-1000.000000000	0.614885166	135.026022084	-800.000000000	NaN	135.072938104	0.000000000	0.000000000
-400.000000000	-1000.000000000	0.728029241	135.026022084	-760.000000000	NaN	135.072938104	0.000000000	0.000000000
-300.000000000	-1000.000000000	0.834627371	135.026022084	-720.000000000	NaN	135.072938104	0.000000000	0.000000000
-200.000000000	-1000.000000000	0.903450174	135.026022084	-680.000000000	NaN	135.072938104	0.000000000	0.000000000
-100.000000000	-1000.000000000	0.956650243	135.026022084	-640.000000000	NaN	135.072938104	0.000000000	0.000000000
0.000000000	-1000.000000000	0.971884992	135.026022084	-600.000000000	NaN	135.072938104	0.000000000	0.000000000
100.000000000	-1000.000000000	0.954130705	135.026022084	-560.000000000	NaN	135.072938104	0.000000000	0.000000000
200.000000000	-1000.000000000	0.906723157	135.026022084	-520.000000000	NaN	135.072938104	0.000000000	0.000000000
300.000000000	-1000.000000000	0.820094554	135.026022084	-480.000000000	NaN	135.072938104	0.000000000	0.000000000
400.000000000	-1000.000000000	0.711168472	135.026022084	-440.000000000	NaN	135.072938104	0.000000000	0.000000000
500.000000000	-1000.000000000	0.617404702	135.026022084	-400.000000000	NaN	135.072938104	0.000000000	0.000000000
600.000000000	-1000.000000000	0.623456426	135.026022084	-360.000000000	NaN	135.072938104	0.000000000	0.000000000
700.000000000	-1000.000000000	0.424522586	135.026022084	-320.000000000	NaN	135.072938104	0.000000000	0.000000000
800.000000000	-1000.000000000	0.359674743	135.026022084	-280.000000000	NaN	135.072938104	0.000000000	0.000000000
900.000000000	-1000.000000000	0.305568335	135.026022084	-240.000000000	NaN	135.072938104	0.000000000	0.000000000
1000.000000000	-1000.000000000	0.255931085	135.026022084	-200.000000000	NaN	135.072938104	0.000000000	0.000000000
-1000.000000000	-900.000000000	0.249961478	135.072938104	-160.000000000	NaN	135.072938104	0.000000000	0.000000000
-900.000000000	-900.000000000	0.288000818	135.072938104	-120.000000000	NaN	135.072938104	0.000000000	0.000000000
-800.000000000	-900.000000000	0.319278468	135.072938104	-80.000000000	NaN	135.072938104	0.000000000	0.000000000
-700.000000000	-900.000000000	0.405079502	135.072938104	-40.000000000	NaN	135.072938104	0.000000000	0.000000000
-600.000000000	-900.000000000	0.485318248	135.072938104	0.000000000	NaN	135.072938104	0.000000000	0.000000000
-500.000000000	-900.000000000	0.580432728	135.072938104	40.000000000	NaN	135.072938104	0.000000000	0.000000000
-400.000000000	-900.000000000	0.697930040	135.072938104	80.000000000	NaN	135.072938104	0.000000000	0.000000000
-300.000000000	-900.000000000	0.816594572	135.072938104	120.000000000	NaN	135.072938104	0.000000000	0.000000000
-200.000000000	-900.000000000	0.903702932	135.072938104	160.000000000	NaN	135.072938104	0.000000000	0.000000000
-100.000000000	-900.000000000	0.955286634	135.072938104	200.000000000	NaN	135.072938104	0.000000000	0.000000000
0.000000000	-900.000000000	0.975529869	135.072938104	240.000000000	NaN	135.072938104	0.000000000	0.000000000
100.000000000	-900.000000000	0.959911957	135.072938104	280.000000000	NaN	135.072938104	0.000000000	0.000000000
200.000000000	-900.000000000	0.906151633	135.072938104	320.000000000	NaN	135.072938104	0.000000000	0.000000000
300.000000000	-900.000000000	0.803763449	135.072938104	360.000000000	NaN	135.072938104	0.000000000	0.000000000
400.000000000	-900.000000000	0.698213387	135.072938104	400.000000000	NaN	135.072938104	0.000000000	0.000000000
500.000000000	-900.000000000	0.566571256	135.072938104	440.000000000	NaN	135.072938104	0.000000000	0.000000000
600.000000000	-900.000000000	0.488443115	135.072938104	480.000000000	NaN	135.072938104	0.000000000	0.000000000
700.000000000	-900.000000000	0.375672583	135.072938104	520.000000000	NaN	135.072938104	0.000000000	0.000000000
800.000000000	-900.000000000	0.316002268	135.072938104	560.000000000	NaN	135.072938104	0.000000000	0.000000000
900.000000000	-900.000000000	0.276166249	135.072938104	600.000000000	NaN	135.072938104	0.000000000	0.000000000
1000.000000000	-900.000000000	0.237428202	135.072938104	640.000000000	NaN	135.072938104	0.000000000	0.000000000
-1000.000000000	-800.000000000	0.219358390	135.072938104	680.000000000	NaN	135.072938104	0.000000000	0.000000000
-900.000000000	-800.000000000	0.250842108	135.072938104	720.000000000	NaN	135.072938104	0.000000000	0.000000000
-800.000000000	-800.000000000	0.295330813	135.072938104	760.000000000	NaN	135.072938104	0.000000000	0.000000000
-700.000000000	-800.000000000	0.349221490	135.072938104	800.000000000	NaN	135.072938104	0.000000000	0.000000000
-600.000000000	-800.000000000	0.448161139	135.072938104	840.000000000	NaN	135.072938104	0.000000000	0.000000000
-500.000000000	-800.000000000	0.553134806	135.072938104	880.000000000	NaN	135.072938104	0.000000000	0.000000000
-400.000000000	-800.000000000	0.658399886	135.072938104	920.000000000	NaN	135.072938104	0.000000000	0.000000000
-300.000000000	-800.000000000	0.781747690	135.072938104	960.000000000	NaN	135.072938104	0.000000000	0.000000000
-200.000000000	-800.000000000	0.876685123	135.072938104	1000.000000000	NaN	135.072938104	0.000000000	0.000000000
-100.000000000	-800.000000000	1.325480286	135.072938104	0.000000000	0.000000000	0.000000000	0.000000000	0.000000000
0.000000000	-800.000000000	0.981029384	135.072938104	0.000000000	0.000000000	0.000000000	0.000000000	0.000000000
100.000000000	-800.000000000	0.948769645	135.072938104	0.000000000	0.000000000	0.000000000	0.000000000	0.000000000
200.000000000	-800.000000000	0.897087739	135.072938104	0.000000000	0.000000000	0.000000000	0.000000000	0.000000000
300.000000000	-800.000000000	0.770808232	135.072938104	0.000000000	0.000000000	0.000000000	0.000000000	0.000000000
400.000000000	-800.000000000	0.676770766	135.072938104	0.000000000	0.000000000	0.000000000	0.000000000	0.000000000
500.000000000	-800.000000000	0.522869790	135.072938104	0.000000000	0.000000000	0.000000000	0.000000000	0.000000000
600.000000000	-800.000000000	0.440475349	135.072938104	0.000000000	0.000000000	0.000000000	0.000000000	0.000000000
700.000000000	-800.000000000	0.337538254	135.072938104	0.000000000	0.000000000	0.000000000	0.000000000	0.000000000
800.000000000	-800.000000000	0.279614712	135.072938104	0.000000000	0.000000000	0.000000000	0.000000000	0.000000000
900.000000000	-800.000000000	0.257342991	135.072938104	0.000000000	0.000000000	0.000000000	0.000000000	0.000000000
1000.000000000	-800.000000000	0.214340250	135.072938104	0.000000000	0.000000000	0.000000000	0.000000000	0.000000000
-1000.000000000	-700.000000000	0.204579267	135.101077561	0.000000000	0.000000000	0.000000000	0.000000000	0.000000000
-900.000000000	-700.000000000	0.227108575	135.101077561	0.000000000	0.000000000	0.000000000	0.000000000	0.000000000
-800.000000000	-700.000000000	0.269365920	135.101077561	0.000000000	0.000000000	0.000000000	0.000000000	0.000000000
-700.000000000	-700.000000000	0.312148104	135.101077561	0.000000000	0.000000000	0.000000000	0.000000000	0.000000000
-600.000000000	-700.000000000	0.392451238	135.101077561	0.000000000	0.000000000	0.000000000	0.000000000	0.000000000
-500.000000000	-700.000000000	0.496106368	135.101077561	0.000000000	0.000000000	0.000000000	0.000000000	0.000000000
-400.000000000	-700.000000000	0.654077235	135.101077561	0.000000000	0.000000000	0.000000000	0.000000000	0.000000000
-300.000000000	-700.000000000	0.761403036	135.101077561	0.000000000	0.000000000	0.000000000	0.000000000	0.000000000
-200.000000000	-700.000000000	0.874632466	135.101077561	0.000000000	0.000000000	0.000000000	0.000000000	0.000000000
-100.000000000	-700.000000000	0.964511522	135.101077561	0.000000000	0.000000000	0.000000000	0.000000000	0.000000000
0.000000000	-700.000000000	0.999102437	135.101077561	0.000000000	0.000000000	0.000000000	0.000000000	0.000000000
100.000000000	-700.000000000	0.977022273	135.101077561	0.000000000	0.000000000	0.000000000	0.000000000	0.000000000
200.000000000	-700.000000000	0.906455909	135.101077561	0.000000000	0.000000000	0.000000000	0.000000000	0.000000000
300.000000000	-700.000000000	0.783143498	135.101077561	0.000000000	0.000000000	0.000000000	0.000000000	0.000000000
400.000000000	-700.000000000	0.636137814	135.101077561	0.000000000	0.000000000	0.000000000	0.000000000	0.000000000
500.000000000	-700.000000000	0.496565197	135.101077561	0.000000000	0.000000000	0.000000000	0.000000000	0.000000000
600.000000000	-700.000000000	0.418482141	135.101077561	0.000000000	0.000000000	0.000000000	0.000000000	0.000000000
700.000000000	-700.000000000	0.321938067	135.101077561	0.000000000	0.000000000	0.000000000	0.000000000	0.000000000
800.000000000	-700.000000000	0.261313069	135.101077561	0.000000000	0.000000000	0.000000000	0.000000000	0.000000000
900.000000000	-700.000000000	0.233271373	135.101077561	0.000000000	0.000000000	0.000000000	0.000000000	0.000000000
1000.000000000	-700.000000000	0.201765116	135.101077561	0.000000000	0.000000000	0.000000000	0.000000000	0.000000000
-1000.000000000	-600.000000000	0.193839449	135.194820675	0.000000000	0.000000000	0.000000000	0.000000000	0.000000000
-900.000000000	-600.000000000	0.209454123	135.194820675	0.000000000	0.000000000	0.000000000	0.000000000	0.000000000
-800.000000000	-600.000000000	0.240359878	135.194820675	0.000000000	0.000000000	0.000000000	0.000000000	0.000000000
-700.000000000	-600.000000000	0.272535865	135.194820675	0.000000000	0.000000000	0.000000000	0.000000000	0.000000000
-600.000000000	-600.000000000	0.351977685	135.194820675	0.000000000	0.000000000	0.000000000	0.000000000	0.000000000
-500.000000000	-600.000000000	0.427087199	135.194820675	0.000000000	0.000000000	0.000000000	0.000000000	0.000000000
-400.000000000	-600.000000000	0.581561287	135.194820675	0.000000000	0.000000000	0.000000000	0.000000000	0.000000000
-300.000000000	-600.000000000	0.715299546	135.194820675	0.000000000	0.000000000	0.000000000	0.000000000	0.000000000
-200.000000000	-600.000000000	0.858462352	135.194820675	0.000000000	0.000000000	0.000000000	0.000000000	0.000000000
-100.000000000	-600.000000000	0.948827603	135.194820675	0.000000000	0.000000000	0.000000000	0.000000000	0.000000000
0.000000000	-600.000000000	0.993763915	135.194820675	0.000000000	0.000000000	0.000000000	0.000000000	0.000000000
100.000000000	-600.000000000	0.971711120	135.194820675	0.000000000	0.000000000	0.000000000	0.000000000	0.000000000
200.000000000	-600.000000000	0.884174508	135.194820675	0.000000000	0.000000000	0.000000000	0.000000000	0.000000000
300.000000000	-600.000000000	0.732065330	135.194820675	0.000000000	0.000000000	0.000000000	0.000000000	0.000000000
400.000000000	-600.000000000	0.604221010	135.194820675	0.000000000	0.000000000	0.000000000	0.000000000	0.000000000
500.000000000	-600.000000000	0.466847558	135.194820675	0.000000000	0.000000000	0.000000000	0.000000000	0.000000000
600.000000000	-600.000000000	0.359306070	135.194820675	0.000000000	0.000000000	0.000000000	0.000000000	0.000000000
700.000000000	-600.000000000	0.293575993	135.194820675	0.000000000	0.000000000	0.000000000	0.000000000	0.000000000
800.000000000	-600.000000000	0.238786980	135.194820675	0.000000000	0.000000000	0.000000000	0.000000000	0.000000000
900.000000000	-600.000000000	0.208518756	135.194820675	0.000000000	0.000000000	0.000000000	0.000000000	0.000000000
1000.000000000	-600.000000000	0.193393499	135.194820675	0.000000000	0.000000000	0.000000000	0.000000000	0.000000000
-1000.000000000	-500.000000000	0.179076426	135.110455687	0.000000000	0.000000000	0.000000000	0.000000000	0.000000000
-900.000000000	-500.000000000	0.192612685	135.110455687	0.000000000	0.000000000	0.000000000	0.000000000	0.000000000
-800.000000000	-500.000000000	0.209988619	135.110455687	0.000000000	0.000000000	0.000000000	0.000000000	0.000000000
-700.000000000	-500.000000000	0.237516748	135.110455687	0.000000000	0.000000000	0.000000000	0.000000000	0.000000000
-600.000000000	-500.000000000	0.286801423	135.110455687	0.000000000	0.000000000	0.000000000	0.000000000	0.000000000
-500.000000000	-500.000000000	0.383778563	135.110455687	0.000000000	0.000000000	0.000000000	0.000000000	0.000000000
-400.000000000	-500.000000000	0.488729689	135.110455687	0.000000000	0.000000000	0.000000000	0.000000000	0.000000000
-300.000000000	-500.000000000	0.680940479	135.110455687	0.000000000	0.000000000	0.000000000	0.000000000	0.000000000
-200.000000000	-500.000000000	0.813917263	135.110455687	0.000000000	0.000000000	0.000000000	0.000000000	0.000000000
-100.000000000	-500.000000000	0.938305114	135.110455687	0.000000000	0.000000000	0.000000000	0.000000000	0.000000000
0.000000000	-500.000000000	0.989695627	135.110455687	0.000000000	0.000000000	0.000000000	0.000000000	0.000000000
100.000000000	-500.000000000	0.964986450	135.110455687	0.000000000	0.000000000	0.000000000	0.000000000	0.000000000
200.000000000	-500.000000000	0.855260205	135.110455687	0.000000000	0.000000000	0.000000000	0.000000000	0.000000000
300.000000000	-500.000000000	0.703252460	135.110455687	0.000000000	0.000000000	0.000000000	0.000000000	0.000000000
400.000000000	-500.000000000	0.529370676	135.110455687	0.000000000	0.000000000	0.000000000	0.000000000	0.000000000
500.000000000	-500.000000000	0.401515125	135.110455687	0.000000000	0.000000000	0.000000000	0.000000000	0.000000000
600.000000000	-500.000000000	0.310781277	135.110455687	0.000000000	0.000000000	0.000000000	0.000000000	0.000000000
700.000000000	-500.000000000	0.247063611	135.110455687	0.000000000	0.000000000	0.000000000	0.000000000	0.000000000
800.000000000	-500.000000000	0.211350617	135.110455687	0.000000000	0.000000000	0.000000000	0.000000000	0.000000000
900.000000000	-500.000000000	0.196305856	135.110455687	0.000000000	0.000000000	0.000000000	0.000000000	0.000000000
1000.000000000	-500.000000000	0.175982148	135.110455687	0.000000000	0.000000000	0.000000000	0.000000000	0.000000000
-1000.000000000	-400.000000000	0.166026364	135.026022084	0.000000000	0.000000000	0.000000000	0.000000000	0.000000000
-900.000000000	-400.000000000	0.171682035	135.026022084	0.000000000	0.000000000	0.000000000	0.000000000	0.000000000
-800.000000000	-400.000000000	0.189660081	135.026022084	0.000000000	0.000000000	0.000000000	0.000000000	0.000000000
-700.000000000	-400.000000000	0.204896422	135.026022084	0.000000000	0.000000000	0.000000000	0.000000000	0.000000000
-600.000000000	-400.000000000	0.251094867	135.026022084	0.000000000	0.000000000	0.000000000	0.000000000	0.000000000
-500.000000000	-400.000000000	0.310910071	135.026022084	0.000000000	0.000000000	0.000000000	0.000000000	0.000000000
-400.000000000	-400.000000000	0.429788656	135.026022084	0.000000000	0.000000000	0.000000000	0.000000000	0.000000000
-300.000000000	-400.000000000	0.751073784	135.026022084	0.000000000	0.000000000	0.000000000	0.000000000	0.000000000
-200.000000000	-400.000000000	0.747892526	135.026022084	0.000000000	0.000000000	0.000000000	0.000000000	0.000000000
-100.000000000	-400.000000000	0.908743617	135.026022084	0.000000000	0.000000000	0.000000000	0.000000000	0.000000000
0.000000000	-400.000000000	0.985453466	135.026022084	0.000000000	0.000000000	0.000000000	0.000000000	0.000000000
100.000000000	-400.000000000	0.950159013	135.026022084	0.000000000	0.000000000	0.000000000	0.000000000	0.000000000
200.000000000	-400.000000000	0.797966101	135.026022084	0.000000000	0.000000000	0.000000000	0.000000000	0.000000000
300.000000000	-400.000000000	0.632409224	135.026022084	0.000000000	0.000000000	0.000000000	0.000000000	0.000000000
400.000000000	-400.000000000	0.445707611	135.026022084	0.000000000	0.000000000	0.000000000	0.000000000	0.000000000
500.000000000	-400.000000000	0.320935083	135.026022084	0.000000000	0.000000000	0.000000000	0.000000000	0.000000000
600.000000000	-400.000000000	0.265986685	135.026022084	0.000000000	0.000000000	0.000000000	0.000000000	0.000000000
700.000000000	-400.000000000	0.211233092	135.026022084	0.000000000	0.000000000	0.000000000	0.000000000	0.000000000
800.000000000	-400.000000000	0.195195007	135.026022084	0.000000000	0.000000000	0.000000000	0.000000000	0.000000000
900.000000000	-400.000000000	0.179627021	135.026022084	0.000000000	0.000000000	0.000000000	0.000000000	0.000000000
1000.000000000	-400.000000000	0.168460573	135.026022084	0.000000000	0.000000000	0.000000000	0.000000000	0.000000000
-1000.000000000	-300.000000000	0.155492617	134.997862325	0.000000000	0.000000000	0.000000000	0.000000000	0.000000000
-900.000000000	-300.000000000	0.159879666	134.997862325	0.000000000	0.000000000	0.000000000	0.000000000	0.000000000
-800.000000000	-300.000000000	0.167979205	134.997862325	0.000000000	0.000000000	0.000000000	0.000000000	0.000000000
-700.000000000	-300.000000000	0.186110193	134.997862325	0.000000000	0.000000000	0.000000000	0.000000000	0.000000000
-600.000000000	-300.000000000	0.207171248	134.997862325	0.000000000	0.000000000	0.000000000	0.000000000	0.000000000
-500.000000000	-300.000000000	0.250911335	134.997862325	0.000000000	0.000000000	0.000000000	0.000000000	0.000000000
-400.000000000	-300.000000000	0.342157133	134.997862325	0.000000000	0.000000000	0.000000000	0.000000000	0.000000000
-300.000000000	-300.000000000	0.508232339	134.997862325	0.000000000	0.000000000	0.000000000	0.000000000	0.000000000
-200.000000000	-300.000000000	0.742665092	134.997862325	0.000000000	0.000000000	0.000000000	0.000000000	0.000000000
-100.000000000	-300.000000000	0.932319402	134.997862325	0.000000000	0.000000000	0.000000000	0.000000000	0.000000000
0.000000000	-300.000000000	1.024982033	134.997862325	0.000000000	0.000000000	0.000000000	0.000000000	0.000000000
100.000000000	-300.000000000	0.974956735	134.997862325	0.000000000	0.000000000	0.000000000	0.000000000	0.000000000
200.000000000	-300.000000000	0.778650191	134.997862325	0.000000000	0.000000000	0.000000000	0.000000000	0.000000000
300.000000000	-300.000000000	0.573192887	134.997862325	0.000000000	0.000000000	0.000000000	0.000000000	0.000000000
400.000000000	-300.000000000	0.393806796	134.997862325	0.000000000	0.000000000	0.000000000	0.000000000	0.000000000
500.000000000	-300.000000000	0.280100910	134.997862325	0.000000000	0.000000000	0.000000000	0.000000000	0.000000000
600.000000000	-300.000000000	0.223901602	134.997862325	0.000000000	0.000000000	0.000000000	0.000000000	0.000000000
700.000000000	-300.000000000	0.196149693	134.997862325	0.000000000	0.000000000	0.000000000	0.000000000	0.000000000
800.000000000	-300.000000000	0.176474785	134.997862325	0.000000000	0.000000000	0.000000000	0.000000000	0.000000000
900.000000000	-300.000000000	0.162677718	134.997862325	0.000000000	0.000000000	0.000000000	0.000000000	0.000000000
1000.000000000	-300.000000000	0.157327933	134.997862325	0.000000000	0.000000000	0.000000000	0.000000000	0.000000000
-1000.000000000	-200.000000000	0.152475616	135.260390365	0.000000000	0.000000000	0.000000000	0.000000000	0.000000000
-900.000000000	-200.000000000	0.156716161	135.260390365	0.000000000	0.000000000	0.000000000	0.000000000	0.000000000
-800.000000000	-200.000000000	0.162508675	135.260390365	0.000000000	0.000000000	0.000000000	0.000000000	0.000000000
-700.000000000	-200.000000000	0.175502390	135.260390365	0.000000000	0.000000000	0.000000000	0.000000000	0.000000000
-600.000000000	-200.000000000	0.196402452	135.260390365	0.000000000	0.000000000	0.000000000	0.000000000	0.000000000
-500.000000000	-200.000000000	0.221811917	135.260390365	0.000000000	0.000000000	0.000000000	0.000000000	0.000000000
-400.000000000	-200.000000000	0.287071891	135.260390365	0.000000000	0.000000000	0.000000000	0.000000000	0.000000000
-300.000000000	-200.000000000	0.438240771	135.260390365	0.000000000	0.000000000	0.000000000	0.000000000	0.000000000
-200.000000000	-200.000000000	0.645032662	135.260390365	0.000000000	0.000000000	0.000000000	0.000000000	0.000000000
-100.000000000	-200.000000000	0.899349735	135.260390365	0.000000000	0.000000000	0.000000000	0.000000000	0.000000000
0.000000000	-200.000000000	1.030166003	135.260390365	0.000000000	0.000000000	0.000000000	0.000000000	0.000000000
100.000000000	-200.000000000	0.950783666	135.260390365	0.000000000	0.000000000	0.000000000	0.000000000	0.000000000
200.000000000	-200.000000000	0.704928396	135.260390365	0.000000000	0.000000000	0.000000000	0.000000000	0.000000000
300.000000000	-200.000000000	0.495034158	135.260390365	0.000000000	0.000000000	0.000000000	0.000000000	0.000000000
400.000000000	-200.000000000	0.324800517	135.260390365	0.000000000	0.000000000	0.000000000	0.000000000	0.000000000
500.000000000	-200.000000000	0.240535360	135.260390365	0.000000000	0.000000000	0.000000000	0.000000000	0.000000000
600.000000000	-200.000000000	0.202341469	135.260390365	0.000000000	0.000000000	0.000000000	0.000000000	0.000000000
700.000000000	-200.000000000	0.175281830	135.260390365	0.000000000	0.000000000	0.000000000	0.000000000	0.000000000
800.000000000	-200.000000000	0.168452523	135.260390365	0.000000000	0.000000000	0.000000000	0.000000000	0.000000000
900.000000000	-200.000000000	0.157154061	135.260390365	0.000000000	0.000000000	0.000000000	0.000000000	0.000000000
1000.000000000	-200.000000000	0.155065987	135.260390365	0.000000000	0.000000000	0.000000000	0.000000000	0.000000000
-1000.000000000	-100.000000000	0.150580733	135.176078836	0.000000000	0.000000000	0.000000000	0.000000000	0.000000000
-900.000000000	-100.000000000	0.152036106	135.176078836	0.000000000	0.000000000	0.000000000	0.000000000	0.000000000
-800.000000000	-100.000000000	0.155611752	135.176078836	0.000000000	0.000000000	0.000000000	0.000000000	0.000000000
-700.000000000	-100.000000000	0.161471883	135.176078836	0.000000000	0.000000000	0.000000000	0.000000000	0.000000000
-600.000000000	-100.000000000	0.174950185	135.176078836	0.000000000	0.000000000	0.000000000	0.000000000	0.000000000
-500.000000000	-100.000000000	0.193934435	135.176078836	0.000000000	0.000000000	0.000000000	0.000000000	0.000000000
-400.000000000	-100.000000000	0.239619312	135.176078836	0.000000000	0.000000000	0.000000000	0.000000000	0.000000000
-300.000000000	-100.000000000	0.330842570	135.176078836	0.000000000	0.000000000	0.000000000	0.000000000	0.000000000
-200.000000000	-100.000000000	0.521304956	135.176078836	0.000000000	0.000000000	0.000000000	0.000000000	0.000000000
-100.000000000	-100.000000000	0.935687392	135.176078836	0.000000000	0.000000000	0.000000000	0.000000000	0.000000000
0.000000000	-100.000000000	1.041388814	135.176078836	0.000000000	0.000000000	0.000000000	0.000000000	0.000000000
100.000000000	-100.000000000	0.935442663	135.176078836	0.000000000	0.000000000	0.000000000	0.000000000	0.000000000
200.000000000	-100.000000000	0.643493574	135.176078836	0.000000000	0.000000000	0.000000000	0.000000000	0.000000000
300.000000000	-100.000000000	0.382474524	135.176078836	0.000000000	0.000000000	0.000000000	0.000000000	0.000000000
400.000000000	-100.000000000	0.270108097	135.176078836	0.000000000	0.000000000	0.000000000	0.000000000	0.000000000
500.000000000	-100.000000000	0.209970910	135.176078836	0.000000000	0.000000000	0.000000000	0.000000000	0.000000000
600.000000000	-100.000000000	0.181748903	135.176078836	0.000000000	0.000000000	0.000000000	0.000000000	0.000000000
700.000000000	-100.000000000	0.168397785	135.176078836	0.000000000	0.000000000	0.000000000	0.000000000	0.000000000
800.000000000	-100.000000000	0.157773883	135.176078836	0.000000000	0.000000000	0.000000000	0.000000000	0.000000000
900.000000000	-100.000000000	0.153232281	135.176078836	0.000000000	0.000000000	0.000000000	0.000000000	0.000000000
1000.000000000	-100.000000000	0.150843151	135.176078836	0.000000000	0.000000000	0.000000000	0.000000000	0.000000000
-1000.000000000	0.000000000	0.147603979	135.119832965	0.000000000	0.000000000	0.000000000	0.000000000	0.000000000
-900.000000000	0.000000000	0.149537500	135.119832965	0.000000000	0.000000000	0.000000000	0.000000000	0.000000000
-800.000000000	0.000000000	0.152036106	135.119832965	0.000000000	0.000000000	0.000000000	0.000000000	0.000000000
-700.000000000	0.000000000	0.157984783	135.119832965	0.000000000	0.000000000	0.000000000	0.000000000	0.000000000
-600.000000000	0.000000000	0.164376190	135.119832965	0.000000000	0.000000000	0.000000000	0.000000000	0.000000000
-500.000000000	0.000000000	0.176331502	135.119832965	0.000000000	0.000000000	0.000000000	0.000000000	0.000000000
-400.000000000	0.000000000	0.202409086	135.119832965	0.000000000	0.000000000	0.000000000	0.000000000	0.000000000
-300.000000000	0.000000000	0.265725877	135.119832965	0.000000000	0.000000000	0.000000000	0.000000000	0.000000000
-200.000000000	0.000000000	0.411477352	135.119832965	0.000000000	0.000000000	0.000000000	0.000000000	0.000000000
-100.000000000	0.000000000	0.781580260	135.119832965	0.000000000	0.000000000	0.000000000	0.000000000	0.000000000
0.000000000	0.000000000	1.059286389	135.119832965	0.000000000	0.000000000	0.000000000	0.000000000	0.000000000
100.000000000	0.000000000	0.895698375	135.119832965	0.000000000	0.000000000	0.000000000	0.000000000	0.000000000
200.000000000	0.000000000	0.532485887	135.119832965	0.000000000	0.000000000	0.000000000	0.000000000	0.000000000
300.000000000	0.000000000	0.317596096	135.119832965	0.000000000	0.000000000	0.000000000	0.000000000	0.000000000
400.000000000	0.000000000	0.222290066	135.119832965	0.000000000	0.000000000	0.000000000	0.000000000	0.000000000
500.000000000	0.000000000	0.188133871	135.119832965	0.000000000	0.000000000	0.000000000	0.000000000	0.000000000
600.000000000	0.000000000	0.169975513	135.119832965	0.000000000	0.000000000	0.000000000	0.000000000	0.000000000
700.000000000	0.000000000	0.158970058	135.119832965	0.000000000	0.000000000	0.000000000	0.000000000	0.000000000
800.000000000	0.000000000	0.153486649	135.119832965	0.000000000	0.000000000	0.000000000	0.000000000	0.000000000
900.000000000	0.000000000	0.149703323	135.119832965	0.000000000	0.000000000	0.000000000	0.000000000	0.000000000
1000.000000000	0.000000000	0.147236916	135.119832965	0.000000000	0.000000000	0.000000000	0.000000000	0.000000000
-1000.000000000	100.000000000	0.145680117	135.072938104	0.000000000	0.000000000	0.000000000	0.000000000	0.000000000
-900.000000000	100.000000000	0.147418838	135.072938104	0.000000000	0.000000000	0.000000000	0.000000000	0.000000000
-800.000000000	100.000000000	0.149468274	135.072938104	0.000000000	0.000000000	0.000000000	0.000000000	0.000000000
-700.000000000	100.000000000	0.152643048	135.072938104	0.000000000	0.000000000	0.000000000	0.000000000	0.000000000
-600.000000000	100.000000000	0.157432578	135.072938104	0.000000000	0.000000000	0.000000000	0.000000000	0.000000000
-500.000000000	100.000000000	0.165905620	135.072938104	0.000000000	0.000000000	0.000000000	0.000000000	0.000000000
-400.000000000	100.000000000	0.184216920	135.072938104	0.000000000	0.000000000	0.000000000	0.000000000	0.000000000
-300.000000000	100.000000000	0.225030160	135.072938104	0.000000000	0.000000000	0.000000000	0.000000000	0.000000000
-200.000000000	100.000000000	0.348514733	135.072938104	0.000000000	0.000000000	0.000000000	0.000000000	0.000000000
-100.000000000	100.000000000	0.672527003	135.072938104	0.000000000	0.000000000	0.000000000	0.000000000	0.000000000
0.000000000	100.000000000	1.043365810	135.072938104	0.000000000	0.000000000	0.000000000	0.000000000	0.000000000
100.000000000	100.000000000	0.845995076	135.072938104	0.000000000	0.000000000	0.000000000	0.000000000	0.000000000
200.000000000	100.000000000	0.449898254	135.072938104	0.000000000	0.000000000	0.000000000	0.000000000	0.000000000
300.000000000	100.000000000	0.270322217	135.072938104	0.000000000	0.000000000	0.000000000	0.000000000	0.000000000
400.000000000	100.000000000	0.200638167	135.072938104	0.000000000	0.000000000	0.000000000	0.000000000	0.000000000
500.000000000	100.000000000	0.174465597	135.072938104	0.000000000	0.000000000	0.000000000	0.000000000	0.000000000
600.000000000	100.000000000	0.161183706	135.072938104	0.000000000	0.000000000	0.000000000	0.000000000	0.000000000
700.000000000	100.000000000	0.154172478	135.072938104	0.000000000	0.000000000	0.000000000	0.000000000	0.000000000
800.000000000	100.000000000	0.149917443	135.072938104	0.000000000	0.000000000	0.000000000	0.000000000	0.000000000
900.000000000	100.000000000	0.147634568	135.072938104	0.000000000	0.000000000	0.000000000	0.000000000	0.000000000
1000.000000000	100.000000000	0.144831686	135.072938104	0.000000000	0.000000000	0.000000000	0.000000000	0.000000000
-1000.000000000	200.000000000	0.144989459	135.054174234	0.000000000	0.000000000	0.000000000	0.000000000	0.000000000
-900.000000000	200.000000000	0.145451508	135.054174234	0.000000000	0.000000000	0.000000000	0.000000000	0.000000000
-800.000000000	200.000000000	0.148086957	135.054174234	0.000000000	0.000000000	0.000000000	0.000000000	0.000000000
-700.000000000	200.000000000	0.150298995	135.054174234	0.000000000	0.000000000	0.000000000	0.000000000	0.000000000
-600.000000000	200.000000000	0.154003436	135.054174234	0.000000000	0.000000000	0.000000000	0.000000000	0.000000000
-500.000000000	200.000000000	0.160744196	135.054174234	0.000000000	0.000000000	0.000000000	0.000000000	0.000000000
-400.000000000	200.000000000	0.175278610	135.054174234	0.000000000	0.000000000	0.000000000	0.000000000	0.000000000
-300.000000000	200.000000000	0.205921945	135.054174234	0.000000000	0.000000000	0.000000000	0.000000000	0.000000000
-200.000000000	200.000000000	0.303401374	135.054174234	0.000000000	0.000000000	0.000000000	0.000000000	0.000000000
-100.000000000	200.000000000	0.627901431	135.054174234	0.000000000	0.000000000	0.000000000	0.000000000	0.000000000
0.000000000	200.000000000	1.006873565	135.054174234	0.000000000	0.000000000	0.000000000	0.000000000	0.000000000
100.000000000	200.000000000	0.795589853	135.054174234	0.000000000	0.000000000	0.000000000	0.000000000	0.000000000
200.000000000	200.000000000	0.406124348	135.054174234	0.000000000	0.000000000	0.000000000	0.000000000	0.000000000
300.000000000	200.000000000	0.244197943	135.054174234	0.000000000	0.000000000	0.000000000	0.000000000	0.000000000
400.000000000	200.000000000	0.189085337	135.054174234	0.000000000	0.000000000	0.000000000	0.000000000	0.000000000
500.000000000	200.000000000	0.169510244	135.054174234	0.000000000	0.000000000	0.000000000	0.000000000	0.000000000
600.000000000	200.000000000	0.157129912	135.054174234	0.000000000	0.000000000	0.000000000	0.000000000	0.000000000
700.000000000	200.000000000	0.152200318	135.054174234	0.000000000	0.000000000	0.000000000	0.000000000	0.000000000
800.000000000	200.000000000	0.147708624	135.054174234	0.000000000	0.000000000	0.000000000	0.000000000	0.000000000
900.000000000	200.000000000	0.146035911	135.054174234	0.000000000	0.000000000	0.000000000	0.000000000	0.000000000
1000.000000000	200.000000000	0.144599857	135.054174234	0.000000000	0.000000000	0.000000000	0.000000000	0.000000000
-1000.000000000	300.000000000	0.143988085	135.026022084	0.000000000	0.000000000	0.000000000	0.000000000	0.000000000
-900.000000000	300.000000000	0.144833296	135.026022084	0.000000000	0.000000000	0.000000000	0.000000000	0.000000000
-800.000000000	300.000000000	0.146700811	135.026022084	0.000000000	0.000000000	0.000000000	0.000000000	0.000000000
-700.000000000	300.000000000	0.150511506	135.026022084	0.000000000	0.000000000	0.000000000	0.000000000	0.000000000
-600.000000000	300.000000000	0.154051733	135.026022084	0.000000000	0.000000000	0.000000000	0.000000000	0.000000000
-500.000000000	300.000000000	0.161280302	135.026022084	0.000000000	0.000000000	0.000000000	0.000000000	0.000000000
-400.000000000	300.000000000	0.172667310	135.026022084	0.000000000	0.000000000	0.000000000	0.000000000	0.000000000
-300.000000000	300.000000000	0.201311117	135.026022084	0.000000000	0.000000000	0.000000000	0.000000000	0.000000000
-200.000000000	300.000000000	0.291772876	135.026022084	0.000000000	0.000000000	0.000000000	0.000000000	0.000000000
-100.000000000	300.000000000	0.594394019	135.026022084	0.000000000	0.000000000	0.000000000	0.000000000	0.000000000
0.000000000	300.000000000	0.990685737	135.026022084	0.000000000	0.000000000	0.000000000	0.000000000	0.000000000
100.000000000	300.000000000	0.776550849	135.026022084	0.000000000	0.000000000	0.000000000	0.000000000	0.000000000
200.000000000	300.000000000	0.392642822	135.026022084	0.000000000	0.000000000	0.000000000	0.000000000	0.000000000
300.000000000	300.000000000	0.238854597	135.026022084	0.000000000	0.000000000	0.000000000	0.000000000	0.000000000
400.000000000	300.000000000	0.189227010	135.026022084	0.000000000	0.000000000	0.000000000	0.000000000	0.000000000
500.000000000	300.000000000	0.167315915	135.026022084	0.000000000	0.000000000	0.000000000	0.000000000	0.000000000
600.000000000	300.000000000	0.158245591	135.026022084	0.000000000	0.000000000	0.000000000	0.000000000	0.000000000
700.000000000	300.000000000	0.150881789	135.026022084	0.000000000	0.000000000	0.000000000	0.000000000	0.000000000
800.000000000	300.000000000	0.150075216	135.026022084	0.000000000	0.000000000	0.000000000	0.000000000	0.000000000
900.000000000	300.000000000	0.146254861	135.026022084	0.000000000	0.000000000	0.000000000	0.000000000	0.000000000
1000.000000000	300.000000000	0.143733717	135.026022084	0.000000000	0.000000000	0.000000000	0.000000000	0.000000000
-1000.000000000	400.000000000	0.146253251	135.157333604	0.000000000	0.000000000	0.000000000	0.000000000	0.000000000
-900.000000000	400.000000000	0.148595694	135.157333604	0.000000000	0.000000000	0.000000000	0.000000000	0.000000000
-800.000000000	400.000000000	0.148573155	135.157333604	0.000000000	0.000000000	0.000000000	0.000000000	0.000000000
-700.000000000	400.000000000	0.151250462	135.157333604	0.000000000	0.000000000	0.000000000	0.000000000	0.000000000
-600.000000000	400.000000000	0.157645089	135.157333604	0.000000000	0.000000000	0.000000000	0.000000000	0.000000000
-500.000000000	400.000000000	0.163418284	135.157333604	0.000000000	0.000000000	0.000000000	0.000000000	0.000000000
-400.000000000	400.000000000	0.174927646	135.157333604	0.000000000	0.000000000	0.000000000	0.000000000	0.000000000
-300.000000000	400.000000000	0.210965844	135.157333604	0.000000000	0.000000000	0.000000000	0.000000000	0.000000000
-200.000000000	400.000000000	0.299201076	135.157333604	0.000000000	0.000000000	0.000000000	0.000000000	0.000000000
-100.000000000	400.000000000	0.586927178	135.157333604	0.000000000	0.000000000	0.000000000	0.000000000	0.000000000
0.000000000	400.000000000	0.962017748	135.157333604	0.000000000	0.000000000	0.000000000	0.000000000	0.000000000
100.000000000	400.000000000	0.770497521	135.157333604	0.000000000	0.000000000	0.000000000	0.000000000	0.000000000
200.000000000	400.000000000	0.402720963	135.157333604	0.000000000	0.000000000	0.000000000	0.000000000	0.000000000
300.000000000	400.000000000	0.253187771	135.157333604	0.000000000	0.000000000	0.000000000	0.000000000	0.000000000
400.000000000	400.000000000	0.194003662	135.157333604	0.000000000	0.000000000	0.000000000	0.000000000	0.000000000
500.000000000	400.000000000	0.177650031	135.157333604	0.000000000	0.000000000	0.000000000	0.000000000	0.000000000
600.000000000	400.000000000	0.163126887	135.157333604	0.000000000	0.000000000	0.000000000	0.000000000	0.000000000
700.000000000	400.000000000	0.154425236	135.157333604	0.000000000	0.000000000	0.000000000	0.000000000	0.000000000
800.000000000	400.000000000	0.152240566	135.157333604	0.000000000	0.000000000	0.000000000	0.000000000	0.000000000
900.000000000	400.000000000	0.150253918	135.157333604	0.000000000	0.000000000	0.000000000	0.000000000	0.000000000
1000.000000000	400.000000000	0.146224272	135.157333604	0.000000000	0.000000000	0.000000000	0.000000000	0.000000000
-1000.000000000	500.000000000	0.146436783	135.101077561	0.000000000	0.000000000	0.000000000	0.000000000	0.000000000
-900.000000000	500.000000000	0.147716674	135.101077561	0.000000000	0.000000000	0.000000000	0.000000000	0.000000000
-800.000000000	500.000000000	0.150509896	135.101077561	0.000000000	0.000000000	0.000000000	0.000000000	0.000000000
-700.000000000	500.000000000	0.156320119	135.101077561	0.000000000	0.000000000	0.000000000	0.000000000	0.000000000
-600.000000000	500.000000000	0.160418991	135.101077561	0.000000000	0.000000000	0.000000000	0.000000000	0.000000000
-500.000000000	500.000000000	0.170455271	135.101077561	0.000000000	0.000000000	0.000000000	0.000000000	0.000000000
-400.000000000	500.000000000	0.184043048	135.101077561	0.000000000	0.000000000	0.000000000	0.000000000	0.000000000
-300.000000000	500.000000000	0.220466019	135.101077561	0.000000000	0.000000000	0.000000000	0.000000000	0.000000000
-200.000000000	500.000000000	0.321382642	135.101077561	0.000000000	0.000000000	0.000000000	0.000000000	0.000000000
-100.000000000	500.000000000	0.595694840	135.101077561	0.000000000	0.000000000	0.000000000	0.000000000	0.000000000
0.000000000	500.000000000	0.946779778	135.101077561	0.000000000	0.000000000	0.000000000	0.000000000	0.000000000
100.000000000	500.000000000	0.768605856	135.101077561	0.000000000	0.000000000	0.000000000	0.000000000	0.000000000
200.000000000	500.000000000	0.421827571	135.101077561	0.000000000	0.000000000	0.000000000	0.000000000	0.000000000
300.000000000	500.000000000	0.262741074	135.101077561	0.000000000	0.000000000	0.000000000	0.000000000	0.000000000
400.000000000	500.000000000	0.205218408	135.101077561	0.000000000	0.000000000	0.000000000	0.000000000	0.000000000
500.000000000	500.000000000	0.178884845	135.101077561	0.000000000	0.000000000	0.000000000	0.000000000	0.000000000
600.000000000	500.000000000	0.169542443	135.101077561	0.000000000	0.000000000	0.000000000	0.000000000	0.000000000
700.000000000	500.000000000	0.163661383	135.101077561	0.000000000	0.000000000	0.000000000	0.000000000	0.000000000
800.000000000	500.000000000	0.155246299	135.101077561	0.000000000	0.000000000	0.000000000	0.000000000	0.000000000
900.000000000	500.000000000	0.153887521	135.101077561	0.000000000	0.000000000	0.000000000	0.000000000	0.000000000
1000.000000000	500.000000000	0.149466664	135.101077561	0.000000000	0.000000000	0.000000000	0.000000000	0.000000000
-1000.000000000	600.000000000	0.149320160	135.054174234	0.000000000	0.000000000	0.000000000	0.000000000	0.000000000
-900.000000000	600.000000000	0.153105097	135.054174234	0.000000000	0.000000000	0.000000000	0.000000000	0.000000000
-800.000000000	600.000000000	0.153344976	135.054174234	0.000000000	0.000000000	0.000000000	0.000000000	0.000000000
-700.000000000	600.000000000	0.157501805	135.054174234	0.000000000	0.000000000	0.000000000	0.000000000	0.000000000
-600.000000000	600.000000000	0.167240248	135.054174234	0.000000000	0.000000000	0.000000000	0.000000000	0.000000000
-500.000000000	600.000000000	0.180821586	135.054174234	0.000000000	0.000000000	0.000000000	0.000000000	0.000000000
-400.000000000	600.000000000	0.206800965	135.054174234	0.000000000	0.000000000	0.000000000	0.000000000	0.000000000
-300.000000000	600.000000000	0.249035771	135.054174234	0.000000000	0.000000000	0.000000000	0.000000000	0.000000000
-200.000000000	600.000000000	0.370226202	135.054174234	0.000000000	0.000000000	0.000000000	0.000000000	0.000000000
-100.000000000	600.000000000	0.639217608	135.054174234	0.000000000	0.000000000	0.000000000	0.000000000	0.000000000
0.000000000	600.000000000	0.954866445	135.054174234	0.000000000	0.000000000	0.000000000	0.000000000	0.000000000
100.000000000	600.000000000	0.803269204	135.054174234	0.000000000	0.000000000	0.000000000	0.000000000	0.000000000
200.000000000	600.000000000	0.487105269	135.054174234	0.000000000	0.000000000	0.000000000	0.000000000	0.000000000
300.000000000	600.000000000	0.303847324	135.054174234	0.000000000	0.000000000	0.000000000	0.000000000	0.000000000
400.000000000	600.000000000	0.229183770	135.054174234	0.000000000	0.000000000	0.000000000	0.000000000	0.000000000
500.000000000	600.000000000	0.199343787	135.054174234	0.000000000	0.000000000	0.000000000	0.000000000	0.000000000
600.000000000	600.000000000	0.181019607	135.054174234	0.000000000	0.000000000	0.000000000	0.000000000	0.000000000
700.000000000	600.000000000	0.171736772	135.054174234	0.000000000	0.000000000	0.000000000	0.000000000	0.000000000
800.000000000	600.000000000	0.160847232	135.054174234	0.000000000	0.000000000	0.000000000	0.000000000	0.000000000
900.000000000	600.000000000	0.157422919	135.054174234	0.000000000	0.000000000	0.000000000	0.000000000	0.000000000
1000.000000000	600.000000000	0.149502082	135.054174234	0.000000000	0.000000000	0.000000000	0.000000000	0.000000000
-1000.000000000	700.000000000	0.152269545	135.157333604	0.000000000	0.000000000	0.000000000	0.000000000	0.000000000
-900.000000000	700.000000000	0.159945673	135.157333604	0.000000000	0.000000000	0.000000000	0.000000000	0.000000000
-800.000000000	700.000000000	0.163234752	135.157333604	0.000000000	0.000000000	0.000000000	0.000000000	0.000000000
-700.000000000	700.000000000	0.167391582	135.157333604	0.000000000	0.000000000	0.000000000	0.000000000	0.000000000
-600.000000000	700.000000000	0.177112316	135.157333604	0.000000000	0.000000000	0.000000000	0.000000000	0.000000000
-500.000000000	700.000000000	0.197907733	135.157333604	0.000000000	0.000000000	0.000000000	0.000000000	0.000000000
-400.000000000	700.000000000	0.222077555	135.157333604	0.000000000	0.000000000	0.000000000	0.000000000	0.000000000
-300.000000000	700.000000000	0.283150110	135.157333604	0.000000000	0.000000000	0.000000000	0.000000000	0.000000000
-200.000000000	700.000000000	0.424421161	135.157333604	0.000000000	0.000000000	0.000000000	0.000000000	0.000000000
-100.000000000	700.000000000	0.684070178	135.157333604	0.000000000	0.000000000	0.000000000	0.000000000	0.000000000
0.000000000	700.000000000	0.943149388	135.157333604	0.000000000	0.000000000	0.000000000	0.000000000	0.000000000
100.000000000	700.000000000	0.820134805	135.157333604	0.000000000	0.000000000	0.000000000	0.000000000	0.000000000
200.000000000	700.000000000	0.532009347	135.157333604	0.000000000	0.000000000	0.000000000	0.000000000	0.000000000
300.000000000	700.000000000	0.348290953	135.157333604	0.000000000	0.000000000	0.000000000	0.000000000	0.000000000
400.000000000	700.000000000	0.252199276	135.157333604	0.000000000	0.000000000	0.000000000	0.000000000	0.000000000
500.000000000	700.000000000	0.215756985	135.157333604	0.000000000	0.000000000	0.000000000	0.000000000	0.000000000
600.000000000	700.000000000	0.192660983	135.157333604	0.000000000	0.000000000	0.000000000	0.000000000	0.000000000
700.000000000	700.000000000	0.182669781	135.157333604	0.000000000	0.000000000	0.000000000	0.000000000	0.000000000
800.000000000	700.000000000	0.168046821	135.157333604	0.000000000	0.000000000	0.000000000	0.000000000	0.000000000
900.000000000	700.000000000	0.162969114	135.157333604	0.000000000	0.000000000	0.000000000	0.000000000	0.000000000
1000.000000000	700.000000000	0.154721463	135.157333604	0.000000000	0.000000000	0.000000000	0.000000000	0.000000000
-1000.000000000	800.000000000	0.155030568	135.101077561	0.000000000	0.000000000	0.000000000	0.000000000	0.000000000
-900.000000000	800.000000000	0.162585952	135.101077561	0.000000000	0.000000000	0.000000000	0.000000000	0.000000000
-800.000000000	800.000000000	0.165319607	135.101077561	0.000000000	0.000000000	0.000000000	0.000000000	0.000000000
-700.000000000	800.000000000	0.174779533	135.101077561	0.000000000	0.000000000	0.000000000	0.000000000	0.000000000
-600.000000000	800.000000000	0.194446391	135.101077561	0.000000000	0.000000000	0.000000000	0.000000000	0.000000000
-500.000000000	800.000000000	0.209066131	135.101077561	0.000000000	0.000000000	0.000000000	0.000000000	0.000000000
-400.000000000	800.000000000	0.250711704	135.101077561	0.000000000	0.000000000	0.000000000	0.000000000	0.000000000
-300.000000000	800.000000000	0.330203429	135.101077561	0.000000000	0.000000000	0.000000000	0.000000000	0.000000000
-200.000000000	800.000000000	0.468850308	135.101077561	0.000000000	0.000000000	0.000000000	0.000000000	0.000000000
-100.000000000	800.000000000	0.727135734	135.101077561	0.000000000	0.000000000	0.000000000	0.000000000	0.000000000
0.000000000	800.000000000	0.943199295	135.101077561	0.000000000	0.000000000	0.000000000	0.000000000	0.000000000
100.000000000	800.000000000	0.835036295	135.101077561	0.000000000	0.000000000	0.000000000	0.000000000	0.000000000
200.000000000	800.000000000	0.580450440	135.101077561	0.000000000	0.000000000	0.000000000	0.000000000	0.000000000
300.000000000	800.000000000	0.394936965	135.101077561	0.000000000	0.000000000	0.000000000	0.000000000	0.000000000
400.000000000	800.000000000	0.297536412	135.101077561	0.000000000	0.000000000	0.000000000	0.000000000	0.000000000
500.000000000	800.000000000	0.239975106	135.101077561	0.000000000	0.000000000	0.000000000	0.000000000	0.000000000
600.000000000	800.000000000	0.209969300	135.101077561	0.000000000	0.000000000	0.000000000	0.000000000	0.000000000
700.000000000	800.000000000	0.189941818	135.101077561	0.000000000	0.000000000	0.000000000	0.000000000	0.000000000
800.000000000	800.000000000	0.176845068	135.101077561	0.000000000	0.000000000	0.000000000	0.000000000	0.000000000
900.000000000	800.000000000	0.165139295	135.101077561	0.000000000	0.000000000	0.000000000	0.000000000	0.000000000
1000.000000000	800.000000000	0.159332291	135.101077561	0.000000000	0.000000000	0.000000000	0.000000000	0.000000000
-1000.000000000	900.000000000	0.162666448	135.091698589	0.000000000	0.000000000	0.000000000	0.000000000	0.000000000
-900.000000000	900.000000000	0.165501528	135.091698589	0.000000000	0.000000000	0.000000000	0.000000000	0.000000000
-800.000000000	900.000000000	0.174909937	135.091698589	0.000000000	0.000000000	0.000000000	0.000000000	0.000000000
-700.000000000	900.000000000	0.188092012	135.091698589	0.000000000	0.000000000	0.000000000	0.000000000	0.000000000
-600.000000000	900.000000000	0.202792249	135.091698589	0.000000000	0.000000000	0.000000000	0.000000000	0.000000000
-500.000000000	900.000000000	0.234127853	135.091698589	0.000000000	0.000000000	0.000000000	0.000000000	0.000000000
-400.000000000	900.000000000	0.281329283	135.091698589	0.000000000	0.000000000	0.000000000	0.000000000	0.000000000
-300.000000000	900.000000000	0.369182969	135.091698589	0.000000000	0.000000000	0.000000000	0.000000000	0.000000000
-200.000000000	900.000000000	0.546706369	135.091698589	0.000000000	0.000000000	0.000000000	0.000000000	0.000000000
-100.000000000	900.000000000	0.762340017	135.091698589	0.000000000	0.000000000	0.000000000	0.000000000	0.000000000
0.000000000	900.000000000	0.947394768	135.091698589	0.000000000	0.000000000	0.000000000	0.000000000	0.000000000
100.000000000	900.000000000	0.884857118	135.091698589	0.000000000	0.000000000	0.000000000	0.000000000	0.000000000
200.000000000	900.000000000	0.639154819	135.091698589	0.000000000	0.000000000	0.000000000	0.000000000	0.000000000
300.000000000	900.000000000	0.445454853	135.091698589	0.000000000	0.000000000	0.000000000	0.000000000	0.000000000
400.000000000	900.000000000	0.330044047	135.091698589	0.000000000	0.000000000	0.000000000	0.000000000	0.000000000
500.000000000	900.000000000	0.268797617	135.091698589	0.000000000	0.000000000	0.000000000	0.000000000	0.000000000
600.000000000	900.000000000	0.229830960	135.091698589	0.000000000	0.000000000	0.000000000	0.000000000	0.000000000
700.000000000	900.000000000	0.205830180	135.091698589	0.000000000	0.000000000	0.000000000	0.000000000	0.000000000
800.000000000	900.000000000	0.193253436	135.091698589	0.000000000	0.000000000	0.000000000	0.000000000	0.000000000
900.000000000	900.000000000	0.179546524	135.091698589	0.000000000	0.000000000	0.000000000	0.000000000	0.000000000
1000.000000000	900.000000000	0.172287367	135.091698589	0.000000000	0.000000000	0.000000000	0.000000000	0.000000000
-1000.000000000	1000.000000000	0.174014818	135.157333604	0.000000000	0.000000000	0.000000000	0.000000000	0.000000000
-900.000000000	1000.000000000	0.173432025	135.157333604	0.000000000	0.000000000	0.000000000	0.000000000	0.000000000
-800.000000000	1000.000000000	0.191348893	135.157333604	0.000000000	0.000000000	0.000000000	0.000000000	0.000000000
-700.000000000	1000.000000000	0.201145294	135.157333604	0.000000000	0.000000000	0.000000000	0.000000000	0.000000000
-600.000000000	1000.000000000	0.219440496	135.157333604	0.000000000	0.000000000	0.000000000	0.000000000	0.000000000
-500.000000000	1000.000000000	0.263789136	135.157333604	0.000000000	0.000000000	0.000000000	0.000000000	0.000000000
-400.000000000	1000.000000000	0.326648712	135.157333604	0.000000000	0.000000000	0.000000000	0.000000000	0.000000000
-300.000000000	1000.000000000	0.417047697	135.157333604	0.000000000	0.000000000	0.000000000	0.000000000	0.000000000
-200.000000000	1000.000000000	0.587785265	135.157333604	0.000000000	0.000000000	0.000000000	0.000000000	0.000000000
-100.000000000	1000.000000000	0.792080206	135.157333604	0.000000000	0.000000000	0.000000000	0.000000000	0.000000000
0.000000000	1000.000000000	0.939129397	135.157333604	0.000000000	0.000000000	0.000000000	0.000000000	0.000000000
100.000000000	1000.000000000	0.876018614	135.157333604	0.000000000	0.000000000	0.000000000	0.000000000	0.000000000
200.000000000	1000.000000000	0.690229760	135.157333604	0.000000000	0.000000000	0.000000000	0.000000000	0.000000000
300.000000000	1000.000000000	0.518680762	135.157333604	0.000000000	0.000000000	0.000000000	0.000000000	0.000000000
400.000000000	1000.000000000	0.379773066	135.157333604	0.000000000	0.000000000	0.000000000	0.000000000	0.000000000
500.000000000	1000.000000000	0.299524671	135.157333604	0.000000000	0.000000000	0.000000000	0.000000000	0.000000000
600.000000000	1000.000000000	0.247150547	135.157333604	0.000000000	0.000000000	0.000000000	0.000000000	0.000000000
700.000000000	1000.000000000	0.228196885	135.157333604	0.000000000	0.000000000	0.000000000	0.000000000	0.000000000
800.000000000	1000.000000000	0.206966787	135.157333604	0.000000000	0.000000000	0.000000000	0.000000000	0.000000000
900.000000000	1000.000000000	0.182853313	135.157333604	0.000000000	0.000000000	0.000000000	0.000000000	0.000000000
1000.000000000	1000.000000000	0.180108388	135.157333604	0.000000000	0.000000000	0.000000000	0.000000000	0.000000000
