Set Temp (deg C)	123.000000	Laser Power (uW)	679	Laser Detuning (GHz)	12
X  Field (nT)	Z  Field (nT)	Photodiode Voltage (V)	Temperature (C) 2D	Y  Field (nT)	Photodiode Voltage (V)	Temperature (C) 1D	Frequency (Hz)	Photodiode Voltage (V)		
-1000.000000000	-1000.000000000	2.102653380	122.961008080	-1000.000000000	NaN	122.961008080	0.000000000	0.000000000
-900.000000000	-1000.000000000	2.102603472	122.961008080	-960.000000000	NaN	122.961008080	0.000000000	0.000000000
-800.000000000	-1000.000000000	2.103963865	122.961008080	-920.000000000	NaN	122.961008080	0.000000000	0.000000000
-700.000000000	-1000.000000000	2.101420171	122.961008080	-880.000000000	NaN	122.961008080	0.000000000	0.000000000
-600.000000000	-1000.000000000	2.101185121	122.961008080	-840.000000000	NaN	122.961008080	0.000000000	0.000000000
-500.000000000	-1000.000000000	2.104084610	122.961008080	-800.000000000	NaN	122.961008080	0.000000000	0.000000000
-400.000000000	-1000.000000000	2.102255726	122.961008080	-760.000000000	NaN	122.961008080	0.000000000	0.000000000
-300.000000000	-1000.000000000	2.100563687	122.961008080	-720.000000000	NaN	122.961008080	0.000000000	0.000000000
-200.000000000	-1000.000000000	2.102089903	122.961008080	-680.000000000	NaN	122.961008080	0.000000000	0.000000000
-100.000000000	-1000.000000000	2.101444320	122.961008080	-640.000000000	NaN	122.961008080	0.000000000	0.000000000
0.000000000	-1000.000000000	2.100157983	122.961008080	-600.000000000	NaN	122.961008080	0.000000000	0.000000000
100.000000000	-1000.000000000	2.099995380	122.961008080	-560.000000000	NaN	122.961008080	0.000000000	0.000000000
200.000000000	-1000.000000000	2.100298048	122.961008080	-520.000000000	NaN	122.961008080	0.000000000	0.000000000
300.000000000	-1000.000000000	2.098274362	122.961008080	-480.000000000	NaN	122.961008080	0.000000000	0.000000000
400.000000000	-1000.000000000	2.097224685	122.961008080	-440.000000000	NaN	122.961008080	0.000000000	0.000000000
500.000000000	-1000.000000000	2.098251823	122.961008080	-400.000000000	NaN	122.961008080	0.000000000	0.000000000
600.000000000	-1000.000000000	2.096405230	122.961008080	-360.000000000	NaN	122.961008080	0.000000000	0.000000000
700.000000000	-1000.000000000	2.096419719	122.961008080	-320.000000000	NaN	122.961008080	0.000000000	0.000000000
800.000000000	-1000.000000000	1.884229309	122.961008080	-280.000000000	NaN	122.961008080	0.000000000	0.000000000
900.000000000	-1000.000000000	0.713779786	122.961008080	-240.000000000	NaN	122.961008080	0.000000000	0.000000000
1000.000000000	-1000.000000000	0.919866609	122.961008080	-200.000000000	NaN	122.961008080	0.000000000	0.000000000
-1000.000000000	-900.000000000	0.926673384	121.608663077	-160.000000000	NaN	122.961008080	0.000000000	0.000000000
-900.000000000	-900.000000000	1.008586524	121.608663077	-120.000000000	NaN	122.961008080	0.000000000	0.000000000
-800.000000000	-900.000000000	1.106178772	121.608663077	-80.000000000	NaN	122.961008080	0.000000000	0.000000000
-700.000000000	-900.000000000	1.244168989	121.608663077	-40.000000000	NaN	122.961008080	0.000000000	0.000000000
-600.000000000	-900.000000000	1.321382802	121.608663077	0.000000000	NaN	122.961008080	0.000000000	0.000000000
-500.000000000	-900.000000000	1.445315182	121.608663077	40.000000000	NaN	122.961008080	0.000000000	0.000000000
-400.000000000	-900.000000000	1.551438552	121.608663077	80.000000000	NaN	122.961008080	0.000000000	0.000000000
-300.000000000	-900.000000000	1.687007589	121.608663077	120.000000000	NaN	122.961008080	0.000000000	0.000000000
-200.000000000	-900.000000000	1.761751860	121.608663077	160.000000000	NaN	122.961008080	0.000000000	0.000000000
-100.000000000	-900.000000000	1.810893405	121.608663077	200.000000000	NaN	122.961008080	0.000000000	0.000000000
0.000000000	-900.000000000	1.827248700	121.608663077	240.000000000	NaN	122.961008080	0.000000000	0.000000000
100.000000000	-900.000000000	1.810094879	121.608663077	280.000000000	NaN	122.961008080	0.000000000	0.000000000
200.000000000	-900.000000000	1.748764544	121.608663077	320.000000000	NaN	122.961008080	0.000000000	0.000000000
300.000000000	-900.000000000	1.690781266	121.608663077	360.000000000	NaN	122.961008080	0.000000000	0.000000000
400.000000000	-900.000000000	1.543739865	121.608663077	400.000000000	NaN	122.961008080	0.000000000	0.000000000
500.000000000	-900.000000000	1.443172366	121.608663077	440.000000000	NaN	122.961008080	0.000000000	0.000000000
600.000000000	-900.000000000	1.307469794	121.608663077	480.000000000	NaN	122.961008080	0.000000000	0.000000000
700.000000000	-900.000000000	1.216722919	121.608663077	520.000000000	NaN	122.961008080	0.000000000	0.000000000
800.000000000	-900.000000000	1.118863399	121.608663077	560.000000000	NaN	122.961008080	0.000000000	0.000000000
900.000000000	-900.000000000	0.984186453	121.608663077	600.000000000	NaN	122.961008080	0.000000000	0.000000000
1000.000000000	-900.000000000	0.941101558	121.608663077	640.000000000	NaN	122.961008080	0.000000000	0.000000000
-1000.000000000	-800.000000000	0.859054804	120.246064684	680.000000000	NaN	122.961008080	0.000000000	0.000000000
-900.000000000	-800.000000000	0.948347844	120.246064684	720.000000000	NaN	122.961008080	0.000000000	0.000000000
-800.000000000	-800.000000000	1.021852333	120.246064684	760.000000000	NaN	122.961008080	0.000000000	0.000000000
-700.000000000	-800.000000000	1.172544861	120.246064684	800.000000000	NaN	122.961008080	0.000000000	0.000000000
-600.000000000	-800.000000000	1.284839018	120.246064684	840.000000000	NaN	122.961008080	0.000000000	0.000000000
-500.000000000	-800.000000000	1.415932353	120.246064684	880.000000000	NaN	122.961008080	0.000000000	0.000000000
-400.000000000	-800.000000000	1.518069529	120.246064684	920.000000000	NaN	122.961008080	0.000000000	0.000000000
-300.000000000	-800.000000000	1.639421255	120.246064684	960.000000000	NaN	122.961008080	0.000000000	0.000000000
-200.000000000	-800.000000000	1.751984406	120.246064684	1000.000000000	NaN	122.961008080	0.000000000	0.000000000
-100.000000000	-800.000000000	1.800731518	120.246064684	0.000000000	0.000000000	0.000000000	0.000000000	0.000000000
0.000000000	-800.000000000	1.820712377	120.246064684	0.000000000	0.000000000	0.000000000	0.000000000	0.000000000
100.000000000	-800.000000000	1.788460620	120.246064684	0.000000000	0.000000000	0.000000000	0.000000000	0.000000000
200.000000000	-800.000000000	1.733578063	120.246064684	0.000000000	0.000000000	0.000000000	0.000000000	0.000000000
300.000000000	-800.000000000	1.640174701	120.246064684	0.000000000	0.000000000	0.000000000	0.000000000	0.000000000
400.000000000	-800.000000000	1.503329009	120.246064684	0.000000000	0.000000000	0.000000000	0.000000000	0.000000000
500.000000000	-800.000000000	1.352192021	120.246064684	0.000000000	0.000000000	0.000000000	0.000000000	0.000000000
600.000000000	-800.000000000	1.246620911	120.246064684	0.000000000	0.000000000	0.000000000	0.000000000	0.000000000
700.000000000	-800.000000000	1.120738967	120.246064684	0.000000000	0.000000000	0.000000000	0.000000000	0.000000000
800.000000000	-800.000000000	1.027049181	120.246064684	0.000000000	0.000000000	0.000000000	0.000000000	0.000000000
900.000000000	-800.000000000	0.893842124	120.246064684	0.000000000	0.000000000	0.000000000	0.000000000	0.000000000
1000.000000000	-800.000000000	0.835245584	120.246064684	0.000000000	0.000000000	0.000000000	0.000000000	0.000000000
-1000.000000000	-700.000000000	0.752921938	120.569415888	0.000000000	0.000000000	0.000000000	0.000000000	0.000000000
-900.000000000	-700.000000000	0.815232573	120.569415888	0.000000000	0.000000000	0.000000000	0.000000000	0.000000000
-800.000000000	-700.000000000	0.934985442	120.569415888	0.000000000	0.000000000	0.000000000	0.000000000	0.000000000
-700.000000000	-700.000000000	1.058310769	120.569415888	0.000000000	0.000000000	0.000000000	0.000000000	0.000000000
-600.000000000	-700.000000000	1.168127217	120.569415888	0.000000000	0.000000000	0.000000000	0.000000000	0.000000000
-500.000000000	-700.000000000	1.335825478	120.569415888	0.000000000	0.000000000	0.000000000	0.000000000	0.000000000
-400.000000000	-700.000000000	1.449584716	120.569415888	0.000000000	0.000000000	0.000000000	0.000000000	0.000000000
-300.000000000	-700.000000000	1.606380648	120.569415888	0.000000000	0.000000000	0.000000000	0.000000000	0.000000000
-200.000000000	-700.000000000	1.687624193	120.569415888	0.000000000	0.000000000	0.000000000	0.000000000	0.000000000
-100.000000000	-700.000000000	1.787956711	120.569415888	0.000000000	0.000000000	0.000000000	0.000000000	0.000000000
0.000000000	-700.000000000	1.812611202	120.569415888	0.000000000	0.000000000	0.000000000	0.000000000	0.000000000
100.000000000	-700.000000000	1.776777349	120.569415888	0.000000000	0.000000000	0.000000000	0.000000000	0.000000000
200.000000000	-700.000000000	1.711903561	120.569415888	0.000000000	0.000000000	0.000000000	0.000000000	0.000000000
300.000000000	-700.000000000	1.554085277	120.569415888	0.000000000	0.000000000	0.000000000	0.000000000	0.000000000
400.000000000	-700.000000000	1.463678042	120.569415888	0.000000000	0.000000000	0.000000000	0.000000000	0.000000000
500.000000000	-700.000000000	1.298327005	120.569415888	0.000000000	0.000000000	0.000000000	0.000000000	0.000000000
600.000000000	-700.000000000	1.136553295	120.569415888	0.000000000	0.000000000	0.000000000	0.000000000	0.000000000
700.000000000	-700.000000000	0.989386521	120.569415888	0.000000000	0.000000000	0.000000000	0.000000000	0.000000000
800.000000000	-700.000000000	0.866722891	120.569415888	0.000000000	0.000000000	0.000000000	0.000000000	0.000000000
900.000000000	-700.000000000	0.811149797	120.569415888	0.000000000	0.000000000	0.000000000	0.000000000	0.000000000
1000.000000000	-700.000000000	0.702117461	120.569415888	0.000000000	0.000000000	0.000000000	0.000000000	0.000000000
-1000.000000000	-600.000000000	0.667339812	120.965022012	0.000000000	0.000000000	0.000000000	0.000000000	0.000000000
-900.000000000	-600.000000000	0.702331581	120.965022012	0.000000000	0.000000000	0.000000000	0.000000000	0.000000000
-800.000000000	-600.000000000	0.792017418	120.965022012	0.000000000	0.000000000	0.000000000	0.000000000	0.000000000
-700.000000000	-600.000000000	0.918771857	120.965022012	0.000000000	0.000000000	0.000000000	0.000000000	0.000000000
-600.000000000	-600.000000000	1.023132226	120.965022012	0.000000000	0.000000000	0.000000000	0.000000000	0.000000000
-500.000000000	-600.000000000	1.167320642	120.965022012	0.000000000	0.000000000	0.000000000	0.000000000	0.000000000
-400.000000000	-600.000000000	1.372311310	120.965022012	0.000000000	0.000000000	0.000000000	0.000000000	0.000000000
-300.000000000	-600.000000000	1.502792901	120.965022012	0.000000000	0.000000000	0.000000000	0.000000000	0.000000000
-200.000000000	-600.000000000	1.676695981	120.965022012	0.000000000	0.000000000	0.000000000	0.000000000	0.000000000
-100.000000000	-600.000000000	1.760061431	120.965022012	0.000000000	0.000000000	0.000000000	0.000000000	0.000000000
0.000000000	-600.000000000	1.791131496	120.965022012	0.000000000	0.000000000	0.000000000	0.000000000	0.000000000
100.000000000	-600.000000000	1.740787335	120.965022012	0.000000000	0.000000000	0.000000000	0.000000000	0.000000000
200.000000000	-600.000000000	1.658692125	120.965022012	0.000000000	0.000000000	0.000000000	0.000000000	0.000000000
300.000000000	-600.000000000	1.509575537	120.965022012	0.000000000	0.000000000	0.000000000	0.000000000	0.000000000
400.000000000	-600.000000000	1.342736906	120.965022012	0.000000000	0.000000000	0.000000000	0.000000000	0.000000000
500.000000000	-600.000000000	1.208832657	120.965022012	0.000000000	0.000000000	0.000000000	0.000000000	0.000000000
600.000000000	-600.000000000	0.993166632	120.965022012	0.000000000	0.000000000	0.000000000	0.000000000	0.000000000
700.000000000	-600.000000000	0.861857689	120.965022012	0.000000000	0.000000000	0.000000000	0.000000000	0.000000000
800.000000000	-600.000000000	0.784040227	120.965022012	0.000000000	0.000000000	0.000000000	0.000000000	0.000000000
900.000000000	-600.000000000	0.702727623	120.965022012	0.000000000	0.000000000	0.000000000	0.000000000	0.000000000
1000.000000000	-600.000000000	0.622284391	120.965022012	0.000000000	0.000000000	0.000000000	0.000000000	0.000000000
-1000.000000000	-500.000000000	0.550174150	121.619025681	0.000000000	0.000000000	0.000000000	0.000000000	0.000000000
-900.000000000	-500.000000000	0.606932126	121.619025681	0.000000000	0.000000000	0.000000000	0.000000000	0.000000000
-800.000000000	-500.000000000	0.658023163	121.619025681	0.000000000	0.000000000	0.000000000	0.000000000	0.000000000
-700.000000000	-500.000000000	0.795964960	121.619025681	0.000000000	0.000000000	0.000000000	0.000000000	0.000000000
-600.000000000	-500.000000000	0.925147172	121.619025681	0.000000000	0.000000000	0.000000000	0.000000000	0.000000000
-500.000000000	-500.000000000	1.059706577	121.619025681	0.000000000	0.000000000	0.000000000	0.000000000	0.000000000
-400.000000000	-500.000000000	1.216537778	121.619025681	0.000000000	0.000000000	0.000000000	0.000000000	0.000000000
-300.000000000	-500.000000000	1.440686635	121.619025681	0.000000000	0.000000000	0.000000000	0.000000000	0.000000000
-200.000000000	-500.000000000	1.617661431	121.619025681	0.000000000	0.000000000	0.000000000	0.000000000	0.000000000
-100.000000000	-500.000000000	1.722548425	121.619025681	0.000000000	0.000000000	0.000000000	0.000000000	0.000000000
0.000000000	-500.000000000	1.762318555	121.619025681	0.000000000	0.000000000	0.000000000	0.000000000	0.000000000
100.000000000	-500.000000000	1.715377792	121.619025681	0.000000000	0.000000000	0.000000000	0.000000000	0.000000000
200.000000000	-500.000000000	1.598239229	121.619025681	0.000000000	0.000000000	0.000000000	0.000000000	0.000000000
300.000000000	-500.000000000	1.442959855	121.619025681	0.000000000	0.000000000	0.000000000	0.000000000	0.000000000
400.000000000	-500.000000000	1.216431522	121.619025681	0.000000000	0.000000000	0.000000000	0.000000000	0.000000000
500.000000000	-500.000000000	1.068620751	121.619025681	0.000000000	0.000000000	0.000000000	0.000000000	0.000000000
600.000000000	-500.000000000	0.901257452	121.619025681	0.000000000	0.000000000	0.000000000	0.000000000	0.000000000
700.000000000	-500.000000000	0.768604242	121.619025681	0.000000000	0.000000000	0.000000000	0.000000000	0.000000000
800.000000000	-500.000000000	0.649550117	121.619025681	0.000000000	0.000000000	0.000000000	0.000000000	0.000000000
900.000000000	-500.000000000	0.578743914	121.619025681	0.000000000	0.000000000	0.000000000	0.000000000	0.000000000
1000.000000000	-500.000000000	0.542064949	121.619025681	0.000000000	0.000000000	0.000000000	0.000000000	0.000000000
-1000.000000000	-400.000000000	0.476228601	121.950312443	0.000000000	0.000000000	0.000000000	0.000000000	0.000000000
-900.000000000	-400.000000000	0.495616949	121.950312443	0.000000000	0.000000000	0.000000000	0.000000000	0.000000000
-800.000000000	-400.000000000	0.567551702	121.950312443	0.000000000	0.000000000	0.000000000	0.000000000	0.000000000
-700.000000000	-400.000000000	0.657488668	121.950312443	0.000000000	0.000000000	0.000000000	0.000000000	0.000000000
-600.000000000	-400.000000000	0.753739782	121.950312443	0.000000000	0.000000000	0.000000000	0.000000000	0.000000000
-500.000000000	-400.000000000	0.926676604	121.950312443	0.000000000	0.000000000	0.000000000	0.000000000	0.000000000
-400.000000000	-400.000000000	1.089569140	121.950312443	0.000000000	0.000000000	0.000000000	0.000000000	0.000000000
-300.000000000	-400.000000000	1.314526113	121.950312443	0.000000000	0.000000000	0.000000000	0.000000000	0.000000000
-200.000000000	-400.000000000	1.551496510	121.950312443	0.000000000	0.000000000	0.000000000	0.000000000	0.000000000
-100.000000000	-400.000000000	1.676905272	121.950312443	0.000000000	0.000000000	0.000000000	0.000000000	0.000000000
0.000000000	-400.000000000	1.739674872	121.950312443	0.000000000	0.000000000	0.000000000	0.000000000	0.000000000
100.000000000	-400.000000000	1.675065121	121.950312443	0.000000000	0.000000000	0.000000000	0.000000000	0.000000000
200.000000000	-400.000000000	1.530659183	121.950312443	0.000000000	0.000000000	0.000000000	0.000000000	0.000000000
300.000000000	-400.000000000	1.334407131	121.950312443	0.000000000	0.000000000	0.000000000	0.000000000	0.000000000
400.000000000	-400.000000000	1.065832355	121.950312443	0.000000000	0.000000000	0.000000000	0.000000000	0.000000000
500.000000000	-400.000000000	0.891773367	121.950312443	0.000000000	0.000000000	0.000000000	0.000000000	0.000000000
600.000000000	-400.000000000	0.732718959	121.950312443	0.000000000	0.000000000	0.000000000	0.000000000	0.000000000
700.000000000	-400.000000000	0.631551131	121.950312443	0.000000000	0.000000000	0.000000000	0.000000000	0.000000000
800.000000000	-400.000000000	0.542853813	121.950312443	0.000000000	0.000000000	0.000000000	0.000000000	0.000000000
900.000000000	-400.000000000	0.489674709	121.950312443	0.000000000	0.000000000	0.000000000	0.000000000	0.000000000
1000.000000000	-400.000000000	0.444348832	121.950312443	0.000000000	0.000000000	0.000000000	0.000000000	0.000000000
-1000.000000000	-300.000000000	0.400898522	122.487332679	0.000000000	0.000000000	0.000000000	0.000000000	0.000000000
-900.000000000	-300.000000000	0.435272066	122.487332679	0.000000000	0.000000000	0.000000000	0.000000000	0.000000000
-800.000000000	-300.000000000	0.457889926	122.487332679	0.000000000	0.000000000	0.000000000	0.000000000	0.000000000
-700.000000000	-300.000000000	0.513015428	122.487332679	0.000000000	0.000000000	0.000000000	0.000000000	0.000000000
-600.000000000	-300.000000000	0.612275474	122.487332679	0.000000000	0.000000000	0.000000000	0.000000000	0.000000000
-500.000000000	-300.000000000	0.772775564	122.487332679	0.000000000	0.000000000	0.000000000	0.000000000	0.000000000
-400.000000000	-300.000000000	0.944830152	122.487332679	0.000000000	0.000000000	0.000000000	0.000000000	0.000000000
-300.000000000	-300.000000000	1.206356587	122.487332679	0.000000000	0.000000000	0.000000000	0.000000000	0.000000000
-200.000000000	-300.000000000	1.430270388	122.487332679	0.000000000	0.000000000	0.000000000	0.000000000	0.000000000
-100.000000000	-300.000000000	1.622763301	122.487332679	0.000000000	0.000000000	0.000000000	0.000000000	0.000000000
0.000000000	-300.000000000	1.718481739	122.487332679	0.000000000	0.000000000	0.000000000	0.000000000	0.000000000
100.000000000	-300.000000000	1.653797935	122.487332679	0.000000000	0.000000000	0.000000000	0.000000000	0.000000000
200.000000000	-300.000000000	1.433330864	122.487332679	0.000000000	0.000000000	0.000000000	0.000000000	0.000000000
300.000000000	-300.000000000	1.203167319	122.487332679	0.000000000	0.000000000	0.000000000	0.000000000	0.000000000
400.000000000	-300.000000000	0.946303236	122.487332679	0.000000000	0.000000000	0.000000000	0.000000000	0.000000000
500.000000000	-300.000000000	0.772543734	122.487332679	0.000000000	0.000000000	0.000000000	0.000000000	0.000000000
600.000000000	-300.000000000	0.597584890	122.487332679	0.000000000	0.000000000	0.000000000	0.000000000	0.000000000
700.000000000	-300.000000000	0.511642161	122.487332679	0.000000000	0.000000000	0.000000000	0.000000000	0.000000000
800.000000000	-300.000000000	0.442339644	122.487332679	0.000000000	0.000000000	0.000000000	0.000000000	0.000000000
900.000000000	-300.000000000	0.410057395	122.487332679	0.000000000	0.000000000	0.000000000	0.000000000	0.000000000
1000.000000000	-300.000000000	0.376549993	122.487332679	0.000000000	0.000000000	0.000000000	0.000000000	0.000000000
-1000.000000000	-200.000000000	0.357205116	122.940440713	0.000000000	0.000000000	0.000000000	0.000000000	0.000000000
-900.000000000	-200.000000000	0.369569352	122.940440713	0.000000000	0.000000000	0.000000000	0.000000000	0.000000000
-800.000000000	-200.000000000	0.398742831	122.940440713	0.000000000	0.000000000	0.000000000	0.000000000	0.000000000
-700.000000000	-200.000000000	0.445073299	122.940440713	0.000000000	0.000000000	0.000000000	0.000000000	0.000000000
-600.000000000	-200.000000000	0.500105425	122.940440713	0.000000000	0.000000000	0.000000000	0.000000000	0.000000000
-500.000000000	-200.000000000	0.634373333	122.940440713	0.000000000	0.000000000	0.000000000	0.000000000	0.000000000
-400.000000000	-200.000000000	0.813099419	122.940440713	0.000000000	0.000000000	0.000000000	0.000000000	0.000000000
-300.000000000	-200.000000000	1.060065591	122.940440713	0.000000000	0.000000000	0.000000000	0.000000000	0.000000000
-200.000000000	-200.000000000	1.333041911	122.940440713	0.000000000	0.000000000	0.000000000	0.000000000	0.000000000
-100.000000000	-200.000000000	1.581904875	122.940440713	0.000000000	0.000000000	0.000000000	0.000000000	0.000000000
0.000000000	-200.000000000	1.721492310	122.940440713	0.000000000	0.000000000	0.000000000	0.000000000	0.000000000
100.000000000	-200.000000000	1.615246536	122.940440713	0.000000000	0.000000000	0.000000000	0.000000000	0.000000000
200.000000000	-200.000000000	1.326032278	122.940440713	0.000000000	0.000000000	0.000000000	0.000000000	0.000000000
300.000000000	-200.000000000	1.062532002	122.940440713	0.000000000	0.000000000	0.000000000	0.000000000	0.000000000
400.000000000	-200.000000000	0.804143392	122.940440713	0.000000000	0.000000000	0.000000000	0.000000000	0.000000000
500.000000000	-200.000000000	0.609216613	122.940440713	0.000000000	0.000000000	0.000000000	0.000000000	0.000000000
600.000000000	-200.000000000	0.485448652	122.940440713	0.000000000	0.000000000	0.000000000	0.000000000	0.000000000
700.000000000	-200.000000000	0.427652283	122.940440713	0.000000000	0.000000000	0.000000000	0.000000000	0.000000000
800.000000000	-200.000000000	0.396875316	122.940440713	0.000000000	0.000000000	0.000000000	0.000000000	0.000000000
900.000000000	-200.000000000	0.373368778	122.940440713	0.000000000	0.000000000	0.000000000	0.000000000	0.000000000
1000.000000000	-200.000000000	0.345418844	122.940440713	0.000000000	0.000000000	0.000000000	0.000000000	0.000000000
-1000.000000000	-100.000000000	0.332624758	123.658809930	0.000000000	0.000000000	0.000000000	0.000000000	0.000000000
-900.000000000	-100.000000000	0.343973130	123.658809930	0.000000000	0.000000000	0.000000000	0.000000000	0.000000000
-800.000000000	-100.000000000	0.359463843	123.658809930	0.000000000	0.000000000	0.000000000	0.000000000	0.000000000
-700.000000000	-100.000000000	0.390925027	123.658809930	0.000000000	0.000000000	0.000000000	0.000000000	0.000000000
-600.000000000	-100.000000000	0.442674509	123.658809930	0.000000000	0.000000000	0.000000000	0.000000000	0.000000000
-500.000000000	-100.000000000	0.512186316	123.658809930	0.000000000	0.000000000	0.000000000	0.000000000	0.000000000
-400.000000000	-100.000000000	0.681672994	123.658809930	0.000000000	0.000000000	0.000000000	0.000000000	0.000000000
-300.000000000	-100.000000000	0.928191546	123.658809930	0.000000000	0.000000000	0.000000000	0.000000000	0.000000000
-200.000000000	-100.000000000	1.242037442	123.658809930	0.000000000	0.000000000	0.000000000	0.000000000	0.000000000
-100.000000000	-100.000000000	1.597482561	123.658809930	0.000000000	0.000000000	0.000000000	0.000000000	0.000000000
0.000000000	-100.000000000	1.803713111	123.658809930	0.000000000	0.000000000	0.000000000	0.000000000	0.000000000
100.000000000	-100.000000000	1.639818907	123.658809930	0.000000000	0.000000000	0.000000000	0.000000000	0.000000000
200.000000000	-100.000000000	1.262113258	123.658809930	0.000000000	0.000000000	0.000000000	0.000000000	0.000000000
300.000000000	-100.000000000	0.928769510	123.658809930	0.000000000	0.000000000	0.000000000	0.000000000	0.000000000
400.000000000	-100.000000000	0.666682962	123.658809930	0.000000000	0.000000000	0.000000000	0.000000000	0.000000000
500.000000000	-100.000000000	0.512121919	123.658809930	0.000000000	0.000000000	0.000000000	0.000000000	0.000000000
600.000000000	-100.000000000	0.440757086	123.658809930	0.000000000	0.000000000	0.000000000	0.000000000	0.000000000
700.000000000	-100.000000000	0.393950079	123.658809930	0.000000000	0.000000000	0.000000000	0.000000000	0.000000000
800.000000000	-100.000000000	0.371720213	123.658809930	0.000000000	0.000000000	0.000000000	0.000000000	0.000000000
900.000000000	-100.000000000	0.359869544	123.658809930	0.000000000	0.000000000	0.000000000	0.000000000	0.000000000
1000.000000000	-100.000000000	0.341685425	123.658809930	0.000000000	0.000000000	0.000000000	0.000000000	0.000000000
-1000.000000000	0.000000000	0.333614863	123.832804649	0.000000000	0.000000000	0.000000000	0.000000000	0.000000000
-900.000000000	0.000000000	0.344485087	123.832804649	0.000000000	0.000000000	0.000000000	0.000000000	0.000000000
-800.000000000	0.000000000	0.355728813	123.832804649	0.000000000	0.000000000	0.000000000	0.000000000	0.000000000
-700.000000000	0.000000000	0.368316829	123.832804649	0.000000000	0.000000000	0.000000000	0.000000000	0.000000000
-600.000000000	0.000000000	0.405565700	123.832804649	0.000000000	0.000000000	0.000000000	0.000000000	0.000000000
-500.000000000	0.000000000	0.454860044	123.832804649	0.000000000	0.000000000	0.000000000	0.000000000	0.000000000
-400.000000000	0.000000000	0.563692707	123.832804649	0.000000000	0.000000000	0.000000000	0.000000000	0.000000000
-300.000000000	0.000000000	0.766842981	123.832804649	0.000000000	0.000000000	0.000000000	0.000000000	0.000000000
-200.000000000	0.000000000	1.092402615	123.832804649	0.000000000	0.000000000	0.000000000	0.000000000	0.000000000
-100.000000000	0.000000000	1.493028678	123.832804649	0.000000000	0.000000000	0.000000000	0.000000000	0.000000000
0.000000000	0.000000000	1.870013315	123.832804649	0.000000000	0.000000000	0.000000000	0.000000000	0.000000000
100.000000000	0.000000000	1.547650386	123.832804649	0.000000000	0.000000000	0.000000000	0.000000000	0.000000000
200.000000000	0.000000000	1.126591057	123.832804649	0.000000000	0.000000000	0.000000000	0.000000000	0.000000000
300.000000000	0.000000000	0.806281376	123.832804649	0.000000000	0.000000000	0.000000000	0.000000000	0.000000000
400.000000000	0.000000000	0.577872945	123.832804649	0.000000000	0.000000000	0.000000000	0.000000000	0.000000000
500.000000000	0.000000000	0.476122347	123.832804649	0.000000000	0.000000000	0.000000000	0.000000000	0.000000000
600.000000000	0.000000000	0.415283217	123.832804649	0.000000000	0.000000000	0.000000000	0.000000000	0.000000000
700.000000000	0.000000000	0.376234447	123.832804649	0.000000000	0.000000000	0.000000000	0.000000000	0.000000000
800.000000000	0.000000000	0.361603435	123.832804649	0.000000000	0.000000000	0.000000000	0.000000000	0.000000000
900.000000000	0.000000000	0.348194357	123.832804649	0.000000000	0.000000000	0.000000000	0.000000000	0.000000000
1000.000000000	0.000000000	0.342878380	123.832804649	0.000000000	0.000000000	0.000000000	0.000000000	0.000000000
-1000.000000000	100.000000000	0.341365049	123.535879778	0.000000000	0.000000000	0.000000000	0.000000000	0.000000000
-900.000000000	100.000000000	0.346830750	123.535879778	0.000000000	0.000000000	0.000000000	0.000000000	0.000000000
-800.000000000	100.000000000	0.353845199	123.535879778	0.000000000	0.000000000	0.000000000	0.000000000	0.000000000
-700.000000000	100.000000000	0.365380323	123.535879778	0.000000000	0.000000000	0.000000000	0.000000000	0.000000000
-600.000000000	100.000000000	0.381645410	123.535879778	0.000000000	0.000000000	0.000000000	0.000000000	0.000000000
-500.000000000	100.000000000	0.412105221	123.535879778	0.000000000	0.000000000	0.000000000	0.000000000	0.000000000
-400.000000000	100.000000000	0.467945528	123.535879778	0.000000000	0.000000000	0.000000000	0.000000000	0.000000000
-300.000000000	100.000000000	0.605652235	123.535879778	0.000000000	0.000000000	0.000000000	0.000000000	0.000000000
-200.000000000	100.000000000	0.899597618	123.535879778	0.000000000	0.000000000	0.000000000	0.000000000	0.000000000
-100.000000000	100.000000000	1.360346316	123.535879778	0.000000000	0.000000000	0.000000000	0.000000000	0.000000000
0.000000000	100.000000000	1.789041807	123.535879778	0.000000000	0.000000000	0.000000000	0.000000000	0.000000000
100.000000000	100.000000000	1.456555716	123.535879778	0.000000000	0.000000000	0.000000000	0.000000000	0.000000000
200.000000000	100.000000000	0.971139596	123.535879778	0.000000000	0.000000000	0.000000000	0.000000000	0.000000000
300.000000000	100.000000000	0.632814924	123.535879778	0.000000000	0.000000000	0.000000000	0.000000000	0.000000000
400.000000000	100.000000000	0.502616912	123.535879778	0.000000000	0.000000000	0.000000000	0.000000000	0.000000000
500.000000000	100.000000000	0.422136674	123.535879778	0.000000000	0.000000000	0.000000000	0.000000000	0.000000000
600.000000000	100.000000000	0.389194356	123.535879778	0.000000000	0.000000000	0.000000000	0.000000000	0.000000000
700.000000000	100.000000000	0.369929975	123.535879778	0.000000000	0.000000000	0.000000000	0.000000000	0.000000000
800.000000000	100.000000000	0.357950512	123.535879778	0.000000000	0.000000000	0.000000000	0.000000000	0.000000000
900.000000000	100.000000000	0.350171347	123.535879778	0.000000000	0.000000000	0.000000000	0.000000000	0.000000000
1000.000000000	100.000000000	0.343770279	123.535879778	0.000000000	0.000000000	0.000000000	0.000000000	0.000000000
-1000.000000000	200.000000000	0.337353112	123.094635312	0.000000000	0.000000000	0.000000000	0.000000000	0.000000000
-900.000000000	200.000000000	0.340965787	123.094635312	0.000000000	0.000000000	0.000000000	0.000000000	0.000000000
-800.000000000	200.000000000	0.350469183	123.094635312	0.000000000	0.000000000	0.000000000	0.000000000	0.000000000
-700.000000000	200.000000000	0.358893929	123.094635312	0.000000000	0.000000000	0.000000000	0.000000000	0.000000000
-600.000000000	200.000000000	0.368514850	123.094635312	0.000000000	0.000000000	0.000000000	0.000000000	0.000000000
-500.000000000	200.000000000	0.392390060	123.094635312	0.000000000	0.000000000	0.000000000	0.000000000	0.000000000
-400.000000000	200.000000000	0.432449864	123.094635312	0.000000000	0.000000000	0.000000000	0.000000000	0.000000000
-300.000000000	200.000000000	0.525740290	123.094635312	0.000000000	0.000000000	0.000000000	0.000000000	0.000000000
-200.000000000	200.000000000	0.765492253	123.094635312	0.000000000	0.000000000	0.000000000	0.000000000	0.000000000
-100.000000000	200.000000000	1.267831731	123.094635312	0.000000000	0.000000000	0.000000000	0.000000000	0.000000000
0.000000000	200.000000000	1.718594434	123.094635312	0.000000000	0.000000000	0.000000000	0.000000000	0.000000000
100.000000000	200.000000000	1.369764401	123.094635312	0.000000000	0.000000000	0.000000000	0.000000000	0.000000000
200.000000000	200.000000000	0.840975316	123.094635312	0.000000000	0.000000000	0.000000000	0.000000000	0.000000000
300.000000000	200.000000000	0.565705116	123.094635312	0.000000000	0.000000000	0.000000000	0.000000000	0.000000000
400.000000000	200.000000000	0.448375259	123.094635312	0.000000000	0.000000000	0.000000000	0.000000000	0.000000000
500.000000000	200.000000000	0.396184657	123.094635312	0.000000000	0.000000000	0.000000000	0.000000000	0.000000000
600.000000000	200.000000000	0.373318870	123.094635312	0.000000000	0.000000000	0.000000000	0.000000000	0.000000000
700.000000000	200.000000000	0.353811391	123.094635312	0.000000000	0.000000000	0.000000000	0.000000000	0.000000000
800.000000000	200.000000000	0.344744285	123.094635312	0.000000000	0.000000000	0.000000000	0.000000000	0.000000000
900.000000000	200.000000000	0.334856116	123.094635312	0.000000000	0.000000000	0.000000000	0.000000000	0.000000000
1000.000000000	200.000000000	0.329586827	123.094635312	0.000000000	0.000000000	0.000000000	0.000000000	0.000000000
-1000.000000000	300.000000000	0.330486776	122.981572962	0.000000000	0.000000000	0.000000000	0.000000000	0.000000000
-900.000000000	300.000000000	0.338373806	122.981572962	0.000000000	0.000000000	0.000000000	0.000000000	0.000000000
-800.000000000	300.000000000	0.337280666	122.981572962	0.000000000	0.000000000	0.000000000	0.000000000	0.000000000
-700.000000000	300.000000000	0.350074751	122.981572962	0.000000000	0.000000000	0.000000000	0.000000000	0.000000000
-600.000000000	300.000000000	0.360107813	122.981572962	0.000000000	0.000000000	0.000000000	0.000000000	0.000000000
-500.000000000	300.000000000	0.391940891	122.981572962	0.000000000	0.000000000	0.000000000	0.000000000	0.000000000
-400.000000000	300.000000000	0.422561695	122.981572962	0.000000000	0.000000000	0.000000000	0.000000000	0.000000000
-300.000000000	300.000000000	0.516573367	122.981572962	0.000000000	0.000000000	0.000000000	0.000000000	0.000000000
-200.000000000	300.000000000	0.753689874	122.981572962	0.000000000	0.000000000	0.000000000	0.000000000	0.000000000
-100.000000000	300.000000000	1.286922269	122.981572962	0.000000000	0.000000000	0.000000000	0.000000000	0.000000000
0.000000000	300.000000000	1.717393426	122.981572962	0.000000000	0.000000000	0.000000000	0.000000000	0.000000000
100.000000000	300.000000000	1.398747966	122.981572962	0.000000000	0.000000000	0.000000000	0.000000000	0.000000000
200.000000000	300.000000000	0.835627137	122.981572962	0.000000000	0.000000000	0.000000000	0.000000000	0.000000000
300.000000000	300.000000000	0.561902468	122.981572962	0.000000000	0.000000000	0.000000000	0.000000000	0.000000000
400.000000000	300.000000000	0.451519446	122.981572962	0.000000000	0.000000000	0.000000000	0.000000000	0.000000000
500.000000000	300.000000000	0.399778013	122.981572962	0.000000000	0.000000000	0.000000000	0.000000000	0.000000000
600.000000000	300.000000000	0.363493489	122.981572962	0.000000000	0.000000000	0.000000000	0.000000000	0.000000000
700.000000000	300.000000000	0.358988914	122.981572962	0.000000000	0.000000000	0.000000000	0.000000000	0.000000000
800.000000000	300.000000000	0.343969910	122.981572962	0.000000000	0.000000000	0.000000000	0.000000000	0.000000000
900.000000000	300.000000000	0.334579209	122.981572962	0.000000000	0.000000000	0.000000000	0.000000000	0.000000000
1000.000000000	300.000000000	0.331001952	122.981572962	0.000000000	0.000000000	0.000000000	0.000000000	0.000000000
-1000.000000000	400.000000000	0.330279096	123.320533316	0.000000000	0.000000000	0.000000000	0.000000000	0.000000000
-900.000000000	400.000000000	0.338243402	123.320533316	0.000000000	0.000000000	0.000000000	0.000000000	0.000000000
-800.000000000	400.000000000	0.356176373	123.320533316	0.000000000	0.000000000	0.000000000	0.000000000	0.000000000
-700.000000000	400.000000000	0.359578148	123.320533316	0.000000000	0.000000000	0.000000000	0.000000000	0.000000000
-600.000000000	400.000000000	0.387788890	123.320533316	0.000000000	0.000000000	0.000000000	0.000000000	0.000000000
-500.000000000	400.000000000	0.413682949	123.320533316	0.000000000	0.000000000	0.000000000	0.000000000	0.000000000
-400.000000000	400.000000000	0.465908971	123.320533316	0.000000000	0.000000000	0.000000000	0.000000000	0.000000000
-300.000000000	400.000000000	0.576576952	123.320533316	0.000000000	0.000000000	0.000000000	0.000000000	0.000000000
-200.000000000	400.000000000	0.814669099	123.320533316	0.000000000	0.000000000	0.000000000	0.000000000	0.000000000
-100.000000000	400.000000000	1.332558934	123.320533316	0.000000000	0.000000000	0.000000000	0.000000000	0.000000000
0.000000000	400.000000000	1.745523753	123.320533316	0.000000000	0.000000000	0.000000000	0.000000000	0.000000000
100.000000000	400.000000000	1.452118747	123.320533316	0.000000000	0.000000000	0.000000000	0.000000000	0.000000000
200.000000000	400.000000000	0.883062047	123.320533316	0.000000000	0.000000000	0.000000000	0.000000000	0.000000000
300.000000000	400.000000000	0.607531019	123.320533316	0.000000000	0.000000000	0.000000000	0.000000000	0.000000000
400.000000000	400.000000000	0.492933201	123.320533316	0.000000000	0.000000000	0.000000000	0.000000000	0.000000000
500.000000000	400.000000000	0.442339644	123.320533316	0.000000000	0.000000000	0.000000000	0.000000000	0.000000000
600.000000000	400.000000000	0.393475151	123.320533316	0.000000000	0.000000000	0.000000000	0.000000000	0.000000000
700.000000000	400.000000000	0.382765919	123.320533316	0.000000000	0.000000000	0.000000000	0.000000000	0.000000000
800.000000000	400.000000000	0.359534680	123.320533316	0.000000000	0.000000000	0.000000000	0.000000000	0.000000000
900.000000000	400.000000000	0.349405022	123.320533316	0.000000000	0.000000000	0.000000000	0.000000000	0.000000000
1000.000000000	400.000000000	0.347890081	123.320533316	0.000000000	0.000000000	0.000000000	0.000000000	0.000000000
-1000.000000000	500.000000000	0.359573318	123.556374462	0.000000000	0.000000000	0.000000000	0.000000000	0.000000000
-900.000000000	500.000000000	0.360569862	123.556374462	0.000000000	0.000000000	0.000000000	0.000000000	0.000000000
-800.000000000	500.000000000	0.382960720	123.556374462	0.000000000	0.000000000	0.000000000	0.000000000	0.000000000
-700.000000000	500.000000000	0.393613605	123.556374462	0.000000000	0.000000000	0.000000000	0.000000000	0.000000000
-600.000000000	500.000000000	0.438450061	123.556374462	0.000000000	0.000000000	0.000000000	0.000000000	0.000000000
-500.000000000	500.000000000	0.462070905	123.556374462	0.000000000	0.000000000	0.000000000	0.000000000	0.000000000
-400.000000000	500.000000000	0.521314601	123.556374462	0.000000000	0.000000000	0.000000000	0.000000000	0.000000000
-300.000000000	500.000000000	0.649649933	123.556374462	0.000000000	0.000000000	0.000000000	0.000000000	0.000000000
-200.000000000	500.000000000	0.921510345	123.556374462	0.000000000	0.000000000	0.000000000	0.000000000	0.000000000
-100.000000000	500.000000000	1.407319229	123.556374462	0.000000000	0.000000000	0.000000000	0.000000000	0.000000000
0.000000000	500.000000000	1.764239203	123.556374462	0.000000000	0.000000000	0.000000000	0.000000000	0.000000000
100.000000000	500.000000000	1.491877575	123.556374462	0.000000000	0.000000000	0.000000000	0.000000000	0.000000000
200.000000000	500.000000000	0.987407919	123.556374462	0.000000000	0.000000000	0.000000000	0.000000000	0.000000000
300.000000000	500.000000000	0.711311755	123.556374462	0.000000000	0.000000000	0.000000000	0.000000000	0.000000000
400.000000000	500.000000000	0.580006097	123.556374462	0.000000000	0.000000000	0.000000000	0.000000000	0.000000000
500.000000000	500.000000000	0.488417357	123.556374462	0.000000000	0.000000000	0.000000000	0.000000000	0.000000000
600.000000000	500.000000000	0.437055864	123.556374462	0.000000000	0.000000000	0.000000000	0.000000000	0.000000000
700.000000000	500.000000000	0.426955185	123.556374462	0.000000000	0.000000000	0.000000000	0.000000000	0.000000000
800.000000000	500.000000000	0.391451473	123.556374462	0.000000000	0.000000000	0.000000000	0.000000000	0.000000000
900.000000000	500.000000000	0.386842253	123.556374462	0.000000000	0.000000000	0.000000000	0.000000000	0.000000000
1000.000000000	500.000000000	0.364488423	123.556374462	0.000000000	0.000000000	0.000000000	0.000000000	0.000000000
-1000.000000000	600.000000000	0.392837620	123.597356244	0.000000000	0.000000000	0.000000000	0.000000000	0.000000000
-900.000000000	600.000000000	0.406307876	123.597356244	0.000000000	0.000000000	0.000000000	0.000000000	0.000000000
-800.000000000	600.000000000	0.405148729	123.597356244	0.000000000	0.000000000	0.000000000	0.000000000	0.000000000
-700.000000000	600.000000000	0.440681419	123.597356244	0.000000000	0.000000000	0.000000000	0.000000000	0.000000000
-600.000000000	600.000000000	0.478746527	123.597356244	0.000000000	0.000000000	0.000000000	0.000000000	0.000000000
-500.000000000	600.000000000	0.546453609	123.597356244	0.000000000	0.000000000	0.000000000	0.000000000	0.000000000
-400.000000000	600.000000000	0.603533570	123.597356244	0.000000000	0.000000000	0.000000000	0.000000000	0.000000000
-300.000000000	600.000000000	0.744270188	123.597356244	0.000000000	0.000000000	0.000000000	0.000000000	0.000000000
-200.000000000	600.000000000	1.007812149	123.597356244	0.000000000	0.000000000	0.000000000	0.000000000	0.000000000
-100.000000000	600.000000000	1.428428629	123.597356244	0.000000000	0.000000000	0.000000000	0.000000000	0.000000000
0.000000000	600.000000000	1.746583087	123.597356244	0.000000000	0.000000000	0.000000000	0.000000000	0.000000000
100.000000000	600.000000000	1.535860868	123.597356244	0.000000000	0.000000000	0.000000000	0.000000000	0.000000000
200.000000000	600.000000000	1.089033035	123.597356244	0.000000000	0.000000000	0.000000000	0.000000000	0.000000000
300.000000000	600.000000000	0.805835426	123.597356244	0.000000000	0.000000000	0.000000000	0.000000000	0.000000000
400.000000000	600.000000000	0.640222199	123.597356244	0.000000000	0.000000000	0.000000000	0.000000000	0.000000000
500.000000000	600.000000000	0.566255711	123.597356244	0.000000000	0.000000000	0.000000000	0.000000000	0.000000000
600.000000000	600.000000000	0.509624922	123.597356244	0.000000000	0.000000000	0.000000000	0.000000000	0.000000000
700.000000000	600.000000000	0.447164594	123.597356244	0.000000000	0.000000000	0.000000000	0.000000000	0.000000000
800.000000000	600.000000000	0.435228598	123.597356244	0.000000000	0.000000000	0.000000000	0.000000000	0.000000000
900.000000000	600.000000000	0.406443110	123.597356244	0.000000000	0.000000000	0.000000000	0.000000000	0.000000000
1000.000000000	600.000000000	0.389070392	123.597356244	0.000000000	0.000000000	0.000000000	0.000000000	0.000000000
-1000.000000000	700.000000000	0.409440793	123.351314088	0.000000000	0.000000000	0.000000000	0.000000000	0.000000000
-900.000000000	700.000000000	0.424113664	123.351314088	0.000000000	0.000000000	0.000000000	0.000000000	0.000000000
-800.000000000	700.000000000	0.451184581	123.351314088	0.000000000	0.000000000	0.000000000	0.000000000	0.000000000
-700.000000000	700.000000000	0.491440799	123.351314088	0.000000000	0.000000000	0.000000000	0.000000000	0.000000000
-600.000000000	700.000000000	0.529539717	123.351314088	0.000000000	0.000000000	0.000000000	0.000000000	0.000000000
-500.000000000	700.000000000	0.600534276	123.351314088	0.000000000	0.000000000	0.000000000	0.000000000	0.000000000
-400.000000000	700.000000000	0.664689872	123.351314088	0.000000000	0.000000000	0.000000000	0.000000000	0.000000000
-300.000000000	700.000000000	0.832669699	123.351314088	0.000000000	0.000000000	0.000000000	0.000000000	0.000000000
-200.000000000	700.000000000	1.079183492	123.351314088	0.000000000	0.000000000	0.000000000	0.000000000	0.000000000
-100.000000000	700.000000000	1.451283193	123.351314088	0.000000000	0.000000000	0.000000000	0.000000000	0.000000000
0.000000000	700.000000000	1.723482185	123.351314088	0.000000000	0.000000000	0.000000000	0.000000000	0.000000000
100.000000000	700.000000000	1.542218482	123.351314088	0.000000000	0.000000000	0.000000000	0.000000000	0.000000000
200.000000000	700.000000000	1.160636219	123.351314088	0.000000000	0.000000000	0.000000000	0.000000000	0.000000000
300.000000000	700.000000000	0.878140499	123.351314088	0.000000000	0.000000000	0.000000000	0.000000000	0.000000000
400.000000000	700.000000000	0.725925066	123.351314088	0.000000000	0.000000000	0.000000000	0.000000000	0.000000000
500.000000000	700.000000000	0.599930554	123.351314088	0.000000000	0.000000000	0.000000000	0.000000000	0.000000000
600.000000000	700.000000000	0.549797428	123.351314088	0.000000000	0.000000000	0.000000000	0.000000000	0.000000000
700.000000000	700.000000000	0.510054773	123.351314088	0.000000000	0.000000000	0.000000000	0.000000000	0.000000000
800.000000000	700.000000000	0.451434120	123.351314088	0.000000000	0.000000000	0.000000000	0.000000000	0.000000000
900.000000000	700.000000000	0.426713696	123.351314088	0.000000000	0.000000000	0.000000000	0.000000000	0.000000000
1000.000000000	700.000000000	0.402888392	123.351314088	0.000000000	0.000000000	0.000000000	0.000000000	0.000000000
-1000.000000000	800.000000000	0.419489955	123.279483497	0.000000000	0.000000000	0.000000000	0.000000000	0.000000000
-900.000000000	800.000000000	0.447216112	123.279483497	0.000000000	0.000000000	0.000000000	0.000000000	0.000000000
-800.000000000	800.000000000	0.477651776	123.279483497	0.000000000	0.000000000	0.000000000	0.000000000	0.000000000
-700.000000000	800.000000000	0.504793532	123.279483497	0.000000000	0.000000000	0.000000000	0.000000000	0.000000000
-600.000000000	800.000000000	0.581030010	123.279483497	0.000000000	0.000000000	0.000000000	0.000000000	0.000000000
-500.000000000	800.000000000	0.642289345	123.279483497	0.000000000	0.000000000	0.000000000	0.000000000	0.000000000
-400.000000000	800.000000000	0.744527777	123.279483497	0.000000000	0.000000000	0.000000000	0.000000000	0.000000000
-300.000000000	800.000000000	0.916252321	123.279483497	0.000000000	0.000000000	0.000000000	0.000000000	0.000000000
-200.000000000	800.000000000	1.173074528	123.279483497	0.000000000	0.000000000	0.000000000	0.000000000	0.000000000
-100.000000000	800.000000000	1.481842882	123.279483497	0.000000000	0.000000000	0.000000000	0.000000000	0.000000000
0.000000000	800.000000000	1.707192903	123.279483497	0.000000000	0.000000000	0.000000000	0.000000000	0.000000000
100.000000000	800.000000000	1.540730906	123.279483497	0.000000000	0.000000000	0.000000000	0.000000000	0.000000000
200.000000000	800.000000000	1.206776778	123.279483497	0.000000000	0.000000000	0.000000000	0.000000000	0.000000000
300.000000000	800.000000000	0.964010835	123.279483497	0.000000000	0.000000000	0.000000000	0.000000000	0.000000000
400.000000000	800.000000000	0.814583772	123.279483497	0.000000000	0.000000000	0.000000000	0.000000000	0.000000000
500.000000000	800.000000000	0.689257362	123.279483497	0.000000000	0.000000000	0.000000000	0.000000000	0.000000000
600.000000000	800.000000000	0.574088005	123.279483497	0.000000000	0.000000000	0.000000000	0.000000000	0.000000000
700.000000000	800.000000000	0.545041703	123.279483497	0.000000000	0.000000000	0.000000000	0.000000000	0.000000000
800.000000000	800.000000000	0.486137701	123.279483497	0.000000000	0.000000000	0.000000000	0.000000000	0.000000000
900.000000000	800.000000000	0.458604733	123.279483497	0.000000000	0.000000000	0.000000000	0.000000000	0.000000000
1000.000000000	800.000000000	0.431380873	123.279483497	0.000000000	0.000000000	0.000000000	0.000000000	0.000000000
-1000.000000000	900.000000000	0.456853133	123.464128494	0.000000000	0.000000000	0.000000000	0.000000000	0.000000000
-900.000000000	900.000000000	0.500855651	123.464128494	0.000000000	0.000000000	0.000000000	0.000000000	0.000000000
-800.000000000	900.000000000	0.523166017	123.464128494	0.000000000	0.000000000	0.000000000	0.000000000	0.000000000
-700.000000000	900.000000000	0.560166967	123.464128494	0.000000000	0.000000000	0.000000000	0.000000000	0.000000000
-600.000000000	900.000000000	0.625827840	123.464128494	0.000000000	0.000000000	0.000000000	0.000000000	0.000000000
-500.000000000	900.000000000	0.732820385	123.464128494	0.000000000	0.000000000	0.000000000	0.000000000	0.000000000
-400.000000000	900.000000000	0.849012075	123.464128494	0.000000000	0.000000000	0.000000000	0.000000000	0.000000000
-300.000000000	900.000000000	1.011044885	123.464128494	0.000000000	0.000000000	0.000000000	0.000000000	0.000000000
-200.000000000	900.000000000	1.257600627	123.464128494	0.000000000	0.000000000	0.000000000	0.000000000	0.000000000
-100.000000000	900.000000000	1.552132433	123.464128494	0.000000000	0.000000000	0.000000000	0.000000000	0.000000000
0.000000000	900.000000000	1.733632801	123.464128494	0.000000000	0.000000000	0.000000000	0.000000000	0.000000000
100.000000000	900.000000000	1.610078659	123.464128494	0.000000000	0.000000000	0.000000000	0.000000000	0.000000000
200.000000000	900.000000000	1.345346602	123.464128494	0.000000000	0.000000000	0.000000000	0.000000000	0.000000000
300.000000000	900.000000000	1.070299906	123.464128494	0.000000000	0.000000000	0.000000000	0.000000000	0.000000000
400.000000000	900.000000000	0.921140061	123.464128494	0.000000000	0.000000000	0.000000000	0.000000000	0.000000000
500.000000000	900.000000000	0.784151312	123.464128494	0.000000000	0.000000000	0.000000000	0.000000000	0.000000000
600.000000000	900.000000000	0.604211353	123.464128494	0.000000000	0.000000000	0.000000000	0.000000000	0.000000000
700.000000000	900.000000000	0.595715765	123.464128494	0.000000000	0.000000000	0.000000000	0.000000000	0.000000000
800.000000000	900.000000000	0.560525981	123.464128494	0.000000000	0.000000000	0.000000000	0.000000000	0.000000000
900.000000000	900.000000000	0.520351865	123.464128494	0.000000000	0.000000000	0.000000000	0.000000000	0.000000000
1000.000000000	900.000000000	0.474092228	123.464128494	0.000000000	0.000000000	0.000000000	0.000000000	0.000000000
-1000.000000000	1000.000000000	0.500197191	123.505133014	0.000000000	0.000000000	0.000000000	0.000000000	0.000000000
-900.000000000	1000.000000000	0.523811598	123.505133014	0.000000000	0.000000000	0.000000000	0.000000000	0.000000000
-800.000000000	1000.000000000	0.594812596	123.505133014	0.000000000	0.000000000	0.000000000	0.000000000	0.000000000
-700.000000000	1000.000000000	0.636701288	123.505133014	0.000000000	0.000000000	0.000000000	0.000000000	0.000000000
-600.000000000	1000.000000000	0.724385975	123.505133014	0.000000000	0.000000000	0.000000000	0.000000000	0.000000000
-500.000000000	1000.000000000	0.798822581	123.505133014	0.000000000	0.000000000	0.000000000	0.000000000	0.000000000
-400.000000000	1000.000000000	0.958474292	123.505133014	0.000000000	0.000000000	0.000000000	0.000000000	0.000000000
-300.000000000	1000.000000000	1.132055154	123.505133014	0.000000000	0.000000000	0.000000000	0.000000000	0.000000000
-200.000000000	1000.000000000	1.364804209	123.505133014	0.000000000	0.000000000	0.000000000	0.000000000	0.000000000
-100.000000000	1000.000000000	1.589970626	123.505133014	0.000000000	0.000000000	0.000000000	0.000000000	0.000000000
0.000000000	1000.000000000	1.748159210	123.505133014	0.000000000	0.000000000	0.000000000	0.000000000	0.000000000
100.000000000	1000.000000000	1.665848267	123.505133014	0.000000000	0.000000000	0.000000000	0.000000000	0.000000000
200.000000000	1000.000000000	1.523749383	123.505133014	0.000000000	0.000000000	0.000000000	0.000000000	0.000000000
300.000000000	1000.000000000	1.194858475	123.505133014	0.000000000	0.000000000	0.000000000	0.000000000	0.000000000
400.000000000	1000.000000000	1.008943929	123.505133014	0.000000000	0.000000000	0.000000000	0.000000000	0.000000000
500.000000000	1000.000000000	0.866529699	123.505133014	0.000000000	0.000000000	0.000000000	0.000000000	0.000000000
600.000000000	1000.000000000	0.731443897	123.505133014	0.000000000	0.000000000	0.000000000	0.000000000	0.000000000
700.000000000	1000.000000000	0.646607170	123.505133014	0.000000000	0.000000000	0.000000000	0.000000000	0.000000000
800.000000000	1000.000000000	0.619513706	123.505133014	0.000000000	0.000000000	0.000000000	0.000000000	0.000000000
900.000000000	1000.000000000	0.554820400	123.505133014	0.000000000	0.000000000	0.000000000	0.000000000	0.000000000
1000.000000000	1000.000000000	0.500913608	123.505133014	0.000000000	0.000000000	0.000000000	0.000000000	0.000000000
