Set Temp (deg C)	126.000000	Laser Power (uW)	814	Laser Detuning (GHz)	12
X  Field (nT)	Z  Field (nT)	Photodiode Voltage (V)	Temperature (C) 2D	Y  Field (nT)	Photodiode Voltage (V)	Temperature (C) 1D	Frequency (Hz)	Photodiode Voltage (V)		
-1000.000000000	-1000.000000000	0.305442761	126.329552050	-1000.000000000	NaN	126.430191278	0.000000000	0.000000000
-900.000000000	-1000.000000000	0.374260677	126.329552050	-960.000000000	NaN	126.430191278	0.000000000	0.000000000
-800.000000000	-1000.000000000	0.461059871	126.329552050	-920.000000000	NaN	126.430191278	0.000000000	0.000000000
-700.000000000	-1000.000000000	0.614764421	126.329552050	-880.000000000	NaN	126.430191278	0.000000000	0.000000000
-600.000000000	-1000.000000000	0.832447529	126.329552050	-840.000000000	NaN	126.430191278	0.000000000	0.000000000
-500.000000000	-1000.000000000	1.122419732	126.329552050	-800.000000000	NaN	126.430191278	0.000000000	0.000000000
-400.000000000	-1000.000000000	1.454544910	126.329552050	-760.000000000	NaN	126.430191278	0.000000000	0.000000000
-300.000000000	-1000.000000000	1.771865448	126.329552050	-720.000000000	NaN	126.430191278	0.000000000	0.000000000
-200.000000000	-1000.000000000	2.047856094	126.329552050	-680.000000000	NaN	126.430191278	0.000000000	0.000000000
-100.000000000	-1000.000000000	2.233991748	126.329552050	-640.000000000	NaN	126.430191278	0.000000000	0.000000000
0.000000000	-1000.000000000	2.291136354	126.329552050	-600.000000000	NaN	126.430191278	0.000000000	0.000000000
100.000000000	-1000.000000000	2.221421389	126.329552050	-560.000000000	NaN	126.430191278	0.000000000	0.000000000
200.000000000	-1000.000000000	2.058452671	126.329552050	-520.000000000	NaN	126.430191278	0.000000000	0.000000000
300.000000000	-1000.000000000	1.781108067	126.329552050	-480.000000000	NaN	126.430191278	0.000000000	0.000000000
400.000000000	-1000.000000000	1.406152031	126.329552050	-440.000000000	NaN	126.430191278	0.000000000	0.000000000
500.000000000	-1000.000000000	1.111444849	126.329552050	-400.000000000	NaN	126.430191278	0.000000000	0.000000000
600.000000000	-1000.000000000	0.845182058	126.329552050	-360.000000000	NaN	126.430191278	0.000000000	0.000000000
700.000000000	-1000.000000000	0.639500951	126.329552050	-320.000000000	NaN	126.430191278	0.000000000	0.000000000
800.000000000	-1000.000000000	0.457397288	126.329552050	-280.000000000	NaN	126.430191278	0.000000000	0.000000000
900.000000000	-1000.000000000	0.348376279	126.329552050	-240.000000000	NaN	126.430191278	0.000000000	0.000000000
1000.000000000	-1000.000000000	0.291431571	126.329552050	-200.000000000	NaN	126.430191278	0.000000000	0.000000000
-1000.000000000	-900.000000000	0.269100283	126.329552050	-160.000000000	NaN	126.430191278	0.000000000	0.000000000
-900.000000000	-900.000000000	0.344984164	126.329552050	-120.000000000	NaN	126.430191278	0.000000000	0.000000000
-800.000000000	-900.000000000	0.448405848	126.329552050	-80.000000000	NaN	126.430191278	0.000000000	0.000000000
-700.000000000	-900.000000000	0.607503679	126.329552050	-40.000000000	NaN	126.430191278	0.000000000	0.000000000
-600.000000000	-900.000000000	0.865071105	126.329552050	0.000000000	NaN	126.430191278	0.000000000	0.000000000
-500.000000000	-900.000000000	1.091346501	126.329552050	40.000000000	NaN	126.430191278	0.000000000	0.000000000
-400.000000000	-900.000000000	1.397028560	126.329552050	80.000000000	NaN	126.430191278	0.000000000	0.000000000
-300.000000000	-900.000000000	1.749250744	126.329552050	120.000000000	NaN	126.430191278	0.000000000	0.000000000
-200.000000000	-900.000000000	2.096693409	126.329552050	160.000000000	NaN	126.430191278	0.000000000	0.000000000
-100.000000000	-900.000000000	2.286449837	126.329552050	200.000000000	NaN	126.430191278	0.000000000	0.000000000
0.000000000	-900.000000000	2.370559246	126.329552050	240.000000000	NaN	126.430191278	0.000000000	0.000000000
100.000000000	-900.000000000	2.343700708	126.329552050	280.000000000	NaN	126.430191278	0.000000000	0.000000000
200.000000000	-900.000000000	2.053130238	126.329552050	320.000000000	NaN	126.430191278	0.000000000	0.000000000
300.000000000	-900.000000000	1.797295925	126.329552050	360.000000000	NaN	126.430191278	0.000000000	0.000000000
400.000000000	-900.000000000	1.435175845	126.329552050	400.000000000	NaN	126.430191278	0.000000000	0.000000000
500.000000000	-900.000000000	1.109580551	126.329552050	440.000000000	NaN	126.430191278	0.000000000	0.000000000
600.000000000	-900.000000000	0.859858159	126.329552050	480.000000000	NaN	126.430191278	0.000000000	0.000000000
700.000000000	-900.000000000	0.604929377	126.329552050	520.000000000	NaN	126.430191278	0.000000000	0.000000000
800.000000000	-900.000000000	0.466483715	126.329552050	560.000000000	NaN	126.430191278	0.000000000	0.000000000
900.000000000	-900.000000000	0.338480061	126.329552050	600.000000000	NaN	126.430191278	0.000000000	0.000000000
1000.000000000	-900.000000000	0.290055084	126.329552050	640.000000000	NaN	126.430191278	0.000000000	0.000000000
-1000.000000000	-800.000000000	0.272936737	126.510653431	680.000000000	NaN	126.430191278	0.000000000	0.000000000
-900.000000000	-800.000000000	0.336282511	126.510653431	720.000000000	NaN	126.430191278	0.000000000	0.000000000
-800.000000000	-800.000000000	0.429980238	126.510653431	760.000000000	NaN	126.430191278	0.000000000	0.000000000
-700.000000000	-800.000000000	0.610256626	126.510653431	800.000000000	NaN	126.430191278	0.000000000	0.000000000
-600.000000000	-800.000000000	0.807463063	126.510653431	840.000000000	NaN	126.430191278	0.000000000	0.000000000
-500.000000000	-800.000000000	1.103665674	126.510653431	880.000000000	NaN	126.430191278	0.000000000	0.000000000
-400.000000000	-800.000000000	1.448393370	126.510653431	920.000000000	NaN	126.430191278	0.000000000	0.000000000
-300.000000000	-800.000000000	1.792480621	126.510653431	960.000000000	NaN	126.430191278	0.000000000	0.000000000
-200.000000000	-800.000000000	2.083332576	126.510653431	1000.000000000	NaN	126.430191278	0.000000000	0.000000000
-100.000000000	-800.000000000	2.320004086	126.510653431	0.000000000	0.000000000	0.000000000	0.000000000	0.000000000
0.000000000	-800.000000000	2.410748047	126.510653431	0.000000000	0.000000000	0.000000000	0.000000000	0.000000000
100.000000000	-800.000000000	2.300871626	126.510653431	0.000000000	0.000000000	0.000000000	0.000000000	0.000000000
200.000000000	-800.000000000	2.120003632	126.510653431	0.000000000	0.000000000	0.000000000	0.000000000	0.000000000
300.000000000	-800.000000000	1.788096778	126.510653431	0.000000000	0.000000000	0.000000000	0.000000000	0.000000000
400.000000000	-800.000000000	1.463832596	126.510653431	0.000000000	0.000000000	0.000000000	0.000000000	0.000000000
500.000000000	-800.000000000	1.111805473	126.510653431	0.000000000	0.000000000	0.000000000	0.000000000	0.000000000
600.000000000	-800.000000000	0.828601412	126.510653431	0.000000000	0.000000000	0.000000000	0.000000000	0.000000000
700.000000000	-800.000000000	0.590295141	126.510653431	0.000000000	0.000000000	0.000000000	0.000000000	0.000000000
800.000000000	-800.000000000	0.445987738	126.510653431	0.000000000	0.000000000	0.000000000	0.000000000	0.000000000
900.000000000	-800.000000000	0.355851168	126.510653431	0.000000000	0.000000000	0.000000000	0.000000000	0.000000000
1000.000000000	-800.000000000	0.271275293	126.510653431	0.000000000	0.000000000	0.000000000	0.000000000	0.000000000
-1000.000000000	-700.000000000	0.277199822	126.530762120	0.000000000	0.000000000	0.000000000	0.000000000	0.000000000
-900.000000000	-700.000000000	0.341920478	126.530762120	0.000000000	0.000000000	0.000000000	0.000000000	0.000000000
-800.000000000	-700.000000000	0.408977134	126.530762120	0.000000000	0.000000000	0.000000000	0.000000000	0.000000000
-700.000000000	-700.000000000	0.558631097	126.530762120	0.000000000	0.000000000	0.000000000	0.000000000	0.000000000
-600.000000000	-700.000000000	0.773720591	126.530762120	0.000000000	0.000000000	0.000000000	0.000000000	0.000000000
-500.000000000	-700.000000000	1.059917479	126.530762120	0.000000000	0.000000000	0.000000000	0.000000000	0.000000000
-400.000000000	-700.000000000	1.375886963	126.530762120	0.000000000	0.000000000	0.000000000	0.000000000	0.000000000
-300.000000000	-700.000000000	1.728912483	126.530762120	0.000000000	0.000000000	0.000000000	0.000000000	0.000000000
-200.000000000	-700.000000000	2.069302010	126.530762120	0.000000000	0.000000000	0.000000000	0.000000000	0.000000000
-100.000000000	-700.000000000	2.282821044	126.530762120	0.000000000	0.000000000	0.000000000	0.000000000	0.000000000
0.000000000	-700.000000000	2.361422868	126.530762120	0.000000000	0.000000000	0.000000000	0.000000000	0.000000000
100.000000000	-700.000000000	2.289592427	126.530762120	0.000000000	0.000000000	0.000000000	0.000000000	0.000000000
200.000000000	-700.000000000	2.034458235	126.530762120	0.000000000	0.000000000	0.000000000	0.000000000	0.000000000
300.000000000	-700.000000000	1.734363710	126.530762120	0.000000000	0.000000000	0.000000000	0.000000000	0.000000000
400.000000000	-700.000000000	1.336894472	126.530762120	0.000000000	0.000000000	0.000000000	0.000000000	0.000000000
500.000000000	-700.000000000	1.055863678	126.530762120	0.000000000	0.000000000	0.000000000	0.000000000	0.000000000
600.000000000	-700.000000000	0.750426551	126.530762120	0.000000000	0.000000000	0.000000000	0.000000000	0.000000000
700.000000000	-700.000000000	0.558898344	126.530762120	0.000000000	0.000000000	0.000000000	0.000000000	0.000000000
800.000000000	-700.000000000	0.429204252	126.530762120	0.000000000	0.000000000	0.000000000	0.000000000	0.000000000
900.000000000	-700.000000000	0.321554904	126.530762120	0.000000000	0.000000000	0.000000000	0.000000000	0.000000000
1000.000000000	-700.000000000	0.272382922	126.530762120	0.000000000	0.000000000	0.000000000	0.000000000	0.000000000
-1000.000000000	-600.000000000	0.260661049	126.450310923	0.000000000	0.000000000	0.000000000	0.000000000	0.000000000
-900.000000000	-600.000000000	0.313101180	126.450310923	0.000000000	0.000000000	0.000000000	0.000000000	0.000000000
-800.000000000	-600.000000000	0.402587335	126.450310923	0.000000000	0.000000000	0.000000000	0.000000000	0.000000000
-700.000000000	-600.000000000	0.525286291	126.450310923	0.000000000	0.000000000	0.000000000	0.000000000	0.000000000
-600.000000000	-600.000000000	0.703289488	126.450310923	0.000000000	0.000000000	0.000000000	0.000000000	0.000000000
-500.000000000	-600.000000000	0.967650882	126.450310923	0.000000000	0.000000000	0.000000000	0.000000000	0.000000000
-400.000000000	-600.000000000	1.279741983	126.450310923	0.000000000	0.000000000	0.000000000	0.000000000	0.000000000
-300.000000000	-600.000000000	1.579543108	126.450310923	0.000000000	0.000000000	0.000000000	0.000000000	0.000000000
-200.000000000	-600.000000000	1.934653695	126.450310923	0.000000000	0.000000000	0.000000000	0.000000000	0.000000000
-100.000000000	-600.000000000	2.198866215	126.450310923	0.000000000	0.000000000	0.000000000	0.000000000	0.000000000
0.000000000	-600.000000000	2.273024596	126.450310923	0.000000000	0.000000000	0.000000000	0.000000000	0.000000000
100.000000000	-600.000000000	2.183431782	126.450310923	0.000000000	0.000000000	0.000000000	0.000000000	0.000000000
200.000000000	-600.000000000	1.951219897	126.450310923	0.000000000	0.000000000	0.000000000	0.000000000	0.000000000
300.000000000	-600.000000000	1.578725262	126.450310923	0.000000000	0.000000000	0.000000000	0.000000000	0.000000000
400.000000000	-600.000000000	1.258777485	126.450310923	0.000000000	0.000000000	0.000000000	0.000000000	0.000000000
500.000000000	-600.000000000	0.962080530	126.450310923	0.000000000	0.000000000	0.000000000	0.000000000	0.000000000
600.000000000	-600.000000000	0.708909744	126.450310923	0.000000000	0.000000000	0.000000000	0.000000000	0.000000000
700.000000000	-600.000000000	0.526989593	126.450310923	0.000000000	0.000000000	0.000000000	0.000000000	0.000000000
800.000000000	-600.000000000	0.401565032	126.450310923	0.000000000	0.000000000	0.000000000	0.000000000	0.000000000
900.000000000	-600.000000000	0.297901865	126.450310923	0.000000000	0.000000000	0.000000000	0.000000000	0.000000000
1000.000000000	-600.000000000	0.243225547	126.450310923	0.000000000	0.000000000	0.000000000	0.000000000	0.000000000
-1000.000000000	-500.000000000	0.237705110	126.218770132	0.000000000	0.000000000	0.000000000	0.000000000	0.000000000
-900.000000000	-500.000000000	0.284729448	126.218770132	0.000000000	0.000000000	0.000000000	0.000000000	0.000000000
-800.000000000	-500.000000000	0.368493921	126.218770132	0.000000000	0.000000000	0.000000000	0.000000000	0.000000000
-700.000000000	-500.000000000	0.487243720	126.218770132	0.000000000	0.000000000	0.000000000	0.000000000	0.000000000
-600.000000000	-500.000000000	0.658692893	126.218770132	0.000000000	0.000000000	0.000000000	0.000000000	0.000000000
-500.000000000	-500.000000000	0.918498170	126.218770132	0.000000000	0.000000000	0.000000000	0.000000000	0.000000000
-400.000000000	-500.000000000	1.210176948	126.218770132	0.000000000	0.000000000	0.000000000	0.000000000	0.000000000
-300.000000000	-500.000000000	1.583057585	126.218770132	0.000000000	0.000000000	0.000000000	0.000000000	0.000000000
-200.000000000	-500.000000000	1.908184802	126.218770132	0.000000000	0.000000000	0.000000000	0.000000000	0.000000000
-100.000000000	-500.000000000	2.151725754	126.218770132	0.000000000	0.000000000	0.000000000	0.000000000	0.000000000
0.000000000	-500.000000000	2.272282416	126.218770132	0.000000000	0.000000000	0.000000000	0.000000000	0.000000000
100.000000000	-500.000000000	2.168642933	126.218770132	0.000000000	0.000000000	0.000000000	0.000000000	0.000000000
200.000000000	-500.000000000	1.883490055	126.218770132	0.000000000	0.000000000	0.000000000	0.000000000	0.000000000
300.000000000	-500.000000000	1.582762967	126.218770132	0.000000000	0.000000000	0.000000000	0.000000000	0.000000000
400.000000000	-500.000000000	1.220725202	126.218770132	0.000000000	0.000000000	0.000000000	0.000000000	0.000000000
500.000000000	-500.000000000	0.894267145	126.218770132	0.000000000	0.000000000	0.000000000	0.000000000	0.000000000
600.000000000	-500.000000000	0.643913762	126.218770132	0.000000000	0.000000000	0.000000000	0.000000000	0.000000000
700.000000000	-500.000000000	0.467546266	126.218770132	0.000000000	0.000000000	0.000000000	0.000000000	0.000000000
800.000000000	-500.000000000	0.360874138	126.218770132	0.000000000	0.000000000	0.000000000	0.000000000	0.000000000
900.000000000	-500.000000000	0.283781201	126.218770132	0.000000000	0.000000000	0.000000000	0.000000000	0.000000000
1000.000000000	-500.000000000	0.237386344	126.218770132	0.000000000	0.000000000	0.000000000	0.000000000	0.000000000
-1000.000000000	-400.000000000	0.231363610	126.269135764	0.000000000	0.000000000	0.000000000	0.000000000	0.000000000
-900.000000000	-400.000000000	0.277420382	126.269135764	0.000000000	0.000000000	0.000000000	0.000000000	0.000000000
-800.000000000	-400.000000000	0.351821522	126.269135764	0.000000000	0.000000000	0.000000000	0.000000000	0.000000000
-700.000000000	-400.000000000	0.472588557	126.269135764	0.000000000	0.000000000	0.000000000	0.000000000	0.000000000
-600.000000000	-400.000000000	0.648867508	126.269135764	0.000000000	0.000000000	0.000000000	0.000000000	0.000000000
-500.000000000	-400.000000000	0.905483513	126.269135764	0.000000000	0.000000000	0.000000000	0.000000000	0.000000000
-400.000000000	-400.000000000	1.220834678	126.269135764	0.000000000	0.000000000	0.000000000	0.000000000	0.000000000
-300.000000000	-400.000000000	1.570728740	126.269135764	0.000000000	0.000000000	0.000000000	0.000000000	0.000000000
-200.000000000	-400.000000000	1.934507192	126.269135764	0.000000000	0.000000000	0.000000000	0.000000000	0.000000000
-100.000000000	-400.000000000	2.250116846	126.269135764	0.000000000	0.000000000	0.000000000	0.000000000	0.000000000
0.000000000	-400.000000000	2.382733575	126.269135764	0.000000000	0.000000000	0.000000000	0.000000000	0.000000000
100.000000000	-400.000000000	2.280807020	126.269135764	0.000000000	0.000000000	0.000000000	0.000000000	0.000000000
200.000000000	-400.000000000	1.959269559	126.269135764	0.000000000	0.000000000	0.000000000	0.000000000	0.000000000
300.000000000	-400.000000000	1.605210228	126.269135764	0.000000000	0.000000000	0.000000000	0.000000000	0.000000000
400.000000000	-400.000000000	1.240229492	126.269135764	0.000000000	0.000000000	0.000000000	0.000000000	0.000000000
500.000000000	-400.000000000	0.903095989	126.269135764	0.000000000	0.000000000	0.000000000	0.000000000	0.000000000
600.000000000	-400.000000000	0.655909329	126.269135764	0.000000000	0.000000000	0.000000000	0.000000000	0.000000000
700.000000000	-400.000000000	0.493857299	126.269135764	0.000000000	0.000000000	0.000000000	0.000000000	0.000000000
800.000000000	-400.000000000	0.370403293	126.269135764	0.000000000	0.000000000	0.000000000	0.000000000	0.000000000
900.000000000	-400.000000000	0.286999444	126.269135764	0.000000000	0.000000000	0.000000000	0.000000000	0.000000000
1000.000000000	-400.000000000	0.228383636	126.269135764	0.000000000	0.000000000	0.000000000	0.000000000	0.000000000
-1000.000000000	-300.000000000	0.228349828	126.470427831	0.000000000	0.000000000	0.000000000	0.000000000	0.000000000
-900.000000000	-300.000000000	0.278565040	126.470427831	0.000000000	0.000000000	0.000000000	0.000000000	0.000000000
-800.000000000	-300.000000000	0.350892594	126.470427831	0.000000000	0.000000000	0.000000000	0.000000000	0.000000000
-700.000000000	-300.000000000	0.476716409	126.470427831	0.000000000	0.000000000	0.000000000	0.000000000	0.000000000
-600.000000000	-300.000000000	0.647032191	126.470427831	0.000000000	0.000000000	0.000000000	0.000000000	0.000000000
-500.000000000	-300.000000000	0.899542879	126.470427831	0.000000000	0.000000000	0.000000000	0.000000000	0.000000000
-400.000000000	-300.000000000	1.217545594	126.470427831	0.000000000	0.000000000	0.000000000	0.000000000	0.000000000
-300.000000000	-300.000000000	1.572449754	126.470427831	0.000000000	0.000000000	0.000000000	0.000000000	0.000000000
-200.000000000	-300.000000000	1.923937987	126.470427831	0.000000000	0.000000000	0.000000000	0.000000000	0.000000000
-100.000000000	-300.000000000	2.272040927	126.470427831	0.000000000	0.000000000	0.000000000	0.000000000	0.000000000
0.000000000	-300.000000000	2.436582673	126.470427831	0.000000000	0.000000000	0.000000000	0.000000000	0.000000000
100.000000000	-300.000000000	2.288521821	126.470427831	0.000000000	0.000000000	0.000000000	0.000000000	0.000000000
200.000000000	-300.000000000	1.991967285	126.470427831	0.000000000	0.000000000	0.000000000	0.000000000	0.000000000
300.000000000	-300.000000000	1.595569965	126.470427831	0.000000000	0.000000000	0.000000000	0.000000000	0.000000000
400.000000000	-300.000000000	1.252350648	126.470427831	0.000000000	0.000000000	0.000000000	0.000000000	0.000000000
500.000000000	-300.000000000	0.916129966	126.470427831	0.000000000	0.000000000	0.000000000	0.000000000	0.000000000
600.000000000	-300.000000000	0.678657601	126.470427831	0.000000000	0.000000000	0.000000000	0.000000000	0.000000000
700.000000000	-300.000000000	0.491131693	126.470427831	0.000000000	0.000000000	0.000000000	0.000000000	0.000000000
800.000000000	-300.000000000	0.365481748	126.470427831	0.000000000	0.000000000	0.000000000	0.000000000	0.000000000
900.000000000	-300.000000000	0.290929274	126.470427831	0.000000000	0.000000000	0.000000000	0.000000000	0.000000000
1000.000000000	-300.000000000	0.234998823	126.470427831	0.000000000	0.000000000	0.000000000	0.000000000	0.000000000
-1000.000000000	-200.000000000	0.232622572	126.540815436	0.000000000	0.000000000	0.000000000	0.000000000	0.000000000
-900.000000000	-200.000000000	0.280987979	126.540815436	0.000000000	0.000000000	0.000000000	0.000000000	0.000000000
-800.000000000	-200.000000000	0.356287458	126.540815436	0.000000000	0.000000000	0.000000000	0.000000000	0.000000000
-700.000000000	-200.000000000	0.472958840	126.540815436	0.000000000	0.000000000	0.000000000	0.000000000	0.000000000
-600.000000000	-200.000000000	0.635975211	126.540815436	0.000000000	0.000000000	0.000000000	0.000000000	0.000000000
-500.000000000	-200.000000000	0.871230689	126.540815436	0.000000000	0.000000000	0.000000000	0.000000000	0.000000000
-400.000000000	-200.000000000	1.029201747	126.540815436	0.000000000	0.000000000	0.000000000	0.000000000	0.000000000
-300.000000000	-200.000000000	1.504958260	126.540815436	0.000000000	0.000000000	0.000000000	0.000000000	0.000000000
-200.000000000	-200.000000000	1.853141235	126.540815436	0.000000000	0.000000000	0.000000000	0.000000000	0.000000000
-100.000000000	-200.000000000	2.221947837	126.540815436	0.000000000	0.000000000	0.000000000	0.000000000	0.000000000
0.000000000	-200.000000000	2.350998542	126.540815436	0.000000000	0.000000000	0.000000000	0.000000000	0.000000000
100.000000000	-200.000000000	2.262989882	126.540815436	0.000000000	0.000000000	0.000000000	0.000000000	0.000000000
200.000000000	-200.000000000	1.937873566	126.540815436	0.000000000	0.000000000	0.000000000	0.000000000	0.000000000
300.000000000	-200.000000000	1.584120142	126.540815436	0.000000000	0.000000000	0.000000000	0.000000000	0.000000000
400.000000000	-200.000000000	1.238270212	126.540815436	0.000000000	0.000000000	0.000000000	0.000000000	0.000000000
500.000000000	-200.000000000	0.913069495	126.540815436	0.000000000	0.000000000	0.000000000	0.000000000	0.000000000
600.000000000	-200.000000000	0.667349472	126.540815436	0.000000000	0.000000000	0.000000000	0.000000000	0.000000000
700.000000000	-200.000000000	0.486412998	126.540815436	0.000000000	0.000000000	0.000000000	0.000000000	0.000000000
800.000000000	-200.000000000	0.369013927	126.540815436	0.000000000	0.000000000	0.000000000	0.000000000	0.000000000
900.000000000	-200.000000000	0.289232412	126.540815436	0.000000000	0.000000000	0.000000000	0.000000000	0.000000000
1000.000000000	-200.000000000	0.236013077	126.540815436	0.000000000	0.000000000	0.000000000	0.000000000	0.000000000
-1000.000000000	-100.000000000	0.233437195	126.440251443	0.000000000	0.000000000	0.000000000	0.000000000	0.000000000
-900.000000000	-100.000000000	0.282179324	126.440251443	0.000000000	0.000000000	0.000000000	0.000000000	0.000000000
-800.000000000	-100.000000000	0.357742831	126.440251443	0.000000000	0.000000000	0.000000000	0.000000000	0.000000000
-700.000000000	-100.000000000	0.468744052	126.440251443	0.000000000	0.000000000	0.000000000	0.000000000	0.000000000
-600.000000000	-100.000000000	0.633465335	126.440251443	0.000000000	0.000000000	0.000000000	0.000000000	0.000000000
-500.000000000	-100.000000000	0.845346270	126.440251443	0.000000000	0.000000000	0.000000000	0.000000000	0.000000000
-400.000000000	-100.000000000	1.140665053	126.440251443	0.000000000	0.000000000	0.000000000	0.000000000	0.000000000
-300.000000000	-100.000000000	1.446844616	126.440251443	0.000000000	0.000000000	0.000000000	0.000000000	0.000000000
-200.000000000	-100.000000000	1.810841887	126.440251443	0.000000000	0.000000000	0.000000000	0.000000000	0.000000000
-100.000000000	-100.000000000	2.084870065	126.440251443	0.000000000	0.000000000	0.000000000	0.000000000	0.000000000
0.000000000	-100.000000000	2.337821228	126.440251443	0.000000000	0.000000000	0.000000000	0.000000000	0.000000000
100.000000000	-100.000000000	2.153438723	126.440251443	0.000000000	0.000000000	0.000000000	0.000000000	0.000000000
200.000000000	-100.000000000	1.859675945	126.440251443	0.000000000	0.000000000	0.000000000	0.000000000	0.000000000
300.000000000	-100.000000000	1.497676545	126.440251443	0.000000000	0.000000000	0.000000000	0.000000000	0.000000000
400.000000000	-100.000000000	1.161840446	126.440251443	0.000000000	0.000000000	0.000000000	0.000000000	0.000000000
500.000000000	-100.000000000	0.877110145	126.440251443	0.000000000	0.000000000	0.000000000	0.000000000	0.000000000
600.000000000	-100.000000000	0.640526475	126.440251443	0.000000000	0.000000000	0.000000000	0.000000000	0.000000000
700.000000000	-100.000000000	0.473256676	126.440251443	0.000000000	0.000000000	0.000000000	0.000000000	0.000000000
800.000000000	-100.000000000	0.356849322	126.440251443	0.000000000	0.000000000	0.000000000	0.000000000	0.000000000
900.000000000	-100.000000000	0.282399884	126.440251443	0.000000000	0.000000000	0.000000000	0.000000000	0.000000000
1000.000000000	-100.000000000	0.233263323	126.440251443	0.000000000	0.000000000	0.000000000	0.000000000	0.000000000
-1000.000000000	0.000000000	0.227747716	126.259063999	0.000000000	0.000000000	0.000000000	0.000000000	0.000000000
-900.000000000	0.000000000	0.270436521	126.259063999	0.000000000	0.000000000	0.000000000	0.000000000	0.000000000
-800.000000000	0.000000000	0.341793290	126.259063999	0.000000000	0.000000000	0.000000000	0.000000000	0.000000000
-700.000000000	0.000000000	0.445145746	126.259063999	0.000000000	0.000000000	0.000000000	0.000000000	0.000000000
-600.000000000	0.000000000	0.609949130	126.259063999	0.000000000	0.000000000	0.000000000	0.000000000	0.000000000
-500.000000000	0.000000000	0.828561164	126.259063999	0.000000000	0.000000000	0.000000000	0.000000000	0.000000000
-400.000000000	0.000000000	1.121783810	126.259063999	0.000000000	0.000000000	0.000000000	0.000000000	0.000000000
-300.000000000	0.000000000	1.439653058	126.259063999	0.000000000	0.000000000	0.000000000	0.000000000	0.000000000
-200.000000000	0.000000000	1.799208522	126.259063999	0.000000000	0.000000000	0.000000000	0.000000000	0.000000000
-100.000000000	0.000000000	2.096928458	126.259063999	0.000000000	0.000000000	0.000000000	0.000000000	0.000000000
0.000000000	0.000000000	2.283360372	126.259063999	0.000000000	0.000000000	0.000000000	0.000000000	0.000000000
100.000000000	0.000000000	2.124648286	126.259063999	0.000000000	0.000000000	0.000000000	0.000000000	0.000000000
200.000000000	0.000000000	1.828283886	126.259063999	0.000000000	0.000000000	0.000000000	0.000000000	0.000000000
300.000000000	0.000000000	1.481776875	126.259063999	0.000000000	0.000000000	0.000000000	0.000000000	0.000000000
400.000000000	0.000000000	1.139427017	126.259063999	0.000000000	0.000000000	0.000000000	0.000000000	0.000000000
500.000000000	0.000000000	0.848704579	126.259063999	0.000000000	0.000000000	0.000000000	0.000000000	0.000000000
600.000000000	0.000000000	0.625699046	126.259063999	0.000000000	0.000000000	0.000000000	0.000000000	0.000000000
700.000000000	0.000000000	0.462768004	126.259063999	0.000000000	0.000000000	0.000000000	0.000000000	0.000000000
800.000000000	0.000000000	0.345246582	126.259063999	0.000000000	0.000000000	0.000000000	0.000000000	0.000000000
900.000000000	0.000000000	0.273712722	126.259063999	0.000000000	0.000000000	0.000000000	0.000000000	0.000000000
1000.000000000	0.000000000	0.225289358	126.259063999	0.000000000	0.000000000	0.000000000	0.000000000	0.000000000
-1000.000000000	100.000000000	0.235832765	126.269135764	0.000000000	0.000000000	0.000000000	0.000000000	0.000000000
-900.000000000	100.000000000	0.271235045	126.269135764	0.000000000	0.000000000	0.000000000	0.000000000	0.000000000
-800.000000000	100.000000000	0.342765685	126.269135764	0.000000000	0.000000000	0.000000000	0.000000000	0.000000000
-700.000000000	100.000000000	0.458121755	126.269135764	0.000000000	0.000000000	0.000000000	0.000000000	0.000000000
-600.000000000	100.000000000	0.619394572	126.269135764	0.000000000	0.000000000	0.000000000	0.000000000	0.000000000
-500.000000000	100.000000000	0.848153984	126.269135764	0.000000000	0.000000000	0.000000000	0.000000000	0.000000000
-400.000000000	100.000000000	1.145861903	126.269135764	0.000000000	0.000000000	0.000000000	0.000000000	0.000000000
-300.000000000	100.000000000	1.486315268	126.269135764	0.000000000	0.000000000	0.000000000	0.000000000	0.000000000
-200.000000000	100.000000000	1.838036852	126.269135764	0.000000000	0.000000000	0.000000000	0.000000000	0.000000000
-100.000000000	100.000000000	2.196108399	126.269135764	0.000000000	0.000000000	0.000000000	0.000000000	0.000000000
0.000000000	100.000000000	2.376392039	126.269135764	0.000000000	0.000000000	0.000000000	0.000000000	0.000000000
100.000000000	100.000000000	2.209939339	126.269135764	0.000000000	0.000000000	0.000000000	0.000000000	0.000000000
200.000000000	100.000000000	1.921381414	126.269135764	0.000000000	0.000000000	0.000000000	0.000000000	0.000000000
300.000000000	100.000000000	1.563044540	126.269135764	0.000000000	0.000000000	0.000000000	0.000000000	0.000000000
400.000000000	100.000000000	1.192540177	126.269135764	0.000000000	0.000000000	0.000000000	0.000000000	0.000000000
500.000000000	100.000000000	0.896152371	126.269135764	0.000000000	0.000000000	0.000000000	0.000000000	0.000000000
600.000000000	100.000000000	0.652200057	126.269135764	0.000000000	0.000000000	0.000000000	0.000000000	0.000000000
700.000000000	100.000000000	0.477798280	126.269135764	0.000000000	0.000000000	0.000000000	0.000000000	0.000000000
800.000000000	100.000000000	0.360041806	126.269135764	0.000000000	0.000000000	0.000000000	0.000000000	0.000000000
900.000000000	100.000000000	0.277241680	126.269135764	0.000000000	0.000000000	0.000000000	0.000000000	0.000000000
1000.000000000	100.000000000	0.232083247	126.269135764	0.000000000	0.000000000	0.000000000	0.000000000	0.000000000
-1000.000000000	200.000000000	0.234826561	126.470427831	0.000000000	0.000000000	0.000000000	0.000000000	0.000000000
-900.000000000	200.000000000	0.283523613	126.470427831	0.000000000	0.000000000	0.000000000	0.000000000	0.000000000
-800.000000000	200.000000000	0.358797333	126.470427831	0.000000000	0.000000000	0.000000000	0.000000000	0.000000000
-700.000000000	200.000000000	0.474721710	126.470427831	0.000000000	0.000000000	0.000000000	0.000000000	0.000000000
-600.000000000	200.000000000	0.650887966	126.470427831	0.000000000	0.000000000	0.000000000	0.000000000	0.000000000
-500.000000000	200.000000000	0.888046384	126.470427831	0.000000000	0.000000000	0.000000000	0.000000000	0.000000000
-400.000000000	200.000000000	1.212488806	126.470427831	0.000000000	0.000000000	0.000000000	0.000000000	0.000000000
-300.000000000	200.000000000	1.569147787	126.470427831	0.000000000	0.000000000	0.000000000	0.000000000	0.000000000
-200.000000000	200.000000000	1.891824674	126.470427831	0.000000000	0.000000000	0.000000000	0.000000000	0.000000000
-100.000000000	200.000000000	2.241194595	126.470427831	0.000000000	0.000000000	0.000000000	0.000000000	0.000000000
0.000000000	200.000000000	2.379064531	126.470427831	0.000000000	0.000000000	0.000000000	0.000000000	0.000000000
100.000000000	200.000000000	2.272841063	126.470427831	0.000000000	0.000000000	0.000000000	0.000000000	0.000000000
200.000000000	200.000000000	1.979425913	126.470427831	0.000000000	0.000000000	0.000000000	0.000000000	0.000000000
300.000000000	200.000000000	1.639245772	126.470427831	0.000000000	0.000000000	0.000000000	0.000000000	0.000000000
400.000000000	200.000000000	1.239603230	126.470427831	0.000000000	0.000000000	0.000000000	0.000000000	0.000000000
500.000000000	200.000000000	0.943237933	126.470427831	0.000000000	0.000000000	0.000000000	0.000000000	0.000000000
600.000000000	200.000000000	0.694442937	126.470427831	0.000000000	0.000000000	0.000000000	0.000000000	0.000000000
700.000000000	200.000000000	0.505645183	126.470427831	0.000000000	0.000000000	0.000000000	0.000000000	0.000000000
800.000000000	200.000000000	0.376215128	126.470427831	0.000000000	0.000000000	0.000000000	0.000000000	0.000000000
900.000000000	200.000000000	0.293511596	126.470427831	0.000000000	0.000000000	0.000000000	0.000000000	0.000000000
1000.000000000	200.000000000	0.238970512	126.470427831	0.000000000	0.000000000	0.000000000	0.000000000	0.000000000
-1000.000000000	300.000000000	0.249491380	126.530762120	0.000000000	0.000000000	0.000000000	0.000000000	0.000000000
-900.000000000	300.000000000	0.304125841	126.530762120	0.000000000	0.000000000	0.000000000	0.000000000	0.000000000
-800.000000000	300.000000000	0.386269120	126.530762120	0.000000000	0.000000000	0.000000000	0.000000000	0.000000000
-700.000000000	300.000000000	0.507367805	126.530762120	0.000000000	0.000000000	0.000000000	0.000000000	0.000000000
-600.000000000	300.000000000	0.679927833	126.530762120	0.000000000	0.000000000	0.000000000	0.000000000	0.000000000
-500.000000000	300.000000000	0.932718663	126.530762120	0.000000000	0.000000000	0.000000000	0.000000000	0.000000000
-400.000000000	300.000000000	1.247675414	126.530762120	0.000000000	0.000000000	0.000000000	0.000000000	0.000000000
-300.000000000	300.000000000	1.569489091	126.530762120	0.000000000	0.000000000	0.000000000	0.000000000	0.000000000
-200.000000000	300.000000000	1.959982759	126.530762120	0.000000000	0.000000000	0.000000000	0.000000000	0.000000000
-100.000000000	300.000000000	2.265036103	126.530762120	0.000000000	0.000000000	0.000000000	0.000000000	0.000000000
0.000000000	300.000000000	2.386879154	126.530762120	0.000000000	0.000000000	0.000000000	0.000000000	0.000000000
100.000000000	300.000000000	2.272515857	126.530762120	0.000000000	0.000000000	0.000000000	0.000000000	0.000000000
200.000000000	300.000000000	1.954566946	126.530762120	0.000000000	0.000000000	0.000000000	0.000000000	0.000000000
300.000000000	300.000000000	1.644685727	126.530762120	0.000000000	0.000000000	0.000000000	0.000000000	0.000000000
400.000000000	300.000000000	1.293853011	126.530762120	0.000000000	0.000000000	0.000000000	0.000000000	0.000000000
500.000000000	300.000000000	0.970513333	126.530762120	0.000000000	0.000000000	0.000000000	0.000000000	0.000000000
600.000000000	300.000000000	0.738796435	126.530762120	0.000000000	0.000000000	0.000000000	0.000000000	0.000000000
700.000000000	300.000000000	0.535034398	126.530762120	0.000000000	0.000000000	0.000000000	0.000000000	0.000000000
800.000000000	300.000000000	0.405755671	126.530762120	0.000000000	0.000000000	0.000000000	0.000000000	0.000000000
900.000000000	300.000000000	0.317509159	126.530762120	0.000000000	0.000000000	0.000000000	0.000000000	0.000000000
1000.000000000	300.000000000	0.253042877	126.530762120	0.000000000	0.000000000	0.000000000	0.000000000	0.000000000
-1000.000000000	400.000000000	0.258545606	126.480485259	0.000000000	0.000000000	0.000000000	0.000000000	0.000000000
-900.000000000	400.000000000	0.313535861	126.480485259	0.000000000	0.000000000	0.000000000	0.000000000	0.000000000
-800.000000000	400.000000000	0.392130862	126.480485259	0.000000000	0.000000000	0.000000000	0.000000000	0.000000000
-700.000000000	400.000000000	0.508393328	126.480485259	0.000000000	0.000000000	0.000000000	0.000000000	0.000000000
-600.000000000	400.000000000	0.696764452	126.480485259	0.000000000	0.000000000	0.000000000	0.000000000	0.000000000
-500.000000000	400.000000000	0.916377895	126.480485259	0.000000000	0.000000000	0.000000000	0.000000000	0.000000000
-400.000000000	400.000000000	1.227356500	126.480485259	0.000000000	0.000000000	0.000000000	0.000000000	0.000000000
-300.000000000	400.000000000	1.543680298	126.480485259	0.000000000	0.000000000	0.000000000	0.000000000	0.000000000
-200.000000000	400.000000000	1.880099538	126.480485259	0.000000000	0.000000000	0.000000000	0.000000000	0.000000000
-100.000000000	400.000000000	2.172015743	126.480485259	0.000000000	0.000000000	0.000000000	0.000000000	0.000000000
0.000000000	400.000000000	2.317272031	126.480485259	0.000000000	0.000000000	0.000000000	0.000000000	0.000000000
100.000000000	400.000000000	2.215345497	126.480485259	0.000000000	0.000000000	0.000000000	0.000000000	0.000000000
200.000000000	400.000000000	1.962906395	126.480485259	0.000000000	0.000000000	0.000000000	0.000000000	0.000000000
300.000000000	400.000000000	1.631634020	126.480485259	0.000000000	0.000000000	0.000000000	0.000000000	0.000000000
400.000000000	400.000000000	1.313403994	126.480485259	0.000000000	0.000000000	0.000000000	0.000000000	0.000000000
500.000000000	400.000000000	0.991522896	126.480485259	0.000000000	0.000000000	0.000000000	0.000000000	0.000000000
600.000000000	400.000000000	0.736218942	126.480485259	0.000000000	0.000000000	0.000000000	0.000000000	0.000000000
700.000000000	400.000000000	0.549406215	126.480485259	0.000000000	0.000000000	0.000000000	0.000000000	0.000000000
800.000000000	400.000000000	0.421293073	126.480485259	0.000000000	0.000000000	0.000000000	0.000000000	0.000000000
900.000000000	400.000000000	0.323182540	126.480485259	0.000000000	0.000000000	0.000000000	0.000000000	0.000000000
1000.000000000	400.000000000	0.263742448	126.480485259	0.000000000	0.000000000	0.000000000	0.000000000	0.000000000
-1000.000000000	500.000000000	0.266170217	126.339619045	0.000000000	0.000000000	0.000000000	0.000000000	0.000000000
-900.000000000	500.000000000	0.321141153	126.339619045	0.000000000	0.000000000	0.000000000	0.000000000	0.000000000
-800.000000000	500.000000000	0.397511237	126.339619045	0.000000000	0.000000000	0.000000000	0.000000000	0.000000000
-700.000000000	500.000000000	0.528407939	126.339619045	0.000000000	0.000000000	0.000000000	0.000000000	0.000000000
-600.000000000	500.000000000	0.702874126	126.339619045	0.000000000	0.000000000	0.000000000	0.000000000	0.000000000
-500.000000000	500.000000000	0.960346639	126.339619045	0.000000000	0.000000000	0.000000000	0.000000000	0.000000000
-400.000000000	500.000000000	1.237140039	126.339619045	0.000000000	0.000000000	0.000000000	0.000000000	0.000000000
-300.000000000	500.000000000	1.582141535	126.339619045	0.000000000	0.000000000	0.000000000	0.000000000	0.000000000
-200.000000000	500.000000000	1.879096552	126.339619045	0.000000000	0.000000000	0.000000000	0.000000000	0.000000000
-100.000000000	500.000000000	2.175610727	126.339619045	0.000000000	0.000000000	0.000000000	0.000000000	0.000000000
0.000000000	500.000000000	2.283370032	126.339619045	0.000000000	0.000000000	0.000000000	0.000000000	0.000000000
100.000000000	500.000000000	2.239452647	126.339619045	0.000000000	0.000000000	0.000000000	0.000000000	0.000000000
200.000000000	500.000000000	1.957218508	126.339619045	0.000000000	0.000000000	0.000000000	0.000000000	0.000000000
300.000000000	500.000000000	1.673604914	126.339619045	0.000000000	0.000000000	0.000000000	0.000000000	0.000000000
400.000000000	500.000000000	1.317312901	126.339619045	0.000000000	0.000000000	0.000000000	0.000000000	0.000000000
500.000000000	500.000000000	0.999915451	126.339619045	0.000000000	0.000000000	0.000000000	0.000000000	0.000000000
600.000000000	500.000000000	0.772150912	126.339619045	0.000000000	0.000000000	0.000000000	0.000000000	0.000000000
700.000000000	500.000000000	0.581419613	126.339619045	0.000000000	0.000000000	0.000000000	0.000000000	0.000000000
800.000000000	500.000000000	0.412826469	126.339619045	0.000000000	0.000000000	0.000000000	0.000000000	0.000000000
900.000000000	500.000000000	0.324621814	126.339619045	0.000000000	0.000000000	0.000000000	0.000000000	0.000000000
1000.000000000	500.000000000	0.261937720	126.339619045	0.000000000	0.000000000	0.000000000	0.000000000	0.000000000
-1000.000000000	600.000000000	0.270861542	126.309416015	0.000000000	0.000000000	0.000000000	0.000000000	0.000000000
-900.000000000	600.000000000	0.333767806	126.309416015	0.000000000	0.000000000	0.000000000	0.000000000	0.000000000
-800.000000000	600.000000000	0.428164240	126.309416015	0.000000000	0.000000000	0.000000000	0.000000000	0.000000000
-700.000000000	600.000000000	0.562496531	126.309416015	0.000000000	0.000000000	0.000000000	0.000000000	0.000000000
-600.000000000	600.000000000	0.757698593	126.309416015	0.000000000	0.000000000	0.000000000	0.000000000	0.000000000
-500.000000000	600.000000000	1.010135276	126.309416015	0.000000000	0.000000000	0.000000000	0.000000000	0.000000000
-400.000000000	600.000000000	1.308971857	126.309416015	0.000000000	0.000000000	0.000000000	0.000000000	0.000000000
-300.000000000	600.000000000	1.641317753	126.309416015	0.000000000	0.000000000	0.000000000	0.000000000	0.000000000
-200.000000000	600.000000000	1.980511007	126.309416015	0.000000000	0.000000000	0.000000000	0.000000000	0.000000000
-100.000000000	600.000000000	2.189250082	126.309416015	0.000000000	0.000000000	0.000000000	0.000000000	0.000000000
0.000000000	600.000000000	2.322361028	126.309416015	0.000000000	0.000000000	0.000000000	0.000000000	0.000000000
100.000000000	600.000000000	2.243157101	126.309416015	0.000000000	0.000000000	0.000000000	0.000000000	0.000000000
200.000000000	600.000000000	2.048292386	126.309416015	0.000000000	0.000000000	0.000000000	0.000000000	0.000000000
300.000000000	600.000000000	1.716646419	126.309416015	0.000000000	0.000000000	0.000000000	0.000000000	0.000000000
400.000000000	600.000000000	1.361020878	126.309416015	0.000000000	0.000000000	0.000000000	0.000000000	0.000000000
500.000000000	600.000000000	1.040086381	126.309416015	0.000000000	0.000000000	0.000000000	0.000000000	0.000000000
600.000000000	600.000000000	0.816860210	126.309416015	0.000000000	0.000000000	0.000000000	0.000000000	0.000000000
700.000000000	600.000000000	0.578685957	126.309416015	0.000000000	0.000000000	0.000000000	0.000000000	0.000000000
800.000000000	600.000000000	0.435333243	126.309416015	0.000000000	0.000000000	0.000000000	0.000000000	0.000000000
900.000000000	600.000000000	0.350758970	126.309416015	0.000000000	0.000000000	0.000000000	0.000000000	0.000000000
1000.000000000	600.000000000	0.275232492	126.309416015	0.000000000	0.000000000	0.000000000	0.000000000	0.000000000
-1000.000000000	700.000000000	0.293379582	126.369815936	0.000000000	0.000000000	0.000000000	0.000000000	0.000000000
-900.000000000	700.000000000	0.357874845	126.369815936	0.000000000	0.000000000	0.000000000	0.000000000	0.000000000
-800.000000000	700.000000000	0.468391478	126.369815936	0.000000000	0.000000000	0.000000000	0.000000000	0.000000000
-700.000000000	700.000000000	0.596839494	126.369815936	0.000000000	0.000000000	0.000000000	0.000000000	0.000000000
-600.000000000	700.000000000	0.771213934	126.369815936	0.000000000	0.000000000	0.000000000	0.000000000	0.000000000
-500.000000000	700.000000000	1.073738714	126.369815936	0.000000000	0.000000000	0.000000000	0.000000000	0.000000000
-400.000000000	700.000000000	1.345378801	126.369815936	0.000000000	0.000000000	0.000000000	0.000000000	0.000000000
-300.000000000	700.000000000	1.658436147	126.369815936	0.000000000	0.000000000	0.000000000	0.000000000	0.000000000
-200.000000000	700.000000000	1.983365417	126.369815936	0.000000000	0.000000000	0.000000000	0.000000000	0.000000000
-100.000000000	700.000000000	2.228157349	126.369815936	0.000000000	0.000000000	0.000000000	0.000000000	0.000000000
0.000000000	700.000000000	2.332851361	126.369815936	0.000000000	0.000000000	0.000000000	0.000000000	0.000000000
100.000000000	700.000000000	2.270675702	126.369815936	0.000000000	0.000000000	0.000000000	0.000000000	0.000000000
200.000000000	700.000000000	2.064840887	126.369815936	0.000000000	0.000000000	0.000000000	0.000000000	0.000000000
300.000000000	700.000000000	1.801531657	126.369815936	0.000000000	0.000000000	0.000000000	0.000000000	0.000000000
400.000000000	700.000000000	1.463187015	126.369815936	0.000000000	0.000000000	0.000000000	0.000000000	0.000000000
500.000000000	700.000000000	1.126479972	126.369815936	0.000000000	0.000000000	0.000000000	0.000000000	0.000000000
600.000000000	700.000000000	0.835540201	126.369815936	0.000000000	0.000000000	0.000000000	0.000000000	0.000000000
700.000000000	700.000000000	0.627429718	126.369815936	0.000000000	0.000000000	0.000000000	0.000000000	0.000000000
800.000000000	700.000000000	0.475847049	126.369815936	0.000000000	0.000000000	0.000000000	0.000000000	0.000000000
900.000000000	700.000000000	0.376997553	126.369815936	0.000000000	0.000000000	0.000000000	0.000000000	0.000000000
1000.000000000	700.000000000	0.285936894	126.369815936	0.000000000	0.000000000	0.000000000	0.000000000	0.000000000
-1000.000000000	800.000000000	0.315128078	126.460369720	0.000000000	0.000000000	0.000000000	0.000000000	0.000000000
-900.000000000	800.000000000	0.372874531	126.460369720	0.000000000	0.000000000	0.000000000	0.000000000	0.000000000
-800.000000000	800.000000000	0.466358140	126.460369720	0.000000000	0.000000000	0.000000000	0.000000000	0.000000000
-700.000000000	800.000000000	0.659291786	126.460369720	0.000000000	0.000000000	0.000000000	0.000000000	0.000000000
-600.000000000	800.000000000	0.874614757	126.460369720	0.000000000	0.000000000	0.000000000	0.000000000	0.000000000
-500.000000000	800.000000000	1.125427078	126.460369720	0.000000000	0.000000000	0.000000000	0.000000000	0.000000000
-400.000000000	800.000000000	1.462246814	126.460369720	0.000000000	0.000000000	0.000000000	0.000000000	0.000000000
-300.000000000	800.000000000	1.729021958	126.460369720	0.000000000	0.000000000	0.000000000	0.000000000	0.000000000
-200.000000000	800.000000000	2.053558476	126.460369720	0.000000000	0.000000000	0.000000000	0.000000000	0.000000000
-100.000000000	800.000000000	2.272659142	126.460369720	0.000000000	0.000000000	0.000000000	0.000000000	0.000000000
0.000000000	800.000000000	2.332435997	126.460369720	0.000000000	0.000000000	0.000000000	0.000000000	0.000000000
100.000000000	800.000000000	2.287174311	126.460369720	0.000000000	0.000000000	0.000000000	0.000000000	0.000000000
200.000000000	800.000000000	2.084596372	126.460369720	0.000000000	0.000000000	0.000000000	0.000000000	0.000000000
300.000000000	800.000000000	1.819039660	126.460369720	0.000000000	0.000000000	0.000000000	0.000000000	0.000000000
400.000000000	800.000000000	1.541692036	126.460369720	0.000000000	0.000000000	0.000000000	0.000000000	0.000000000
500.000000000	800.000000000	1.171116855	126.460369720	0.000000000	0.000000000	0.000000000	0.000000000	0.000000000
600.000000000	800.000000000	0.902724097	126.460369720	0.000000000	0.000000000	0.000000000	0.000000000	0.000000000
700.000000000	800.000000000	0.704358479	126.460369720	0.000000000	0.000000000	0.000000000	0.000000000	0.000000000
800.000000000	800.000000000	0.570140488	126.460369720	0.000000000	0.000000000	0.000000000	0.000000000	0.000000000
900.000000000	800.000000000	0.422109306	126.460369720	0.000000000	0.000000000	0.000000000	0.000000000	0.000000000
1000.000000000	800.000000000	0.326827413	126.460369720	0.000000000	0.000000000	0.000000000	0.000000000	0.000000000
-1000.000000000	900.000000000	0.345983928	126.581021839	0.000000000	0.000000000	0.000000000	0.000000000	0.000000000
-900.000000000	900.000000000	0.420341606	126.581021839	0.000000000	0.000000000	0.000000000	0.000000000	0.000000000
-800.000000000	900.000000000	0.567551702	126.581021839	0.000000000	0.000000000	0.000000000	0.000000000	0.000000000
-700.000000000	900.000000000	0.689626035	126.581021839	0.000000000	0.000000000	0.000000000	0.000000000	0.000000000
-600.000000000	900.000000000	0.918221262	126.581021839	0.000000000	0.000000000	0.000000000	0.000000000	0.000000000
-500.000000000	900.000000000	1.184793199	126.581021839	0.000000000	0.000000000	0.000000000	0.000000000	0.000000000
-400.000000000	900.000000000	1.567549125	126.581021839	0.000000000	0.000000000	0.000000000	0.000000000	0.000000000
-300.000000000	900.000000000	1.865376720	126.581021839	0.000000000	0.000000000	0.000000000	0.000000000	0.000000000
-200.000000000	900.000000000	2.149240016	126.581021839	0.000000000	0.000000000	0.000000000	0.000000000	0.000000000
-100.000000000	900.000000000	2.335678406	126.581021839	0.000000000	0.000000000	0.000000000	0.000000000	0.000000000
0.000000000	900.000000000	2.468452948	126.581021839	0.000000000	0.000000000	0.000000000	0.000000000	0.000000000
100.000000000	900.000000000	2.401891795	126.581021839	0.000000000	0.000000000	0.000000000	0.000000000	0.000000000
200.000000000	900.000000000	2.223150455	126.581021839	0.000000000	0.000000000	0.000000000	0.000000000	0.000000000
300.000000000	900.000000000	1.888492114	126.581021839	0.000000000	0.000000000	0.000000000	0.000000000	0.000000000
400.000000000	900.000000000	1.618279646	126.581021839	0.000000000	0.000000000	0.000000000	0.000000000	0.000000000
500.000000000	900.000000000	1.324037839	126.581021839	0.000000000	0.000000000	0.000000000	0.000000000	0.000000000
600.000000000	900.000000000	0.955454067	126.581021839	0.000000000	0.000000000	0.000000000	0.000000000	0.000000000
700.000000000	900.000000000	0.710682274	126.581021839	0.000000000	0.000000000	0.000000000	0.000000000	0.000000000
800.000000000	900.000000000	0.598141925	126.581021839	0.000000000	0.000000000	0.000000000	0.000000000	0.000000000
900.000000000	900.000000000	0.456957778	126.581021839	0.000000000	0.000000000	0.000000000	0.000000000	0.000000000
1000.000000000	900.000000000	0.351126033	126.581021839	0.000000000	0.000000000	0.000000000	0.000000000	0.000000000
-1000.000000000	1000.000000000	0.374030458	126.450310923	0.000000000	0.000000000	0.000000000	0.000000000	0.000000000
-900.000000000	1000.000000000	0.456033680	126.450310923	0.000000000	0.000000000	0.000000000	0.000000000	0.000000000
-800.000000000	1000.000000000	0.572907929	126.450310923	0.000000000	0.000000000	0.000000000	0.000000000	0.000000000
-700.000000000	1000.000000000	0.742125765	126.450310923	0.000000000	0.000000000	0.000000000	0.000000000	0.000000000
-600.000000000	1000.000000000	0.955341371	126.450310923	0.000000000	0.000000000	0.000000000	0.000000000	0.000000000
-500.000000000	1000.000000000	1.230698715	126.450310923	0.000000000	0.000000000	0.000000000	0.000000000	0.000000000
-400.000000000	1000.000000000	1.534371684	126.450310923	0.000000000	0.000000000	0.000000000	0.000000000	0.000000000
-300.000000000	1000.000000000	1.842868258	126.450310923	0.000000000	0.000000000	0.000000000	0.000000000	0.000000000
-200.000000000	1000.000000000	2.075973571	126.450310923	0.000000000	0.000000000	0.000000000	0.000000000	0.000000000
-100.000000000	1000.000000000	2.302100006	126.450310923	0.000000000	0.000000000	0.000000000	0.000000000	0.000000000
0.000000000	1000.000000000	2.353756360	126.450310923	0.000000000	0.000000000	0.000000000	0.000000000	0.000000000
100.000000000	1000.000000000	2.289462023	126.450310923	0.000000000	0.000000000	0.000000000	0.000000000	0.000000000
200.000000000	1000.000000000	2.218119411	126.450310923	0.000000000	0.000000000	0.000000000	0.000000000	0.000000000
300.000000000	1000.000000000	1.940927601	126.450310923	0.000000000	0.000000000	0.000000000	0.000000000	0.000000000
400.000000000	1000.000000000	1.498298068	126.450310923	0.000000000	0.000000000	0.000000000	0.000000000	0.000000000
500.000000000	1000.000000000	1.336042823	126.450310923	0.000000000	0.000000000	0.000000000	0.000000000	0.000000000
600.000000000	1000.000000000	1.018975391	126.450310923	0.000000000	0.000000000	0.000000000	0.000000000	0.000000000
700.000000000	1000.000000000	0.767222925	126.450310923	0.000000000	0.000000000	0.000000000	0.000000000	0.000000000
800.000000000	1000.000000000	0.629712595	126.450310923	0.000000000	0.000000000	0.000000000	0.000000000	0.000000000
900.000000000	1000.000000000	0.476650402	126.450310923	0.000000000	0.000000000	0.000000000	0.000000000	0.000000000
1000.000000000	1000.000000000	0.396717543	126.450310923	0.000000000	0.000000000	0.000000000	0.000000000	0.000000000
