Set Temp (deg C)	123.000000	Laser Power (uW)	1287	Laser Detuning (GHz)	14
X  Field (nT)	Z  Field (nT)	Photodiode Voltage (V)	Temperature (C) 2D	Y  Field (nT)	Photodiode Voltage (V)	Temperature (C) 1D	Frequency (Hz)	Photodiode Voltage (V)		
-1000.000000000	-1000.000000000	2.279296898	123.464128494	-1000.000000000	NaN	123.464128494	0.000000000	0.000000000
-900.000000000	-1000.000000000	2.279998830	123.464128494	-960.000000000	NaN	123.464128494	0.000000000	0.000000000
-800.000000000	-1000.000000000	2.280877854	123.464128494	-920.000000000	NaN	123.464128494	0.000000000	0.000000000
-700.000000000	-1000.000000000	2.281479969	123.464128494	-880.000000000	NaN	123.464128494	0.000000000	0.000000000
-600.000000000	-1000.000000000	2.282492618	123.464128494	-840.000000000	NaN	123.464128494	0.000000000	0.000000000
-500.000000000	-1000.000000000	2.284352091	123.464128494	-800.000000000	NaN	123.464128494	0.000000000	0.000000000
-400.000000000	-1000.000000000	2.283159130	123.464128494	-760.000000000	NaN	123.464128494	0.000000000	0.000000000
-300.000000000	-1000.000000000	2.285680287	123.464128494	-720.000000000	NaN	123.464128494	0.000000000	0.000000000
-200.000000000	-1000.000000000	2.286126239	123.464128494	-680.000000000	NaN	123.464128494	0.000000000	0.000000000
-100.000000000	-1000.000000000	2.286655907	123.464128494	-640.000000000	NaN	123.464128494	0.000000000	0.000000000
0.000000000	-1000.000000000	2.286973064	123.464128494	-600.000000000	NaN	123.464128494	0.000000000	0.000000000
100.000000000	-1000.000000000	2.287114738	123.464128494	-560.000000000	NaN	123.464128494	0.000000000	0.000000000
200.000000000	-1000.000000000	2.287718464	123.464128494	-520.000000000	NaN	123.464128494	0.000000000	0.000000000
300.000000000	-1000.000000000	2.287343349	123.464128494	-480.000000000	NaN	123.464128494	0.000000000	0.000000000
400.000000000	-1000.000000000	2.288903375	123.464128494	-440.000000000	NaN	123.464128494	0.000000000	0.000000000
500.000000000	-1000.000000000	2.287694315	123.464128494	-400.000000000	NaN	123.464128494	0.000000000	0.000000000
600.000000000	-1000.000000000	2.289349327	123.464128494	-360.000000000	NaN	123.464128494	0.000000000	0.000000000
700.000000000	-1000.000000000	2.290907743	123.464128494	-320.000000000	NaN	123.464128494	0.000000000	0.000000000
800.000000000	-1000.000000000	2.290300798	123.464128494	-280.000000000	NaN	123.464128494	0.000000000	0.000000000
900.000000000	-1000.000000000	2.290658203	123.464128494	-240.000000000	NaN	123.464128494	0.000000000	0.000000000
1000.000000000	-1000.000000000	2.290361975	123.464128494	-200.000000000	NaN	123.464128494	0.000000000	0.000000000
-1000.000000000	-900.000000000	1.004439349	122.415137480	-160.000000000	NaN	123.464128494	0.000000000	0.000000000
-900.000000000	-900.000000000	1.147898462	122.415137480	-120.000000000	NaN	123.464128494	0.000000000	0.000000000
-800.000000000	-900.000000000	1.211447182	122.415137480	-80.000000000	NaN	123.464128494	0.000000000	0.000000000
-700.000000000	-900.000000000	1.371775205	122.415137480	-40.000000000	NaN	123.464128494	0.000000000	0.000000000
-600.000000000	-900.000000000	1.516596442	122.415137480	0.000000000	NaN	123.464128494	0.000000000	0.000000000
-500.000000000	-900.000000000	1.607892372	122.415137480	40.000000000	NaN	123.464128494	0.000000000	0.000000000
-400.000000000	-900.000000000	1.719043605	122.415137480	80.000000000	NaN	123.464128494	0.000000000	0.000000000
-300.000000000	-900.000000000	1.852922280	122.415137480	120.000000000	NaN	123.464128494	0.000000000	0.000000000
-200.000000000	-900.000000000	1.923300454	122.415137480	160.000000000	NaN	123.464128494	0.000000000	0.000000000
-100.000000000	-900.000000000	1.993981309	122.415137480	200.000000000	NaN	123.464128494	0.000000000	0.000000000
0.000000000	-900.000000000	2.006524294	122.415137480	240.000000000	NaN	123.464128494	0.000000000	0.000000000
100.000000000	-900.000000000	1.995533284	122.415137480	280.000000000	NaN	123.464128494	0.000000000	0.000000000
200.000000000	-900.000000000	1.917496648	122.415137480	320.000000000	NaN	123.464128494	0.000000000	0.000000000
300.000000000	-900.000000000	1.830352648	122.415137480	360.000000000	NaN	123.464128494	0.000000000	0.000000000
400.000000000	-900.000000000	1.709493494	122.415137480	400.000000000	NaN	123.464128494	0.000000000	0.000000000
500.000000000	-900.000000000	1.615571742	122.415137480	440.000000000	NaN	123.464128494	0.000000000	0.000000000
600.000000000	-900.000000000	1.475045758	122.415137480	480.000000000	NaN	123.464128494	0.000000000	0.000000000
700.000000000	-900.000000000	1.368296146	122.415137480	520.000000000	NaN	123.464128494	0.000000000	0.000000000
800.000000000	-900.000000000	1.224210699	122.415137480	560.000000000	NaN	123.464128494	0.000000000	0.000000000
900.000000000	-900.000000000	1.087001304	122.415137480	600.000000000	NaN	123.464128494	0.000000000	0.000000000
1000.000000000	-900.000000000	1.029966371	122.415137480	640.000000000	NaN	123.464128494	0.000000000	0.000000000
-1000.000000000	-800.000000000	0.969433072	121.027409025	680.000000000	NaN	123.464128494	0.000000000	0.000000000
-900.000000000	-800.000000000	1.058301110	121.027409025	720.000000000	NaN	123.464128494	0.000000000	0.000000000
-800.000000000	-800.000000000	1.126140278	121.027409025	760.000000000	NaN	123.464128494	0.000000000	0.000000000
-700.000000000	-800.000000000	1.272651855	121.027409025	800.000000000	NaN	123.464128494	0.000000000	0.000000000
-600.000000000	-800.000000000	1.406981144	121.027409025	840.000000000	NaN	123.464128494	0.000000000	0.000000000
-500.000000000	-800.000000000	1.558407941	121.027409025	880.000000000	NaN	123.464128494	0.000000000	0.000000000
-400.000000000	-800.000000000	1.680529227	121.027409025	920.000000000	NaN	123.464128494	0.000000000	0.000000000
-300.000000000	-800.000000000	1.834512711	121.027409025	960.000000000	NaN	123.464128494	0.000000000	0.000000000
-200.000000000	-800.000000000	1.927946717	121.027409025	1000.000000000	NaN	123.464128494	0.000000000	0.000000000
-100.000000000	-800.000000000	1.976972373	121.027409025	0.000000000	0.000000000	0.000000000	0.000000000	0.000000000
0.000000000	-800.000000000	1.996228776	121.027409025	0.000000000	0.000000000	0.000000000	0.000000000	0.000000000
100.000000000	-800.000000000	1.977196154	121.027409025	0.000000000	0.000000000	0.000000000	0.000000000	0.000000000
200.000000000	-800.000000000	1.924760661	121.027409025	0.000000000	0.000000000	0.000000000	0.000000000	0.000000000
300.000000000	-800.000000000	1.826648195	121.027409025	0.000000000	0.000000000	0.000000000	0.000000000	0.000000000
400.000000000	-800.000000000	1.693522979	121.027409025	0.000000000	0.000000000	0.000000000	0.000000000	0.000000000
500.000000000	-800.000000000	1.552715227	121.027409025	0.000000000	0.000000000	0.000000000	0.000000000	0.000000000
600.000000000	-800.000000000	1.410832096	121.027409025	0.000000000	0.000000000	0.000000000	0.000000000	0.000000000
700.000000000	-800.000000000	1.203278402	121.027409025	0.000000000	0.000000000	0.000000000	0.000000000	0.000000000
800.000000000	-800.000000000	1.085579737	121.027409025	0.000000000	0.000000000	0.000000000	0.000000000	0.000000000
900.000000000	-800.000000000	0.988654003	121.027409025	0.000000000	0.000000000	0.000000000	0.000000000	0.000000000
1000.000000000	-800.000000000	0.927708567	121.027409025	0.000000000	0.000000000	0.000000000	0.000000000	0.000000000
-1000.000000000	-700.000000000	0.815142417	120.496449557	0.000000000	0.000000000	0.000000000	0.000000000	0.000000000
-900.000000000	-700.000000000	0.891470701	120.496449557	0.000000000	0.000000000	0.000000000	0.000000000	0.000000000
-800.000000000	-700.000000000	1.043890642	120.496449557	0.000000000	0.000000000	0.000000000	0.000000000	0.000000000
-700.000000000	-700.000000000	1.144004046	120.496449557	0.000000000	0.000000000	0.000000000	0.000000000	0.000000000
-600.000000000	-700.000000000	1.278695528	120.496449557	0.000000000	0.000000000	0.000000000	0.000000000	0.000000000
-500.000000000	-700.000000000	1.447615772	120.496449557	0.000000000	0.000000000	0.000000000	0.000000000	0.000000000
-400.000000000	-700.000000000	1.589650251	120.496449557	0.000000000	0.000000000	0.000000000	0.000000000	0.000000000
-300.000000000	-700.000000000	1.763864089	120.496449557	0.000000000	0.000000000	0.000000000	0.000000000	0.000000000
-200.000000000	-700.000000000	1.864988718	120.496449557	0.000000000	0.000000000	0.000000000	0.000000000	0.000000000
-100.000000000	-700.000000000	1.954642612	120.496449557	0.000000000	0.000000000	0.000000000	0.000000000	0.000000000
0.000000000	-700.000000000	1.974174311	120.496449557	0.000000000	0.000000000	0.000000000	0.000000000	0.000000000
100.000000000	-700.000000000	1.955391231	120.496449557	0.000000000	0.000000000	0.000000000	0.000000000	0.000000000
200.000000000	-700.000000000	1.883987524	120.496449557	0.000000000	0.000000000	0.000000000	0.000000000	0.000000000
300.000000000	-700.000000000	1.716915276	120.496449557	0.000000000	0.000000000	0.000000000	0.000000000	0.000000000
400.000000000	-700.000000000	1.597775571	120.496449557	0.000000000	0.000000000	0.000000000	0.000000000	0.000000000
500.000000000	-700.000000000	1.455525357	120.496449557	0.000000000	0.000000000	0.000000000	0.000000000	0.000000000
600.000000000	-700.000000000	1.267958912	120.496449557	0.000000000	0.000000000	0.000000000	0.000000000	0.000000000
700.000000000	-700.000000000	1.083446582	120.496449557	0.000000000	0.000000000	0.000000000	0.000000000	0.000000000
800.000000000	-700.000000000	0.984883553	120.496449557	0.000000000	0.000000000	0.000000000	0.000000000	0.000000000
900.000000000	-700.000000000	0.889564546	120.496449557	0.000000000	0.000000000	0.000000000	0.000000000	0.000000000
1000.000000000	-700.000000000	0.764473168	120.496449557	0.000000000	0.000000000	0.000000000	0.000000000	0.000000000
-1000.000000000	-600.000000000	0.716532750	121.110558817	0.000000000	0.000000000	0.000000000	0.000000000	0.000000000
-900.000000000	-600.000000000	0.784373482	121.110558817	0.000000000	0.000000000	0.000000000	0.000000000	0.000000000
-800.000000000	-600.000000000	0.889071908	121.110558817	0.000000000	0.000000000	0.000000000	0.000000000	0.000000000
-700.000000000	-600.000000000	1.030829293	121.110558817	0.000000000	0.000000000	0.000000000	0.000000000	0.000000000
-600.000000000	-600.000000000	1.181698916	121.110558817	0.000000000	0.000000000	0.000000000	0.000000000	0.000000000
-500.000000000	-600.000000000	1.354919241	121.110558817	0.000000000	0.000000000	0.000000000	0.000000000	0.000000000
-400.000000000	-600.000000000	1.521348956	121.110558817	0.000000000	0.000000000	0.000000000	0.000000000	0.000000000
-300.000000000	-600.000000000	1.663971088	121.110558817	0.000000000	0.000000000	0.000000000	0.000000000	0.000000000
-200.000000000	-600.000000000	1.823354275	121.110558817	0.000000000	0.000000000	0.000000000	0.000000000	0.000000000
-100.000000000	-600.000000000	1.896495085	121.110558817	0.000000000	0.000000000	0.000000000	0.000000000	0.000000000
0.000000000	-600.000000000	1.942999583	121.110558817	0.000000000	0.000000000	0.000000000	0.000000000	0.000000000
100.000000000	-600.000000000	1.913600612	121.110558817	0.000000000	0.000000000	0.000000000	0.000000000	0.000000000
200.000000000	-600.000000000	1.815113035	121.110558817	0.000000000	0.000000000	0.000000000	0.000000000	0.000000000
300.000000000	-600.000000000	1.667884830	121.110558817	0.000000000	0.000000000	0.000000000	0.000000000	0.000000000
400.000000000	-600.000000000	1.483800556	121.110558817	0.000000000	0.000000000	0.000000000	0.000000000	0.000000000
500.000000000	-600.000000000	1.293312075	121.110558817	0.000000000	0.000000000	0.000000000	0.000000000	0.000000000
600.000000000	-600.000000000	1.148571412	121.110558817	0.000000000	0.000000000	0.000000000	0.000000000	0.000000000
700.000000000	-600.000000000	0.961122624	121.110558817	0.000000000	0.000000000	0.000000000	0.000000000	0.000000000
800.000000000	-600.000000000	0.850040821	121.110558817	0.000000000	0.000000000	0.000000000	0.000000000	0.000000000
900.000000000	-600.000000000	0.752580634	121.110558817	0.000000000	0.000000000	0.000000000	0.000000000	0.000000000
1000.000000000	-600.000000000	0.686675038	121.110558817	0.000000000	0.000000000	0.000000000	0.000000000	0.000000000
-1000.000000000	-500.000000000	0.574379402	121.670829732	0.000000000	0.000000000	0.000000000	0.000000000	0.000000000
-900.000000000	-500.000000000	0.630725239	121.670829732	0.000000000	0.000000000	0.000000000	0.000000000	0.000000000
-800.000000000	-500.000000000	0.755929283	121.670829732	0.000000000	0.000000000	0.000000000	0.000000000	0.000000000
-700.000000000	-500.000000000	0.834146003	121.670829732	0.000000000	0.000000000	0.000000000	0.000000000	0.000000000
-600.000000000	-500.000000000	0.978448669	121.670829732	0.000000000	0.000000000	0.000000000	0.000000000	0.000000000
-500.000000000	-500.000000000	1.153373830	121.670829732	0.000000000	0.000000000	0.000000000	0.000000000	0.000000000
-400.000000000	-500.000000000	1.365303287	121.670829732	0.000000000	0.000000000	0.000000000	0.000000000	0.000000000
-300.000000000	-500.000000000	1.590038244	121.670829732	0.000000000	0.000000000	0.000000000	0.000000000	0.000000000
-200.000000000	-500.000000000	1.752261314	121.670829732	0.000000000	0.000000000	0.000000000	0.000000000	0.000000000
-100.000000000	-500.000000000	1.853009216	121.670829732	0.000000000	0.000000000	0.000000000	0.000000000	0.000000000
0.000000000	-500.000000000	1.907526339	121.670829732	0.000000000	0.000000000	0.000000000	0.000000000	0.000000000
100.000000000	-500.000000000	1.853746566	121.670829732	0.000000000	0.000000000	0.000000000	0.000000000	0.000000000
200.000000000	-500.000000000	1.750446922	121.670829732	0.000000000	0.000000000	0.000000000	0.000000000	0.000000000
300.000000000	-500.000000000	1.539771388	121.670829732	0.000000000	0.000000000	0.000000000	0.000000000	0.000000000
400.000000000	-500.000000000	1.338373997	121.670829732	0.000000000	0.000000000	0.000000000	0.000000000	0.000000000
500.000000000	-500.000000000	1.135236373	121.670829732	0.000000000	0.000000000	0.000000000	0.000000000	0.000000000
600.000000000	-500.000000000	0.967138925	121.670829732	0.000000000	0.000000000	0.000000000	0.000000000	0.000000000
700.000000000	-500.000000000	0.812370122	121.670829732	0.000000000	0.000000000	0.000000000	0.000000000	0.000000000
800.000000000	-500.000000000	0.684182871	121.670829732	0.000000000	0.000000000	0.000000000	0.000000000	0.000000000
900.000000000	-500.000000000	0.629300453	121.670829732	0.000000000	0.000000000	0.000000000	0.000000000	0.000000000
1000.000000000	-500.000000000	0.538969059	121.670829732	0.000000000	0.000000000	0.000000000	0.000000000	0.000000000
-1000.000000000	-400.000000000	0.475138681	122.177713964	0.000000000	0.000000000	0.000000000	0.000000000	0.000000000
-900.000000000	-400.000000000	0.547947622	122.177713964	0.000000000	0.000000000	0.000000000	0.000000000	0.000000000
-800.000000000	-400.000000000	0.590475452	122.177713964	0.000000000	0.000000000	0.000000000	0.000000000	0.000000000
-700.000000000	-400.000000000	0.701624823	122.177713964	0.000000000	0.000000000	0.000000000	0.000000000	0.000000000
-600.000000000	-400.000000000	0.847653297	122.177713964	0.000000000	0.000000000	0.000000000	0.000000000	0.000000000
-500.000000000	-400.000000000	1.031370229	122.177713964	0.000000000	0.000000000	0.000000000	0.000000000	0.000000000
-400.000000000	-400.000000000	1.227256685	122.177713964	0.000000000	0.000000000	0.000000000	0.000000000	0.000000000
-300.000000000	-400.000000000	1.459414948	122.177713964	0.000000000	0.000000000	0.000000000	0.000000000	0.000000000
-200.000000000	-400.000000000	1.650879132	122.177713964	0.000000000	0.000000000	0.000000000	0.000000000	0.000000000
-100.000000000	-400.000000000	1.795275460	122.177713964	0.000000000	0.000000000	0.000000000	0.000000000	0.000000000
0.000000000	-400.000000000	1.871838978	122.177713964	0.000000000	0.000000000	0.000000000	0.000000000	0.000000000
100.000000000	-400.000000000	1.812596713	122.177713964	0.000000000	0.000000000	0.000000000	0.000000000	0.000000000
200.000000000	-400.000000000	1.678706785	122.177713964	0.000000000	0.000000000	0.000000000	0.000000000	0.000000000
300.000000000	-400.000000000	1.417788603	122.177713964	0.000000000	0.000000000	0.000000000	0.000000000	0.000000000
400.000000000	-400.000000000	1.201602467	122.177713964	0.000000000	0.000000000	0.000000000	0.000000000	0.000000000
500.000000000	-400.000000000	0.998930176	122.177713964	0.000000000	0.000000000	0.000000000	0.000000000	0.000000000
600.000000000	-400.000000000	0.795956910	122.177713964	0.000000000	0.000000000	0.000000000	0.000000000	0.000000000
700.000000000	-400.000000000	0.697146005	122.177713964	0.000000000	0.000000000	0.000000000	0.000000000	0.000000000
800.000000000	-400.000000000	0.582726873	122.177713964	0.000000000	0.000000000	0.000000000	0.000000000	0.000000000
900.000000000	-400.000000000	0.512228174	122.177713964	0.000000000	0.000000000	0.000000000	0.000000000	0.000000000
1000.000000000	-400.000000000	0.474790937	122.177713964	0.000000000	0.000000000	0.000000000	0.000000000	0.000000000
-1000.000000000	-300.000000000	0.418601275	122.549190372	0.000000000	0.000000000	0.000000000	0.000000000	0.000000000
-900.000000000	-300.000000000	0.455985382	122.549190372	0.000000000	0.000000000	0.000000000	0.000000000	0.000000000
-800.000000000	-300.000000000	0.485450262	122.549190372	0.000000000	0.000000000	0.000000000	0.000000000	0.000000000
-700.000000000	-300.000000000	0.578698836	122.549190372	0.000000000	0.000000000	0.000000000	0.000000000	0.000000000
-600.000000000	-300.000000000	0.673304593	122.549190372	0.000000000	0.000000000	0.000000000	0.000000000	0.000000000
-500.000000000	-300.000000000	0.854611404	122.549190372	0.000000000	0.000000000	0.000000000	0.000000000	0.000000000
-400.000000000	-300.000000000	1.076469152	122.549190372	0.000000000	0.000000000	0.000000000	0.000000000	0.000000000
-300.000000000	-300.000000000	1.304676566	122.549190372	0.000000000	0.000000000	0.000000000	0.000000000	0.000000000
-200.000000000	-300.000000000	1.561329964	122.549190372	0.000000000	0.000000000	0.000000000	0.000000000	0.000000000
-100.000000000	-300.000000000	1.767393058	122.549190372	0.000000000	0.000000000	0.000000000	0.000000000	0.000000000
0.000000000	-300.000000000	1.841208417	122.549190372	0.000000000	0.000000000	0.000000000	0.000000000	0.000000000
100.000000000	-300.000000000	1.759420679	122.549190372	0.000000000	0.000000000	0.000000000	0.000000000	0.000000000
200.000000000	-300.000000000	1.567046827	122.549190372	0.000000000	0.000000000	0.000000000	0.000000000	0.000000000
300.000000000	-300.000000000	1.281273025	122.549190372	0.000000000	0.000000000	0.000000000	0.000000000	0.000000000
400.000000000	-300.000000000	1.068688368	122.549190372	0.000000000	0.000000000	0.000000000	0.000000000	0.000000000
500.000000000	-300.000000000	0.804425129	122.549190372	0.000000000	0.000000000	0.000000000	0.000000000	0.000000000
600.000000000	-300.000000000	0.644594761	122.549190372	0.000000000	0.000000000	0.000000000	0.000000000	0.000000000
700.000000000	-300.000000000	0.553060749	122.549190372	0.000000000	0.000000000	0.000000000	0.000000000	0.000000000
800.000000000	-300.000000000	0.473234138	122.549190372	0.000000000	0.000000000	0.000000000	0.000000000	0.000000000
900.000000000	-300.000000000	0.425464393	122.549190372	0.000000000	0.000000000	0.000000000	0.000000000	0.000000000
1000.000000000	-300.000000000	0.404828353	122.549190372	0.000000000	0.000000000	0.000000000	0.000000000	0.000000000
-1000.000000000	-200.000000000	0.364029594	123.423113886	0.000000000	0.000000000	0.000000000	0.000000000	0.000000000
-900.000000000	-200.000000000	0.385597780	123.423113886	0.000000000	0.000000000	0.000000000	0.000000000	0.000000000
-800.000000000	-200.000000000	0.414906494	123.423113886	0.000000000	0.000000000	0.000000000	0.000000000	0.000000000
-700.000000000	-200.000000000	0.482032387	123.423113886	0.000000000	0.000000000	0.000000000	0.000000000	0.000000000
-600.000000000	-200.000000000	0.557771396	123.423113886	0.000000000	0.000000000	0.000000000	0.000000000	0.000000000
-500.000000000	-200.000000000	0.687323839	123.423113886	0.000000000	0.000000000	0.000000000	0.000000000	0.000000000
-400.000000000	-200.000000000	0.900724567	123.423113886	0.000000000	0.000000000	0.000000000	0.000000000	0.000000000
-300.000000000	-200.000000000	1.146903529	123.423113886	0.000000000	0.000000000	0.000000000	0.000000000	0.000000000
-200.000000000	-200.000000000	1.465621230	123.423113886	0.000000000	0.000000000	0.000000000	0.000000000	0.000000000
-100.000000000	-200.000000000	1.722369725	123.423113886	0.000000000	0.000000000	0.000000000	0.000000000	0.000000000
0.000000000	-200.000000000	1.865695479	123.423113886	0.000000000	0.000000000	0.000000000	0.000000000	0.000000000
100.000000000	-200.000000000	1.768006443	123.423113886	0.000000000	0.000000000	0.000000000	0.000000000	0.000000000
200.000000000	-200.000000000	1.534684010	123.423113886	0.000000000	0.000000000	0.000000000	0.000000000	0.000000000
300.000000000	-200.000000000	1.223885495	123.423113886	0.000000000	0.000000000	0.000000000	0.000000000	0.000000000
400.000000000	-200.000000000	0.924073354	123.423113886	0.000000000	0.000000000	0.000000000	0.000000000	0.000000000
500.000000000	-200.000000000	0.697582296	123.423113886	0.000000000	0.000000000	0.000000000	0.000000000	0.000000000
600.000000000	-200.000000000	0.554063734	123.423113886	0.000000000	0.000000000	0.000000000	0.000000000	0.000000000
700.000000000	-200.000000000	0.476096587	123.423113886	0.000000000	0.000000000	0.000000000	0.000000000	0.000000000
800.000000000	-200.000000000	0.421985341	123.423113886	0.000000000	0.000000000	0.000000000	0.000000000	0.000000000
900.000000000	-200.000000000	0.375915682	123.423113886	0.000000000	0.000000000	0.000000000	0.000000000	0.000000000
1000.000000000	-200.000000000	0.412584983	123.423113886	0.000000000	0.000000000	0.000000000	0.000000000	0.000000000
-1000.000000000	-100.000000000	0.347803145	123.771415723	0.000000000	0.000000000	0.000000000	0.000000000	0.000000000
-900.000000000	-100.000000000	0.360856429	123.771415723	0.000000000	0.000000000	0.000000000	0.000000000	0.000000000
-800.000000000	-100.000000000	0.391609246	123.771415723	0.000000000	0.000000000	0.000000000	0.000000000	0.000000000
-700.000000000	-100.000000000	0.422186582	123.771415723	0.000000000	0.000000000	0.000000000	0.000000000	0.000000000
-600.000000000	-100.000000000	0.477627627	123.771415723	0.000000000	0.000000000	0.000000000	0.000000000	0.000000000
-500.000000000	-100.000000000	0.585294707	123.771415723	0.000000000	0.000000000	0.000000000	0.000000000	0.000000000
-400.000000000	-100.000000000	0.799093049	123.771415723	0.000000000	0.000000000	0.000000000	0.000000000	0.000000000
-300.000000000	-100.000000000	1.059072265	123.771415723	0.000000000	0.000000000	0.000000000	0.000000000	0.000000000
-200.000000000	-100.000000000	1.395006487	123.771415723	0.000000000	0.000000000	0.000000000	0.000000000	0.000000000
-100.000000000	-100.000000000	1.744089304	123.771415723	0.000000000	0.000000000	0.000000000	0.000000000	0.000000000
0.000000000	-100.000000000	1.963535878	123.771415723	0.000000000	0.000000000	0.000000000	0.000000000	0.000000000
100.000000000	-100.000000000	1.778826792	123.771415723	0.000000000	0.000000000	0.000000000	0.000000000	0.000000000
200.000000000	-100.000000000	1.423605280	123.771415723	0.000000000	0.000000000	0.000000000	0.000000000	0.000000000
300.000000000	-100.000000000	1.106619894	123.771415723	0.000000000	0.000000000	0.000000000	0.000000000	0.000000000
400.000000000	-100.000000000	0.810291706	123.771415723	0.000000000	0.000000000	0.000000000	0.000000000	0.000000000
500.000000000	-100.000000000	0.616987731	123.771415723	0.000000000	0.000000000	0.000000000	0.000000000	0.000000000
600.000000000	-100.000000000	0.483378286	123.771415723	0.000000000	0.000000000	0.000000000	0.000000000	0.000000000
700.000000000	-100.000000000	0.423682204	123.771415723	0.000000000	0.000000000	0.000000000	0.000000000	0.000000000
800.000000000	-100.000000000	0.416365090	123.771415723	0.000000000	0.000000000	0.000000000	0.000000000	0.000000000
900.000000000	-100.000000000	0.371663866	123.771415723	0.000000000	0.000000000	0.000000000	0.000000000	0.000000000
1000.000000000	-100.000000000	0.353270455	123.771415723	0.000000000	0.000000000	0.000000000	0.000000000	0.000000000
-1000.000000000	0.000000000	0.344101924	123.883944570	0.000000000	0.000000000	0.000000000	0.000000000	0.000000000
-900.000000000	0.000000000	0.360658408	123.883944570	0.000000000	0.000000000	0.000000000	0.000000000	0.000000000
-800.000000000	0.000000000	0.372578304	123.883944570	0.000000000	0.000000000	0.000000000	0.000000000	0.000000000
-700.000000000	0.000000000	0.399636340	123.883944570	0.000000000	0.000000000	0.000000000	0.000000000	0.000000000
-600.000000000	0.000000000	0.435027357	123.883944570	0.000000000	0.000000000	0.000000000	0.000000000	0.000000000
-500.000000000	0.000000000	0.500251928	123.883944570	0.000000000	0.000000000	0.000000000	0.000000000	0.000000000
-400.000000000	0.000000000	0.644127882	123.883944570	0.000000000	0.000000000	0.000000000	0.000000000	0.000000000
-300.000000000	0.000000000	0.896646619	123.883944570	0.000000000	0.000000000	0.000000000	0.000000000	0.000000000
-200.000000000	0.000000000	1.252955982	123.883944570	0.000000000	0.000000000	0.000000000	0.000000000	0.000000000
-100.000000000	0.000000000	1.663185443	123.883944570	0.000000000	0.000000000	0.000000000	0.000000000	0.000000000
0.000000000	0.000000000	2.005247619	123.883944570	0.000000000	0.000000000	0.000000000	0.000000000	0.000000000
100.000000000	0.000000000	1.733454101	123.883944570	0.000000000	0.000000000	0.000000000	0.000000000	0.000000000
200.000000000	0.000000000	1.317314520	123.883944570	0.000000000	0.000000000	0.000000000	0.000000000	0.000000000
300.000000000	0.000000000	0.947240219	123.883944570	0.000000000	0.000000000	0.000000000	0.000000000	0.000000000
400.000000000	0.000000000	0.688293017	123.883944570	0.000000000	0.000000000	0.000000000	0.000000000	0.000000000
500.000000000	0.000000000	0.526062276	123.883944570	0.000000000	0.000000000	0.000000000	0.000000000	0.000000000
600.000000000	0.000000000	0.445812256	123.883944570	0.000000000	0.000000000	0.000000000	0.000000000	0.000000000
700.000000000	0.000000000	0.415432940	123.883944570	0.000000000	0.000000000	0.000000000	0.000000000	0.000000000
800.000000000	0.000000000	0.382864125	123.883944570	0.000000000	0.000000000	0.000000000	0.000000000	0.000000000
900.000000000	0.000000000	0.367796822	123.883944570	0.000000000	0.000000000	0.000000000	0.000000000	0.000000000
1000.000000000	0.000000000	0.358100235	123.883944570	0.000000000	0.000000000	0.000000000	0.000000000	0.000000000
-1000.000000000	100.000000000	0.350956991	123.464128494	0.000000000	0.000000000	0.000000000	0.000000000	0.000000000
-900.000000000	100.000000000	0.357143939	123.464128494	0.000000000	0.000000000	0.000000000	0.000000000	0.000000000
-800.000000000	100.000000000	0.365874570	123.464128494	0.000000000	0.000000000	0.000000000	0.000000000	0.000000000
-700.000000000	100.000000000	0.380549050	123.464128494	0.000000000	0.000000000	0.000000000	0.000000000	0.000000000
-600.000000000	100.000000000	0.401336422	123.464128494	0.000000000	0.000000000	0.000000000	0.000000000	0.000000000
-500.000000000	100.000000000	0.438548266	123.464128494	0.000000000	0.000000000	0.000000000	0.000000000	0.000000000
-400.000000000	100.000000000	0.514203554	123.464128494	0.000000000	0.000000000	0.000000000	0.000000000	0.000000000
-300.000000000	100.000000000	0.673752152	123.464128494	0.000000000	0.000000000	0.000000000	0.000000000	0.000000000
-200.000000000	100.000000000	1.012724040	123.464128494	0.000000000	0.000000000	0.000000000	0.000000000	0.000000000
-100.000000000	100.000000000	1.500099490	123.464128494	0.000000000	0.000000000	0.000000000	0.000000000	0.000000000
0.000000000	100.000000000	1.886565025	123.464128494	0.000000000	0.000000000	0.000000000	0.000000000	0.000000000
100.000000000	100.000000000	1.569413426	123.464128494	0.000000000	0.000000000	0.000000000	0.000000000	0.000000000
200.000000000	100.000000000	1.081479250	123.464128494	0.000000000	0.000000000	0.000000000	0.000000000	0.000000000
300.000000000	100.000000000	0.712610967	123.464128494	0.000000000	0.000000000	0.000000000	0.000000000	0.000000000
400.000000000	100.000000000	0.537966075	123.464128494	0.000000000	0.000000000	0.000000000	0.000000000	0.000000000
500.000000000	100.000000000	0.448452535	123.464128494	0.000000000	0.000000000	0.000000000	0.000000000	0.000000000
600.000000000	100.000000000	0.405784650	123.464128494	0.000000000	0.000000000	0.000000000	0.000000000	0.000000000
700.000000000	100.000000000	0.379235350	123.464128494	0.000000000	0.000000000	0.000000000	0.000000000	0.000000000
800.000000000	100.000000000	0.364010275	123.464128494	0.000000000	0.000000000	0.000000000	0.000000000	0.000000000
900.000000000	100.000000000	0.354109227	123.464128494	0.000000000	0.000000000	0.000000000	0.000000000	0.000000000
1000.000000000	100.000000000	0.347637323	123.464128494	0.000000000	0.000000000	0.000000000	0.000000000	0.000000000
-1000.000000000	200.000000000	0.341344120	123.187084737	0.000000000	0.000000000	0.000000000	0.000000000	0.000000000
-900.000000000	200.000000000	0.344222669	123.187084737	0.000000000	0.000000000	0.000000000	0.000000000	0.000000000
-800.000000000	200.000000000	0.349720568	123.187084737	0.000000000	0.000000000	0.000000000	0.000000000	0.000000000
-700.000000000	200.000000000	0.364386998	123.187084737	0.000000000	0.000000000	0.000000000	0.000000000	0.000000000
-600.000000000	200.000000000	0.377081269	123.187084737	0.000000000	0.000000000	0.000000000	0.000000000	0.000000000
-500.000000000	200.000000000	0.409101098	123.187084737	0.000000000	0.000000000	0.000000000	0.000000000	0.000000000
-400.000000000	200.000000000	0.461248233	123.187084737	0.000000000	0.000000000	0.000000000	0.000000000	0.000000000
-300.000000000	200.000000000	0.587648420	123.187084737	0.000000000	0.000000000	0.000000000	0.000000000	0.000000000
-200.000000000	200.000000000	0.891106859	123.187084737	0.000000000	0.000000000	0.000000000	0.000000000	0.000000000
-100.000000000	200.000000000	1.431801436	123.187084737	0.000000000	0.000000000	0.000000000	0.000000000	0.000000000
0.000000000	200.000000000	1.854123289	123.187084737	0.000000000	0.000000000	0.000000000	0.000000000	0.000000000
100.000000000	200.000000000	1.516567463	123.187084737	0.000000000	0.000000000	0.000000000	0.000000000	0.000000000
200.000000000	200.000000000	0.984397355	123.187084737	0.000000000	0.000000000	0.000000000	0.000000000	0.000000000
300.000000000	200.000000000	0.639546030	123.187084737	0.000000000	0.000000000	0.000000000	0.000000000	0.000000000
400.000000000	200.000000000	0.483487761	123.187084737	0.000000000	0.000000000	0.000000000	0.000000000	0.000000000
500.000000000	200.000000000	0.413953417	123.187084737	0.000000000	0.000000000	0.000000000	0.000000000	0.000000000
600.000000000	200.000000000	0.381411971	123.187084737	0.000000000	0.000000000	0.000000000	0.000000000	0.000000000
700.000000000	200.000000000	0.362406788	123.187084737	0.000000000	0.000000000	0.000000000	0.000000000	0.000000000
800.000000000	200.000000000	0.348300612	123.187084737	0.000000000	0.000000000	0.000000000	0.000000000	0.000000000
900.000000000	200.000000000	0.342363204	123.187084737	0.000000000	0.000000000	0.000000000	0.000000000	0.000000000
1000.000000000	200.000000000	0.336974780	123.187084737	0.000000000	0.000000000	0.000000000	0.000000000	0.000000000
-1000.000000000	300.000000000	0.337106794	123.197353770	0.000000000	0.000000000	0.000000000	0.000000000	0.000000000
-900.000000000	300.000000000	0.336585177	123.197353770	0.000000000	0.000000000	0.000000000	0.000000000	0.000000000
-800.000000000	300.000000000	0.346086964	123.197353770	0.000000000	0.000000000	0.000000000	0.000000000	0.000000000
-700.000000000	300.000000000	0.363554666	123.197353770	0.000000000	0.000000000	0.000000000	0.000000000	0.000000000
-600.000000000	300.000000000	0.383282706	123.197353770	0.000000000	0.000000000	0.000000000	0.000000000	0.000000000
-500.000000000	300.000000000	0.405741182	123.197353770	0.000000000	0.000000000	0.000000000	0.000000000	0.000000000
-400.000000000	300.000000000	0.454008392	123.197353770	0.000000000	0.000000000	0.000000000	0.000000000	0.000000000
-300.000000000	300.000000000	0.581068649	123.197353770	0.000000000	0.000000000	0.000000000	0.000000000	0.000000000
-200.000000000	300.000000000	0.874935132	123.197353770	0.000000000	0.000000000	0.000000000	0.000000000	0.000000000
-100.000000000	300.000000000	1.454944172	123.197353770	0.000000000	0.000000000	0.000000000	0.000000000	0.000000000
0.000000000	300.000000000	1.855652725	123.197353770	0.000000000	0.000000000	0.000000000	0.000000000	0.000000000
100.000000000	300.000000000	1.555777317	123.197353770	0.000000000	0.000000000	0.000000000	0.000000000	0.000000000
200.000000000	300.000000000	0.962330070	123.197353770	0.000000000	0.000000000	0.000000000	0.000000000	0.000000000
300.000000000	300.000000000	0.619789004	123.197353770	0.000000000	0.000000000	0.000000000	0.000000000	0.000000000
400.000000000	300.000000000	0.483994888	123.197353770	0.000000000	0.000000000	0.000000000	0.000000000	0.000000000
500.000000000	300.000000000	0.422292837	123.197353770	0.000000000	0.000000000	0.000000000	0.000000000	0.000000000
600.000000000	300.000000000	0.389424576	123.197353770	0.000000000	0.000000000	0.000000000	0.000000000	0.000000000
700.000000000	300.000000000	0.366674704	123.197353770	0.000000000	0.000000000	0.000000000	0.000000000	0.000000000
800.000000000	300.000000000	0.347988287	123.197353770	0.000000000	0.000000000	0.000000000	0.000000000	0.000000000
900.000000000	300.000000000	0.340222001	123.197353770	0.000000000	0.000000000	0.000000000	0.000000000	0.000000000
1000.000000000	300.000000000	0.338684522	123.197353770	0.000000000	0.000000000	0.000000000	0.000000000	0.000000000
-1000.000000000	400.000000000	0.341983261	123.392346319	0.000000000	0.000000000	0.000000000	0.000000000	0.000000000
-900.000000000	400.000000000	0.354054490	123.392346319	0.000000000	0.000000000	0.000000000	0.000000000	0.000000000
-800.000000000	400.000000000	0.363680240	123.392346319	0.000000000	0.000000000	0.000000000	0.000000000	0.000000000
-700.000000000	400.000000000	0.385789361	123.392346319	0.000000000	0.000000000	0.000000000	0.000000000	0.000000000
-600.000000000	400.000000000	0.415437770	123.392346319	0.000000000	0.000000000	0.000000000	0.000000000	0.000000000
-500.000000000	400.000000000	0.446211517	123.392346319	0.000000000	0.000000000	0.000000000	0.000000000	0.000000000
-400.000000000	400.000000000	0.498963987	123.392346319	0.000000000	0.000000000	0.000000000	0.000000000	0.000000000
-300.000000000	400.000000000	0.636242459	123.392346319	0.000000000	0.000000000	0.000000000	0.000000000	0.000000000
-200.000000000	400.000000000	0.940549354	123.392346319	0.000000000	0.000000000	0.000000000	0.000000000	0.000000000
-100.000000000	400.000000000	1.519270539	123.392346319	0.000000000	0.000000000	0.000000000	0.000000000	0.000000000
0.000000000	400.000000000	1.928717874	123.392346319	0.000000000	0.000000000	0.000000000	0.000000000	0.000000000
100.000000000	400.000000000	1.618091282	123.392346319	0.000000000	0.000000000	0.000000000	0.000000000	0.000000000
200.000000000	400.000000000	1.046638792	123.392346319	0.000000000	0.000000000	0.000000000	0.000000000	0.000000000
300.000000000	400.000000000	0.690263566	123.392346319	0.000000000	0.000000000	0.000000000	0.000000000	0.000000000
400.000000000	400.000000000	0.539059215	123.392346319	0.000000000	0.000000000	0.000000000	0.000000000	0.000000000
500.000000000	400.000000000	0.465393794	123.392346319	0.000000000	0.000000000	0.000000000	0.000000000	0.000000000
600.000000000	400.000000000	0.418540098	123.392346319	0.000000000	0.000000000	0.000000000	0.000000000	0.000000000
700.000000000	400.000000000	0.392097054	123.392346319	0.000000000	0.000000000	0.000000000	0.000000000	0.000000000
800.000000000	400.000000000	0.372082447	123.392346319	0.000000000	0.000000000	0.000000000	0.000000000	0.000000000
900.000000000	400.000000000	0.370456421	123.392346319	0.000000000	0.000000000	0.000000000	0.000000000	0.000000000
1000.000000000	400.000000000	0.349126505	123.392346319	0.000000000	0.000000000	0.000000000	0.000000000	0.000000000
-1000.000000000	500.000000000	0.381946467	123.720240796	0.000000000	0.000000000	0.000000000	0.000000000	0.000000000
-900.000000000	500.000000000	0.386707020	123.720240796	0.000000000	0.000000000	0.000000000	0.000000000	0.000000000
-800.000000000	500.000000000	0.398071491	123.720240796	0.000000000	0.000000000	0.000000000	0.000000000	0.000000000
-700.000000000	500.000000000	0.417348752	123.720240796	0.000000000	0.000000000	0.000000000	0.000000000	0.000000000
-600.000000000	500.000000000	0.465124936	123.720240796	0.000000000	0.000000000	0.000000000	0.000000000	0.000000000
-500.000000000	500.000000000	0.520525737	123.720240796	0.000000000	0.000000000	0.000000000	0.000000000	0.000000000
-400.000000000	500.000000000	0.595585360	123.720240796	0.000000000	0.000000000	0.000000000	0.000000000	0.000000000
-300.000000000	500.000000000	0.732952399	123.720240796	0.000000000	0.000000000	0.000000000	0.000000000	0.000000000
-200.000000000	500.000000000	1.033711066	123.720240796	0.000000000	0.000000000	0.000000000	0.000000000	0.000000000
-100.000000000	500.000000000	1.549361746	123.720240796	0.000000000	0.000000000	0.000000000	0.000000000	0.000000000
0.000000000	500.000000000	1.923802752	123.720240796	0.000000000	0.000000000	0.000000000	0.000000000	0.000000000
100.000000000	500.000000000	1.685320384	123.720240796	0.000000000	0.000000000	0.000000000	0.000000000	0.000000000
200.000000000	500.000000000	1.130915327	123.720240796	0.000000000	0.000000000	0.000000000	0.000000000	0.000000000
300.000000000	500.000000000	0.781548059	123.720240796	0.000000000	0.000000000	0.000000000	0.000000000	0.000000000
400.000000000	500.000000000	0.637121479	123.720240796	0.000000000	0.000000000	0.000000000	0.000000000	0.000000000
500.000000000	500.000000000	0.542153495	123.720240796	0.000000000	0.000000000	0.000000000	0.000000000	0.000000000
600.000000000	500.000000000	0.470175277	123.720240796	0.000000000	0.000000000	0.000000000	0.000000000	0.000000000
700.000000000	500.000000000	0.438446841	123.720240796	0.000000000	0.000000000	0.000000000	0.000000000	0.000000000
800.000000000	500.000000000	0.420325507	123.720240796	0.000000000	0.000000000	0.000000000	0.000000000	0.000000000
900.000000000	500.000000000	0.399409340	123.720240796	0.000000000	0.000000000	0.000000000	0.000000000	0.000000000
1000.000000000	500.000000000	0.393972618	123.720240796	0.000000000	0.000000000	0.000000000	0.000000000	0.000000000
-1000.000000000	600.000000000	0.407673093	123.679289423	0.000000000	0.000000000	0.000000000	0.000000000	0.000000000
-900.000000000	600.000000000	0.415923967	123.679289423	0.000000000	0.000000000	0.000000000	0.000000000	0.000000000
-800.000000000	600.000000000	0.427893772	123.679289423	0.000000000	0.000000000	0.000000000	0.000000000	0.000000000
-700.000000000	600.000000000	0.475167659	123.679289423	0.000000000	0.000000000	0.000000000	0.000000000	0.000000000
-600.000000000	600.000000000	0.509536376	123.679289423	0.000000000	0.000000000	0.000000000	0.000000000	0.000000000
-500.000000000	600.000000000	0.571336640	123.679289423	0.000000000	0.000000000	0.000000000	0.000000000	0.000000000
-400.000000000	600.000000000	0.659459218	123.679289423	0.000000000	0.000000000	0.000000000	0.000000000	0.000000000
-300.000000000	600.000000000	0.794379181	123.679289423	0.000000000	0.000000000	0.000000000	0.000000000	0.000000000
-200.000000000	600.000000000	1.101339327	123.679289423	0.000000000	0.000000000	0.000000000	0.000000000	0.000000000
-100.000000000	600.000000000	1.562403788	123.679289423	0.000000000	0.000000000	0.000000000	0.000000000	0.000000000
0.000000000	600.000000000	1.879824240	123.679289423	0.000000000	0.000000000	0.000000000	0.000000000	0.000000000
100.000000000	600.000000000	1.637328344	123.679289423	0.000000000	0.000000000	0.000000000	0.000000000	0.000000000
200.000000000	600.000000000	1.194431843	123.679289423	0.000000000	0.000000000	0.000000000	0.000000000	0.000000000
300.000000000	600.000000000	0.858798826	123.679289423	0.000000000	0.000000000	0.000000000	0.000000000	0.000000000
400.000000000	600.000000000	0.675502143	123.679289423	0.000000000	0.000000000	0.000000000	0.000000000	0.000000000
500.000000000	600.000000000	0.572381483	123.679289423	0.000000000	0.000000000	0.000000000	0.000000000	0.000000000
600.000000000	600.000000000	0.518590605	123.679289423	0.000000000	0.000000000	0.000000000	0.000000000	0.000000000
700.000000000	600.000000000	0.483397605	123.679289423	0.000000000	0.000000000	0.000000000	0.000000000	0.000000000
800.000000000	600.000000000	0.459087711	123.679289423	0.000000000	0.000000000	0.000000000	0.000000000	0.000000000
900.000000000	600.000000000	0.424448529	123.679289423	0.000000000	0.000000000	0.000000000	0.000000000	0.000000000
1000.000000000	600.000000000	0.416052761	123.679289423	0.000000000	0.000000000	0.000000000	0.000000000	0.000000000
-1000.000000000	700.000000000	0.419293544	123.248689548	0.000000000	0.000000000	0.000000000	0.000000000	0.000000000
-900.000000000	700.000000000	0.431173193	123.248689548	0.000000000	0.000000000	0.000000000	0.000000000	0.000000000
-800.000000000	700.000000000	0.464160590	123.248689548	0.000000000	0.000000000	0.000000000	0.000000000	0.000000000
-700.000000000	700.000000000	0.507622173	123.248689548	0.000000000	0.000000000	0.000000000	0.000000000	0.000000000
-600.000000000	700.000000000	0.544669810	123.248689548	0.000000000	0.000000000	0.000000000	0.000000000	0.000000000
-500.000000000	700.000000000	0.598779456	123.248689548	0.000000000	0.000000000	0.000000000	0.000000000	0.000000000
-400.000000000	700.000000000	0.730415154	123.248689548	0.000000000	0.000000000	0.000000000	0.000000000	0.000000000
-300.000000000	700.000000000	0.877180981	123.248689548	0.000000000	0.000000000	0.000000000	0.000000000	0.000000000
-200.000000000	700.000000000	1.168101458	123.248689548	0.000000000	0.000000000	0.000000000	0.000000000	0.000000000
-100.000000000	700.000000000	1.582893371	123.248689548	0.000000000	0.000000000	0.000000000	0.000000000	0.000000000
0.000000000	700.000000000	1.841799262	123.248689548	0.000000000	0.000000000	0.000000000	0.000000000	0.000000000
100.000000000	700.000000000	1.668783171	123.248689548	0.000000000	0.000000000	0.000000000	0.000000000	0.000000000
200.000000000	700.000000000	1.232545301	123.248689548	0.000000000	0.000000000	0.000000000	0.000000000	0.000000000
300.000000000	700.000000000	0.941058091	123.248689548	0.000000000	0.000000000	0.000000000	0.000000000	0.000000000
400.000000000	700.000000000	0.785403835	123.248689548	0.000000000	0.000000000	0.000000000	0.000000000	0.000000000
500.000000000	700.000000000	0.659201630	123.248689548	0.000000000	0.000000000	0.000000000	0.000000000	0.000000000
600.000000000	700.000000000	0.571824448	123.248689548	0.000000000	0.000000000	0.000000000	0.000000000	0.000000000
700.000000000	700.000000000	0.509766596	123.248689548	0.000000000	0.000000000	0.000000000	0.000000000	0.000000000
800.000000000	700.000000000	0.480789524	123.248689548	0.000000000	0.000000000	0.000000000	0.000000000	0.000000000
900.000000000	700.000000000	0.457802991	123.248689548	0.000000000	0.000000000	0.000000000	0.000000000	0.000000000
1000.000000000	700.000000000	0.424483947	123.248689548	0.000000000	0.000000000	0.000000000	0.000000000	0.000000000
-1000.000000000	800.000000000	0.443186465	123.320533316	0.000000000	0.000000000	0.000000000	0.000000000	0.000000000
-900.000000000	800.000000000	0.471812572	123.320533316	0.000000000	0.000000000	0.000000000	0.000000000	0.000000000
-800.000000000	800.000000000	0.495143631	123.320533316	0.000000000	0.000000000	0.000000000	0.000000000	0.000000000
-700.000000000	800.000000000	0.529059959	123.320533316	0.000000000	0.000000000	0.000000000	0.000000000	0.000000000
-600.000000000	800.000000000	0.605449384	123.320533316	0.000000000	0.000000000	0.000000000	0.000000000	0.000000000
-500.000000000	800.000000000	0.660006594	123.320533316	0.000000000	0.000000000	0.000000000	0.000000000	0.000000000
-400.000000000	800.000000000	0.802755634	123.320533316	0.000000000	0.000000000	0.000000000	0.000000000	0.000000000
-300.000000000	800.000000000	0.972388900	123.320533316	0.000000000	0.000000000	0.000000000	0.000000000	0.000000000
-200.000000000	800.000000000	1.247448414	123.320533316	0.000000000	0.000000000	0.000000000	0.000000000	0.000000000
-100.000000000	800.000000000	1.609133629	123.320533316	0.000000000	0.000000000	0.000000000	0.000000000	0.000000000
0.000000000	800.000000000	1.838954513	123.320533316	0.000000000	0.000000000	0.000000000	0.000000000	0.000000000
100.000000000	800.000000000	1.694393954	123.320533316	0.000000000	0.000000000	0.000000000	0.000000000	0.000000000
200.000000000	800.000000000	1.358773413	123.320533316	0.000000000	0.000000000	0.000000000	0.000000000	0.000000000
300.000000000	800.000000000	1.028430500	123.320533316	0.000000000	0.000000000	0.000000000	0.000000000	0.000000000
400.000000000	800.000000000	0.857795841	123.320533316	0.000000000	0.000000000	0.000000000	0.000000000	0.000000000
500.000000000	800.000000000	0.714655580	123.320533316	0.000000000	0.000000000	0.000000000	0.000000000	0.000000000
600.000000000	800.000000000	0.617873191	123.320533316	0.000000000	0.000000000	0.000000000	0.000000000	0.000000000
700.000000000	800.000000000	0.581986307	123.320533316	0.000000000	0.000000000	0.000000000	0.000000000	0.000000000
800.000000000	800.000000000	0.524030548	123.320533316	0.000000000	0.000000000	0.000000000	0.000000000	0.000000000
900.000000000	800.000000000	0.473438598	123.320533316	0.000000000	0.000000000	0.000000000	0.000000000	0.000000000
1000.000000000	800.000000000	0.461259502	123.320533316	0.000000000	0.000000000	0.000000000	0.000000000	0.000000000
-1000.000000000	900.000000000	0.489716568	123.556374462	0.000000000	0.000000000	0.000000000	0.000000000	0.000000000
-900.000000000	900.000000000	0.517452387	123.556374462	0.000000000	0.000000000	0.000000000	0.000000000	0.000000000
-800.000000000	900.000000000	0.534908824	123.556374462	0.000000000	0.000000000	0.000000000	0.000000000	0.000000000
-700.000000000	900.000000000	0.606188340	123.556374462	0.000000000	0.000000000	0.000000000	0.000000000	0.000000000
-600.000000000	900.000000000	0.701753617	123.556374462	0.000000000	0.000000000	0.000000000	0.000000000	0.000000000
-500.000000000	900.000000000	0.771373317	123.556374462	0.000000000	0.000000000	0.000000000	0.000000000	0.000000000
-400.000000000	900.000000000	0.899795638	123.556374462	0.000000000	0.000000000	0.000000000	0.000000000	0.000000000
-300.000000000	900.000000000	1.107363681	123.556374462	0.000000000	0.000000000	0.000000000	0.000000000	0.000000000
-200.000000000	900.000000000	1.376630752	123.556374462	0.000000000	0.000000000	0.000000000	0.000000000	0.000000000
-100.000000000	900.000000000	1.694376242	123.556374462	0.000000000	0.000000000	0.000000000	0.000000000	0.000000000
0.000000000	900.000000000	1.885573307	123.556374462	0.000000000	0.000000000	0.000000000	0.000000000	0.000000000
100.000000000	900.000000000	1.766051986	123.556374462	0.000000000	0.000000000	0.000000000	0.000000000	0.000000000
200.000000000	900.000000000	1.425622520	123.556374462	0.000000000	0.000000000	0.000000000	0.000000000	0.000000000
300.000000000	900.000000000	1.231651800	123.556374462	0.000000000	0.000000000	0.000000000	0.000000000	0.000000000
400.000000000	900.000000000	0.989096734	123.556374462	0.000000000	0.000000000	0.000000000	0.000000000	0.000000000
500.000000000	900.000000000	0.821190915	123.556374462	0.000000000	0.000000000	0.000000000	0.000000000	0.000000000
600.000000000	900.000000000	0.701436461	123.556374462	0.000000000	0.000000000	0.000000000	0.000000000	0.000000000
700.000000000	900.000000000	0.663065455	123.556374462	0.000000000	0.000000000	0.000000000	0.000000000	0.000000000
800.000000000	900.000000000	0.574769004	123.556374462	0.000000000	0.000000000	0.000000000	0.000000000	0.000000000
900.000000000	900.000000000	0.537504026	123.556374462	0.000000000	0.000000000	0.000000000	0.000000000	0.000000000
1000.000000000	900.000000000	0.482713386	123.556374462	0.000000000	0.000000000	0.000000000	0.000000000	0.000000000
-1000.000000000	1000.000000000	0.513124903	123.607600109	0.000000000	0.000000000	0.000000000	0.000000000	0.000000000
-900.000000000	1000.000000000	0.581508159	123.607600109	0.000000000	0.000000000	0.000000000	0.000000000	0.000000000
-800.000000000	1000.000000000	0.603456294	123.607600109	0.000000000	0.000000000	0.000000000	0.000000000	0.000000000
-700.000000000	1000.000000000	0.679993840	123.607600109	0.000000000	0.000000000	0.000000000	0.000000000	0.000000000
-600.000000000	1000.000000000	0.755274042	123.607600109	0.000000000	0.000000000	0.000000000	0.000000000	0.000000000
-500.000000000	1000.000000000	0.902767565	123.607600109	0.000000000	0.000000000	0.000000000	0.000000000	0.000000000
-400.000000000	1000.000000000	1.030665080	123.607600109	0.000000000	0.000000000	0.000000000	0.000000000	0.000000000
-300.000000000	1000.000000000	1.230618216	123.607600109	0.000000000	0.000000000	0.000000000	0.000000000	0.000000000
-200.000000000	1000.000000000	1.463526708	123.607600109	0.000000000	0.000000000	0.000000000	0.000000000	0.000000000
-100.000000000	1000.000000000	1.604519786	123.607600109	0.000000000	0.000000000	0.000000000	0.000000000	0.000000000
0.000000000	1000.000000000	1.919990434	123.607600109	0.000000000	0.000000000	0.000000000	0.000000000	0.000000000
100.000000000	1000.000000000	1.826567699	123.607600109	0.000000000	0.000000000	0.000000000	0.000000000	0.000000000
200.000000000	1000.000000000	1.551081147	123.607600109	0.000000000	0.000000000	0.000000000	0.000000000	0.000000000
300.000000000	1000.000000000	1.293254118	123.607600109	0.000000000	0.000000000	0.000000000	0.000000000	0.000000000
400.000000000	1000.000000000	1.103739731	123.607600109	0.000000000	0.000000000	0.000000000	0.000000000	0.000000000
500.000000000	1000.000000000	0.956537548	123.607600109	0.000000000	0.000000000	0.000000000	0.000000000	0.000000000
600.000000000	1000.000000000	0.803814967	123.607600109	0.000000000	0.000000000	0.000000000	0.000000000	0.000000000
700.000000000	1000.000000000	0.742772956	123.607600109	0.000000000	0.000000000	0.000000000	0.000000000	0.000000000
800.000000000	1000.000000000	0.637665634	123.607600109	0.000000000	0.000000000	0.000000000	0.000000000	0.000000000
900.000000000	1000.000000000	0.605219164	123.607600109	0.000000000	0.000000000	0.000000000	0.000000000	0.000000000
1000.000000000	1000.000000000	0.548203600	123.607600109	0.000000000	0.000000000	0.000000000	0.000000000	0.000000000
