Set Temp (deg C)	128.000000	Laser Power (uW)	1115	Laser Detuning (GHz)	12
X  Field (nT)	Z  Field (nT)	Photodiode Voltage (V)	Temperature (C) 2D	Y  Field (nT)	Photodiode Voltage (V)	Temperature (C) 1D	Frequency (Hz)	Photodiode Voltage (V)		
-1000.000000000	-1000.000000000	4.869753210	92.141804394	-1000.000000000	4.870886619	91.859066199	0.000000000	0.000000000
-900.000000000	-1000.000000000	4.870435831	92.141804394	-960.000000000	4.871235979	91.859066199	0.000000000	0.000000000
-800.000000000	-1000.000000000	4.870377873	92.141804394	-920.000000000	4.871839713	91.859066199	0.000000000	0.000000000
-700.000000000	-1000.000000000	4.870120280	92.141804394	-880.000000000	4.871644908	91.859066199	0.000000000	0.000000000
-600.000000000	-1000.000000000	4.869545525	92.141804394	-840.000000000	4.871285888	91.859066199	0.000000000	0.000000000
-500.000000000	-1000.000000000	4.870044612	92.141804394	-800.000000000	4.871780145	91.859066199	0.000000000	0.000000000
-400.000000000	-1000.000000000	4.870113840	92.141804394	-760.000000000	4.871187681	91.859066199	0.000000000	0.000000000
-300.000000000	-1000.000000000	4.869576114	92.141804394	-720.000000000	4.871128112	91.859066199	0.000000000	0.000000000
-200.000000000	-1000.000000000	4.869308862	92.141804394	-680.000000000	4.871097523	91.859066199	0.000000000	0.000000000
-100.000000000	-1000.000000000	4.869415119	92.141804394	-640.000000000	4.871186071	91.859066199	0.000000000	0.000000000
0.000000000	-1000.000000000	4.869522986	92.141804394	-600.000000000	4.871176411	91.859066199	0.000000000	0.000000000
100.000000000	-1000.000000000	4.870332794	92.141804394	-560.000000000	4.870353723	91.859066199	0.000000000	0.000000000
200.000000000	-1000.000000000	4.869595434	92.141804394	-520.000000000	4.870263566	91.859066199	0.000000000	0.000000000
300.000000000	-1000.000000000	4.869238024	92.141804394	-480.000000000	4.870801291	91.859066199	0.000000000	0.000000000
400.000000000	-1000.000000000	4.869308862	92.141804394	-440.000000000	4.869812778	91.859066199	0.000000000	0.000000000
500.000000000	-1000.000000000	4.869700081	92.141804394	-400.000000000	4.870744943	91.859066199	0.000000000	0.000000000
600.000000000	-1000.000000000	4.870640296	92.141804394	-360.000000000	4.870664445	91.859066199	0.000000000	0.000000000
700.000000000	-1000.000000000	4.869569675	92.141804394	-320.000000000	4.871018635	91.859066199	0.000000000	0.000000000
800.000000000	-1000.000000000	4.870028512	92.141804394	-280.000000000	4.870076811	91.859066199	0.000000000	0.000000000
900.000000000	-1000.000000000	4.869919035	92.141804394	-240.000000000	4.869709741	91.859066199	0.000000000	0.000000000
1000.000000000	-1000.000000000	4.870100960	92.141804394	-200.000000000	4.869358770	91.859066199	0.000000000	0.000000000
-1000.000000000	-900.000000000	4.870638686	92.209651918	-160.000000000	4.869798288	91.859066199	0.000000000	0.000000000
-900.000000000	-900.000000000	4.870321524	92.209651918	-120.000000000	4.869597044	91.859066199	0.000000000	0.000000000
-800.000000000	-900.000000000	4.870036562	92.209651918	-80.000000000	4.869703301	91.859066199	0.000000000	0.000000000
-700.000000000	-900.000000000	4.869820828	92.209651918	-40.000000000	4.869560015	91.859066199	0.000000000	0.000000000
-600.000000000	-900.000000000	4.869730670	92.209651918	0.000000000	4.869479517	91.859066199	0.000000000	0.000000000
-500.000000000	-900.000000000	4.870364993	92.209651918	40.000000000	4.870511499	91.859066199	0.000000000	0.000000000
-400.000000000	-900.000000000	4.869896496	92.209651918	80.000000000	4.870331184	91.859066199	0.000000000	0.000000000
-300.000000000	-900.000000000	4.870110620	92.209651918	120.000000000	4.869107617	91.859066199	0.000000000	0.000000000
-200.000000000	-900.000000000	4.869313692	92.209651918	160.000000000	4.869859467	91.859066199	0.000000000	0.000000000
-100.000000000	-900.000000000	4.869440878	92.209651918	200.000000000	4.869442488	91.859066199	0.000000000	0.000000000
0.000000000	-900.000000000	4.869271833	92.209651918	240.000000000	4.869833707	91.859066199	0.000000000	0.000000000
100.000000000	-900.000000000	4.869796678	92.209651918	280.000000000	4.869899716	91.859066199	0.000000000	0.000000000
200.000000000	-900.000000000	4.869286322	92.209651918	320.000000000	4.870295765	91.859066199	0.000000000	0.000000000
300.000000000	-900.000000000	4.869698471	92.209651918	360.000000000	4.870577507	91.859066199	0.000000000	0.000000000
400.000000000	-900.000000000	4.869384530	92.209651918	400.000000000	4.870632246	91.859066199	0.000000000	0.000000000
500.000000000	-900.000000000	4.869200995	92.209651918	440.000000000	4.870699864	91.859066199	0.000000000	0.000000000
600.000000000	-900.000000000	4.870105790	92.209651918	480.000000000	4.870571067	91.859066199	0.000000000	0.000000000
700.000000000	-900.000000000	4.869655002	92.209651918	520.000000000	4.870859250	91.859066199	0.000000000	0.000000000
800.000000000	-900.000000000	4.869956064	92.209651918	560.000000000	4.870601657	91.859066199	0.000000000	0.000000000
900.000000000	-900.000000000	4.870443881	92.209651918	600.000000000	4.870817391	91.859066199	0.000000000	0.000000000
1000.000000000	-900.000000000	4.870026902	92.209651918	640.000000000	4.871760825	91.859066199	0.000000000	0.000000000
-1000.000000000	-800.000000000	4.869436048	92.243574252	680.000000000	4.870960677	91.859066199	0.000000000	0.000000000
-900.000000000	-800.000000000	4.869981823	92.243574252	720.000000000	4.871297158	91.859066199	0.000000000	0.000000000
-800.000000000	-800.000000000	4.870989656	92.243574252	760.000000000	4.870488960	91.859066199	0.000000000	0.000000000
-700.000000000	-800.000000000	4.870889839	92.243574252	800.000000000	4.870918818	91.859066199	0.000000000	0.000000000
-600.000000000	-800.000000000	4.870554968	92.243574252	840.000000000	4.872213223	91.859066199	0.000000000	0.000000000
-500.000000000	-800.000000000	4.870197558	92.243574252	880.000000000	4.871628809	91.859066199	0.000000000	0.000000000
-400.000000000	-800.000000000	4.870381093	92.243574252	920.000000000	4.871453324	91.859066199	0.000000000	0.000000000
-300.000000000	-800.000000000	4.869851417	92.243574252	960.000000000	4.871612709	91.859066199	0.000000000	0.000000000
-200.000000000	-800.000000000	4.869468247	92.243574252	1000.000000000	4.871591780	91.859066199	0.000000000	0.000000000
-100.000000000	-800.000000000	4.869270223	92.243574252	0.000000000	0.000000000	0.000000000	0.000000000	0.000000000
0.000000000	-800.000000000	4.869031949	92.243574252	0.000000000	0.000000000	0.000000000	0.000000000	0.000000000
100.000000000	-800.000000000	4.869482737	92.243574252	0.000000000	0.000000000	0.000000000	0.000000000	0.000000000
200.000000000	-800.000000000	4.869265393	92.243574252	0.000000000	0.000000000	0.000000000	0.000000000	0.000000000
300.000000000	-800.000000000	4.870012413	92.243574252	0.000000000	0.000000000	0.000000000	0.000000000	0.000000000
400.000000000	-800.000000000	4.869494007	92.243574252	0.000000000	0.000000000	0.000000000	0.000000000	0.000000000
500.000000000	-800.000000000	4.870229757	92.243574252	0.000000000	0.000000000	0.000000000	0.000000000	0.000000000
600.000000000	-800.000000000	4.869629243	92.243574252	0.000000000	0.000000000	0.000000000	0.000000000	0.000000000
700.000000000	-800.000000000	4.869822438	92.243574252	0.000000000	0.000000000	0.000000000	0.000000000	0.000000000
800.000000000	-800.000000000	4.869875566	92.243574252	0.000000000	0.000000000	0.000000000	0.000000000	0.000000000
900.000000000	-800.000000000	4.869824048	92.243574252	0.000000000	0.000000000	0.000000000	0.000000000	0.000000000
1000.000000000	-800.000000000	4.869815998	92.243574252	0.000000000	0.000000000	0.000000000	0.000000000	0.000000000
-1000.000000000	-700.000000000	4.869880396	91.994788530	0.000000000	0.000000000	0.000000000	0.000000000	0.000000000
-900.000000000	-700.000000000	4.870930088	91.994788530	0.000000000	0.000000000	0.000000000	0.000000000	0.000000000
-800.000000000	-700.000000000	4.870316694	91.994788530	0.000000000	0.000000000	0.000000000	0.000000000	0.000000000
-700.000000000	-700.000000000	4.869646953	91.994788530	0.000000000	0.000000000	0.000000000	0.000000000	0.000000000
-600.000000000	-700.000000000	4.869717791	91.994788530	0.000000000	0.000000000	0.000000000	0.000000000	0.000000000
-500.000000000	-700.000000000	4.869853027	91.994788530	0.000000000	0.000000000	0.000000000	0.000000000	0.000000000
-400.000000000	-700.000000000	4.869861077	91.994788530	0.000000000	0.000000000	0.000000000	0.000000000	0.000000000
-300.000000000	-700.000000000	4.869339451	91.994788530	0.000000000	0.000000000	0.000000000	0.000000000	0.000000000
-200.000000000	-700.000000000	4.870569458	91.994788530	0.000000000	0.000000000	0.000000000	0.000000000	0.000000000
-100.000000000	-700.000000000	4.869606704	91.994788530	0.000000000	0.000000000	0.000000000	0.000000000	0.000000000
0.000000000	-700.000000000	4.869642123	91.994788530	0.000000000	0.000000000	0.000000000	0.000000000	0.000000000
100.000000000	-700.000000000	4.869560015	91.994788530	0.000000000	0.000000000	0.000000000	0.000000000	0.000000000
200.000000000	-700.000000000	4.868922472	91.994788530	0.000000000	0.000000000	0.000000000	0.000000000	0.000000000
300.000000000	-700.000000000	4.869563235	91.994788530	0.000000000	0.000000000	0.000000000	0.000000000	0.000000000
400.000000000	-700.000000000	4.869044829	91.994788530	0.000000000	0.000000000	0.000000000	0.000000000	0.000000000
500.000000000	-700.000000000	4.870083251	91.994788530	0.000000000	0.000000000	0.000000000	0.000000000	0.000000000
600.000000000	-700.000000000	4.870086471	91.994788530	0.000000000	0.000000000	0.000000000	0.000000000	0.000000000
700.000000000	-700.000000000	4.869811168	91.994788530	0.000000000	0.000000000	0.000000000	0.000000000	0.000000000
800.000000000	-700.000000000	4.870411682	91.994788530	0.000000000	0.000000000	0.000000000	0.000000000	0.000000000
900.000000000	-700.000000000	4.869661442	91.994788530	0.000000000	0.000000000	0.000000000	0.000000000	0.000000000
1000.000000000	-700.000000000	4.869799898	91.994788530	0.000000000	0.000000000	0.000000000	0.000000000	0.000000000
-1000.000000000	-600.000000000	4.870743333	91.881687599	0.000000000	0.000000000	0.000000000	0.000000000	0.000000000
-900.000000000	-600.000000000	4.870542088	91.881687599	0.000000000	0.000000000	0.000000000	0.000000000	0.000000000
-800.000000000	-600.000000000	4.870282885	91.881687599	0.000000000	0.000000000	0.000000000	0.000000000	0.000000000
-700.000000000	-600.000000000	4.870583947	91.881687599	0.000000000	0.000000000	0.000000000	0.000000000	0.000000000
-600.000000000	-600.000000000	4.870073591	91.881687599	0.000000000	0.000000000	0.000000000	0.000000000	0.000000000
-500.000000000	-600.000000000	4.870033342	91.881687599	0.000000000	0.000000000	0.000000000	0.000000000	0.000000000
-400.000000000	-600.000000000	4.869220314	91.881687599	0.000000000	0.000000000	0.000000000	0.000000000	0.000000000
-300.000000000	-600.000000000	4.869608314	91.881687599	0.000000000	0.000000000	0.000000000	0.000000000	0.000000000
-200.000000000	-600.000000000	4.869481127	91.881687599	0.000000000	0.000000000	0.000000000	0.000000000	0.000000000
-100.000000000	-600.000000000	4.869548745	91.881687599	0.000000000	0.000000000	0.000000000	0.000000000	0.000000000
0.000000000	-600.000000000	4.869737110	91.881687599	0.000000000	0.000000000	0.000000000	0.000000000	0.000000000
100.000000000	-600.000000000	4.869896496	91.881687599	0.000000000	0.000000000	0.000000000	0.000000000	0.000000000
200.000000000	-600.000000000	4.869614753	91.881687599	0.000000000	0.000000000	0.000000000	0.000000000	0.000000000
300.000000000	-600.000000000	4.869777359	91.881687599	0.000000000	0.000000000	0.000000000	0.000000000	0.000000000
400.000000000	-600.000000000	4.869217094	91.881687599	0.000000000	0.000000000	0.000000000	0.000000000	0.000000000
500.000000000	-600.000000000	4.870149259	91.881687599	0.000000000	0.000000000	0.000000000	0.000000000	0.000000000
600.000000000	-600.000000000	4.869576114	91.881687599	0.000000000	0.000000000	0.000000000	0.000000000	0.000000000
700.000000000	-600.000000000	4.870051052	91.881687599	0.000000000	0.000000000	0.000000000	0.000000000	0.000000000
800.000000000	-600.000000000	4.870173408	91.881687599	0.000000000	0.000000000	0.000000000	0.000000000	0.000000000
900.000000000	-600.000000000	4.869505276	91.881687599	0.000000000	0.000000000	0.000000000	0.000000000	0.000000000
1000.000000000	-600.000000000	4.869894886	91.881687599	0.000000000	0.000000000	0.000000000	0.000000000	0.000000000
-1000.000000000	-500.000000000	4.870336014	11.750000000	0.000000000	0.000000000	0.000000000	0.000000000	0.000000000
-900.000000000	-500.000000000	4.870049442	11.750000000	0.000000000	0.000000000	0.000000000	0.000000000	0.000000000
-800.000000000	-500.000000000	4.870068761	11.750000000	0.000000000	0.000000000	0.000000000	0.000000000	0.000000000
-700.000000000	-500.000000000	4.870121890	11.750000000	0.000000000	0.000000000	0.000000000	0.000000000	0.000000000
-600.000000000	-500.000000000	4.870120280	11.750000000	0.000000000	0.000000000	0.000000000	0.000000000	0.000000000
-500.000000000	-500.000000000	4.869957674	11.750000000	0.000000000	0.000000000	0.000000000	0.000000000	0.000000000
-400.000000000	-500.000000000	4.869188115	11.750000000	0.000000000	0.000000000	0.000000000	0.000000000	0.000000000
-300.000000000	-500.000000000	4.869159136	11.750000000	0.000000000	0.000000000	0.000000000	0.000000000	0.000000000
-200.000000000	-500.000000000	4.869399019	11.750000000	0.000000000	0.000000000	0.000000000	0.000000000	0.000000000
-100.000000000	-500.000000000	4.869605094	11.750000000	0.000000000	0.000000000	0.000000000	0.000000000	0.000000000
0.000000000	-500.000000000	4.869397409	11.750000000	0.000000000	0.000000000	0.000000000	0.000000000	0.000000000
100.000000000	-500.000000000	4.869225144	11.750000000	0.000000000	0.000000000	0.000000000	0.000000000	0.000000000
200.000000000	-500.000000000	4.870126720	11.750000000	0.000000000	0.000000000	0.000000000	0.000000000	0.000000000
300.000000000	-500.000000000	4.869228364	11.750000000	0.000000000	0.000000000	0.000000000	0.000000000	0.000000000
400.000000000	-500.000000000	4.870031732	11.750000000	0.000000000	0.000000000	0.000000000	0.000000000	0.000000000
500.000000000	-500.000000000	4.868983651	11.750000000	0.000000000	0.000000000	0.000000000	0.000000000	0.000000000
600.000000000	-500.000000000	4.869695251	11.750000000	0.000000000	0.000000000	0.000000000	0.000000000	0.000000000
700.000000000	-500.000000000	4.870110620	11.750000000	0.000000000	0.000000000	0.000000000	0.000000000	0.000000000
800.000000000	-500.000000000	4.870482520	11.750000000	0.000000000	0.000000000	0.000000000	0.000000000	0.000000000
900.000000000	-500.000000000	4.870036562	11.750000000	0.000000000	0.000000000	0.000000000	0.000000000	0.000000000
1000.000000000	-500.000000000	4.870844760	11.750000000	0.000000000	0.000000000	0.000000000	0.000000000	0.000000000
-1000.000000000	-400.000000000	4.870593607	92.107879214	0.000000000	0.000000000	0.000000000	0.000000000	0.000000000
-900.000000000	-400.000000000	4.870579117	92.107879214	0.000000000	0.000000000	0.000000000	0.000000000	0.000000000
-800.000000000	-400.000000000	4.869862687	92.107879214	0.000000000	0.000000000	0.000000000	0.000000000	0.000000000
-700.000000000	-400.000000000	4.870030122	92.107879214	0.000000000	0.000000000	0.000000000	0.000000000	0.000000000
-600.000000000	-400.000000000	4.869683982	92.107879214	0.000000000	0.000000000	0.000000000	0.000000000	0.000000000
-500.000000000	-400.000000000	4.869778969	92.107879214	0.000000000	0.000000000	0.000000000	0.000000000	0.000000000
-400.000000000	-400.000000000	4.870121890	92.107879214	0.000000000	0.000000000	0.000000000	0.000000000	0.000000000
-300.000000000	-400.000000000	4.869588994	92.107879214	0.000000000	0.000000000	0.000000000	0.000000000	0.000000000
-200.000000000	-400.000000000	4.869429608	92.107879214	0.000000000	0.000000000	0.000000000	0.000000000	0.000000000
-100.000000000	-400.000000000	4.869682372	92.107879214	0.000000000	0.000000000	0.000000000	0.000000000	0.000000000
0.000000000	-400.000000000	4.869048049	92.107879214	0.000000000	0.000000000	0.000000000	0.000000000	0.000000000
100.000000000	-400.000000000	4.869956064	92.107879214	0.000000000	0.000000000	0.000000000	0.000000000	0.000000000
200.000000000	-400.000000000	4.869239634	92.107879214	0.000000000	0.000000000	0.000000000	0.000000000	0.000000000
300.000000000	-400.000000000	4.869405459	92.107879214	0.000000000	0.000000000	0.000000000	0.000000000	0.000000000
400.000000000	-400.000000000	4.869836927	92.107879214	0.000000000	0.000000000	0.000000000	0.000000000	0.000000000
500.000000000	-400.000000000	4.869028729	92.107879214	0.000000000	0.000000000	0.000000000	0.000000000	0.000000000
600.000000000	-400.000000000	4.870307035	92.107879214	0.000000000	0.000000000	0.000000000	0.000000000	0.000000000
700.000000000	-400.000000000	4.870355333	92.107879214	0.000000000	0.000000000	0.000000000	0.000000000	0.000000000
800.000000000	-400.000000000	4.870772312	92.107879214	0.000000000	0.000000000	0.000000000	0.000000000	0.000000000
900.000000000	-400.000000000	4.870498619	92.107879214	0.000000000	0.000000000	0.000000000	0.000000000	0.000000000
1000.000000000	-400.000000000	4.871017025	92.107879214	0.000000000	0.000000000	0.000000000	0.000000000	0.000000000
-1000.000000000	-300.000000000	4.871065324	92.085261906	0.000000000	0.000000000	0.000000000	0.000000000	0.000000000
-900.000000000	-300.000000000	4.870368213	92.085261906	0.000000000	0.000000000	0.000000000	0.000000000	0.000000000
-800.000000000	-300.000000000	4.870205607	92.085261906	0.000000000	0.000000000	0.000000000	0.000000000	0.000000000
-700.000000000	-300.000000000	4.870709524	92.085261906	0.000000000	0.000000000	0.000000000	0.000000000	0.000000000
-600.000000000	-300.000000000	4.870308645	92.085261906	0.000000000	0.000000000	0.000000000	0.000000000	0.000000000
-500.000000000	-300.000000000	4.869505276	92.085261906	0.000000000	0.000000000	0.000000000	0.000000000	0.000000000
-400.000000000	-300.000000000	4.870282885	92.085261906	0.000000000	0.000000000	0.000000000	0.000000000	0.000000000
-300.000000000	-300.000000000	4.870173408	92.085261906	0.000000000	0.000000000	0.000000000	0.000000000	0.000000000
-200.000000000	-300.000000000	4.869558405	92.085261906	0.000000000	0.000000000	0.000000000	0.000000000	0.000000000
-100.000000000	-300.000000000	4.869973774	92.085261906	0.000000000	0.000000000	0.000000000	0.000000000	0.000000000
0.000000000	-300.000000000	4.869236414	92.085261906	0.000000000	0.000000000	0.000000000	0.000000000	0.000000000
100.000000000	-300.000000000	4.869882006	92.085261906	0.000000000	0.000000000	0.000000000	0.000000000	0.000000000
200.000000000	-300.000000000	4.869307252	92.085261906	0.000000000	0.000000000	0.000000000	0.000000000	0.000000000
300.000000000	-300.000000000	4.869397409	92.085261906	0.000000000	0.000000000	0.000000000	0.000000000	0.000000000
400.000000000	-300.000000000	4.869651782	92.085261906	0.000000000	0.000000000	0.000000000	0.000000000	0.000000000
500.000000000	-300.000000000	4.869735500	92.085261906	0.000000000	0.000000000	0.000000000	0.000000000	0.000000000
600.000000000	-300.000000000	4.870023682	92.085261906	0.000000000	0.000000000	0.000000000	0.000000000	0.000000000
700.000000000	-300.000000000	4.870187898	92.085261906	0.000000000	0.000000000	0.000000000	0.000000000	0.000000000
800.000000000	-300.000000000	4.870360163	92.085261906	0.000000000	0.000000000	0.000000000	0.000000000	0.000000000
900.000000000	-300.000000000	4.869679152	92.085261906	0.000000000	0.000000000	0.000000000	0.000000000	0.000000000
1000.000000000	-300.000000000	4.870192728	92.085261906	0.000000000	0.000000000	0.000000000	0.000000000	0.000000000
-1000.000000000	-200.000000000	4.870221707	92.153112578	0.000000000	0.000000000	0.000000000	0.000000000	0.000000000
-900.000000000	-200.000000000	4.870220097	92.153112578	0.000000000	0.000000000	0.000000000	0.000000000	0.000000000
-800.000000000	-200.000000000	4.870257126	92.153112578	0.000000000	0.000000000	0.000000000	0.000000000	0.000000000
-700.000000000	-200.000000000	4.870794851	92.153112578	0.000000000	0.000000000	0.000000000	0.000000000	0.000000000
-600.000000000	-200.000000000	4.870564628	92.153112578	0.000000000	0.000000000	0.000000000	0.000000000	0.000000000
-500.000000000	-200.000000000	4.870461590	92.153112578	0.000000000	0.000000000	0.000000000	0.000000000	0.000000000
-400.000000000	-200.000000000	4.870287715	92.153112578	0.000000000	0.000000000	0.000000000	0.000000000	0.000000000
-300.000000000	-200.000000000	4.869878786	92.153112578	0.000000000	0.000000000	0.000000000	0.000000000	0.000000000
-200.000000000	-200.000000000	4.869592214	92.153112578	0.000000000	0.000000000	0.000000000	0.000000000	0.000000000
-100.000000000	-200.000000000	4.869543915	92.153112578	0.000000000	0.000000000	0.000000000	0.000000000	0.000000000
0.000000000	-200.000000000	4.869043219	92.153112578	0.000000000	0.000000000	0.000000000	0.000000000	0.000000000
100.000000000	-200.000000000	4.870175018	92.153112578	0.000000000	0.000000000	0.000000000	0.000000000	0.000000000
200.000000000	-200.000000000	4.869419949	92.153112578	0.000000000	0.000000000	0.000000000	0.000000000	0.000000000
300.000000000	-200.000000000	4.869730670	92.153112578	0.000000000	0.000000000	0.000000000	0.000000000	0.000000000
400.000000000	-200.000000000	4.870033342	92.153112578	0.000000000	0.000000000	0.000000000	0.000000000	0.000000000
500.000000000	-200.000000000	4.869790239	92.153112578	0.000000000	0.000000000	0.000000000	0.000000000	0.000000000
600.000000000	-200.000000000	4.869873956	92.153112578	0.000000000	0.000000000	0.000000000	0.000000000	0.000000000
700.000000000	-200.000000000	4.870456761	92.153112578	0.000000000	0.000000000	0.000000000	0.000000000	0.000000000
800.000000000	-200.000000000	4.870675715	92.153112578	0.000000000	0.000000000	0.000000000	0.000000000	0.000000000
900.000000000	-200.000000000	4.870872129	92.153112578	0.000000000	0.000000000	0.000000000	0.000000000	0.000000000
1000.000000000	-200.000000000	4.870868909	92.153112578	0.000000000	0.000000000	0.000000000	0.000000000	0.000000000
-1000.000000000	-100.000000000	4.870675715	91.904308596	0.000000000	0.000000000	0.000000000	0.000000000	0.000000000
-900.000000000	-100.000000000	4.870300595	91.904308596	0.000000000	0.000000000	0.000000000	0.000000000	0.000000000
-800.000000000	-100.000000000	4.870624196	91.904308596	0.000000000	0.000000000	0.000000000	0.000000000	0.000000000
-700.000000000	-100.000000000	4.870186288	91.904308596	0.000000000	0.000000000	0.000000000	0.000000000	0.000000000
-600.000000000	-100.000000000	4.870186288	91.904308596	0.000000000	0.000000000	0.000000000	0.000000000	0.000000000
-500.000000000	-100.000000000	4.870010803	91.904308596	0.000000000	0.000000000	0.000000000	0.000000000	0.000000000
-400.000000000	-100.000000000	4.870113840	91.904308596	0.000000000	0.000000000	0.000000000	0.000000000	0.000000000
-300.000000000	-100.000000000	4.870976776	91.904308596	0.000000000	0.000000000	0.000000000	0.000000000	0.000000000
-200.000000000	-100.000000000	4.869543915	91.904308596	0.000000000	0.000000000	0.000000000	0.000000000	0.000000000
-100.000000000	-100.000000000	4.870696644	91.904308596	0.000000000	0.000000000	0.000000000	0.000000000	0.000000000
0.000000000	-100.000000000	4.869669492	91.904308596	0.000000000	0.000000000	0.000000000	0.000000000	0.000000000
100.000000000	-100.000000000	4.869374870	91.904308596	0.000000000	0.000000000	0.000000000	0.000000000	0.000000000
200.000000000	-100.000000000	4.869651782	91.904308596	0.000000000	0.000000000	0.000000000	0.000000000	0.000000000
300.000000000	-100.000000000	4.870327964	91.904308596	0.000000000	0.000000000	0.000000000	0.000000000	0.000000000
400.000000000	-100.000000000	4.869672712	91.904308596	0.000000000	0.000000000	0.000000000	0.000000000	0.000000000
500.000000000	-100.000000000	4.870121890	91.904308596	0.000000000	0.000000000	0.000000000	0.000000000	0.000000000
600.000000000	-100.000000000	4.870406852	91.904308596	0.000000000	0.000000000	0.000000000	0.000000000	0.000000000
700.000000000	-100.000000000	4.870165358	91.904308596	0.000000000	0.000000000	0.000000000	0.000000000	0.000000000
800.000000000	-100.000000000	4.870271616	91.904308596	0.000000000	0.000000000	0.000000000	0.000000000	0.000000000
900.000000000	-100.000000000	4.871033125	91.904308596	0.000000000	0.000000000	0.000000000	0.000000000	0.000000000
1000.000000000	-100.000000000	4.870356943	91.904308596	0.000000000	0.000000000	0.000000000	0.000000000	0.000000000
-1000.000000000	0.000000000	4.870368213	91.892998148	0.000000000	0.000000000	0.000000000	0.000000000	0.000000000
-900.000000000	0.000000000	4.870918818	91.892998148	0.000000000	0.000000000	0.000000000	0.000000000	0.000000000
-800.000000000	0.000000000	4.870864080	91.892998148	0.000000000	0.000000000	0.000000000	0.000000000	0.000000000
-700.000000000	0.000000000	4.871018635	91.892998148	0.000000000	0.000000000	0.000000000	0.000000000	0.000000000
-600.000000000	0.000000000	4.870344064	91.892998148	0.000000000	0.000000000	0.000000000	0.000000000	0.000000000
-500.000000000	0.000000000	4.870617756	91.892998148	0.000000000	0.000000000	0.000000000	0.000000000	0.000000000
-400.000000000	0.000000000	4.869906156	91.892998148	0.000000000	0.000000000	0.000000000	0.000000000	0.000000000
-300.000000000	0.000000000	4.869991483	91.892998148	0.000000000	0.000000000	0.000000000	0.000000000	0.000000000
-200.000000000	0.000000000	4.870068761	91.892998148	0.000000000	0.000000000	0.000000000	0.000000000	0.000000000
-100.000000000	0.000000000	4.869560015	91.892998148	0.000000000	0.000000000	0.000000000	0.000000000	0.000000000
0.000000000	0.000000000	4.869202605	91.892998148	0.000000000	0.000000000	0.000000000	0.000000000	0.000000000
100.000000000	0.000000000	4.869497227	91.892998148	0.000000000	0.000000000	0.000000000	0.000000000	0.000000000
200.000000000	0.000000000	4.869975384	91.892998148	0.000000000	0.000000000	0.000000000	0.000000000	0.000000000
300.000000000	0.000000000	4.869535866	91.892998148	0.000000000	0.000000000	0.000000000	0.000000000	0.000000000
400.000000000	0.000000000	4.869278273	91.892998148	0.000000000	0.000000000	0.000000000	0.000000000	0.000000000
500.000000000	0.000000000	4.869943185	91.892998148	0.000000000	0.000000000	0.000000000	0.000000000	0.000000000
600.000000000	0.000000000	4.870616146	91.892998148	0.000000000	0.000000000	0.000000000	0.000000000	0.000000000
700.000000000	0.000000000	4.870725623	91.892998148	0.000000000	0.000000000	0.000000000	0.000000000	0.000000000
800.000000000	0.000000000	4.870260346	91.892998148	0.000000000	0.000000000	0.000000000	0.000000000	0.000000000
900.000000000	0.000000000	4.871000926	91.892998148	0.000000000	0.000000000	0.000000000	0.000000000	0.000000000
1000.000000000	0.000000000	4.870699864	91.892998148	0.000000000	0.000000000	0.000000000	0.000000000	0.000000000
-1000.000000000	100.000000000	4.871007366	92.141804394	0.000000000	0.000000000	0.000000000	0.000000000	0.000000000
-900.000000000	100.000000000	4.871480693	92.141804394	0.000000000	0.000000000	0.000000000	0.000000000	0.000000000
-800.000000000	100.000000000	4.870996096	92.141804394	0.000000000	0.000000000	0.000000000	0.000000000	0.000000000
-700.000000000	100.000000000	4.869822438	92.141804394	0.000000000	0.000000000	0.000000000	0.000000000	0.000000000
-600.000000000	100.000000000	4.870247466	92.141804394	0.000000000	0.000000000	0.000000000	0.000000000	0.000000000
-500.000000000	100.000000000	4.870807731	92.141804394	0.000000000	0.000000000	0.000000000	0.000000000	0.000000000
-400.000000000	100.000000000	4.869788629	92.141804394	0.000000000	0.000000000	0.000000000	0.000000000	0.000000000
-300.000000000	100.000000000	4.869856247	92.141804394	0.000000000	0.000000000	0.000000000	0.000000000	0.000000000
-200.000000000	100.000000000	4.870276446	92.141804394	0.000000000	0.000000000	0.000000000	0.000000000	0.000000000
-100.000000000	100.000000000	4.870126720	92.141804394	0.000000000	0.000000000	0.000000000	0.000000000	0.000000000
0.000000000	100.000000000	4.870347284	92.141804394	0.000000000	0.000000000	0.000000000	0.000000000	0.000000000
100.000000000	100.000000000	4.870136379	92.141804394	0.000000000	0.000000000	0.000000000	0.000000000	0.000000000
200.000000000	100.000000000	4.870005973	92.141804394	0.000000000	0.000000000	0.000000000	0.000000000	0.000000000
300.000000000	100.000000000	4.870390752	92.141804394	0.000000000	0.000000000	0.000000000	0.000000000	0.000000000
400.000000000	100.000000000	4.869912595	92.141804394	0.000000000	0.000000000	0.000000000	0.000000000	0.000000000
500.000000000	100.000000000	4.870532429	92.141804394	0.000000000	0.000000000	0.000000000	0.000000000	0.000000000
600.000000000	100.000000000	4.870904328	92.141804394	0.000000000	0.000000000	0.000000000	0.000000000	0.000000000
700.000000000	100.000000000	4.870068761	92.141804394	0.000000000	0.000000000	0.000000000	0.000000000	0.000000000
800.000000000	100.000000000	4.871311647	92.141804394	0.000000000	0.000000000	0.000000000	0.000000000	0.000000000
900.000000000	100.000000000	4.870991266	92.141804394	0.000000000	0.000000000	0.000000000	0.000000000	0.000000000
1000.000000000	100.000000000	4.870765872	92.141804394	0.000000000	0.000000000	0.000000000	0.000000000	0.000000000
-1000.000000000	200.000000000	4.870315084	92.187036498	0.000000000	0.000000000	0.000000000	0.000000000	0.000000000
-900.000000000	200.000000000	4.871102353	92.187036498	0.000000000	0.000000000	0.000000000	0.000000000	0.000000000
-800.000000000	200.000000000	4.870540478	92.187036498	0.000000000	0.000000000	0.000000000	0.000000000	0.000000000
-700.000000000	200.000000000	4.870976776	92.187036498	0.000000000	0.000000000	0.000000000	0.000000000	0.000000000
-600.000000000	200.000000000	4.870411682	92.187036498	0.000000000	0.000000000	0.000000000	0.000000000	0.000000000
-500.000000000	200.000000000	4.870232977	92.187036498	0.000000000	0.000000000	0.000000000	0.000000000	0.000000000
-400.000000000	200.000000000	4.870909158	92.187036498	0.000000000	0.000000000	0.000000000	0.000000000	0.000000000
-300.000000000	200.000000000	4.870960677	92.187036498	0.000000000	0.000000000	0.000000000	0.000000000	0.000000000
-200.000000000	200.000000000	4.870060711	92.187036498	0.000000000	0.000000000	0.000000000	0.000000000	0.000000000
-100.000000000	200.000000000	4.870110620	92.187036498	0.000000000	0.000000000	0.000000000	0.000000000	0.000000000
0.000000000	200.000000000	4.870649955	92.187036498	0.000000000	0.000000000	0.000000000	0.000000000	0.000000000
100.000000000	200.000000000	4.869500447	92.187036498	0.000000000	0.000000000	0.000000000	0.000000000	0.000000000
200.000000000	200.000000000	4.869671102	92.187036498	0.000000000	0.000000000	0.000000000	0.000000000	0.000000000
300.000000000	200.000000000	4.870445491	92.187036498	0.000000000	0.000000000	0.000000000	0.000000000	0.000000000
400.000000000	200.000000000	4.870144429	92.187036498	0.000000000	0.000000000	0.000000000	0.000000000	0.000000000
500.000000000	200.000000000	4.870371433	92.187036498	0.000000000	0.000000000	0.000000000	0.000000000	0.000000000
600.000000000	200.000000000	4.870540478	92.187036498	0.000000000	0.000000000	0.000000000	0.000000000	0.000000000
700.000000000	200.000000000	4.870682154	92.187036498	0.000000000	0.000000000	0.000000000	0.000000000	0.000000000
800.000000000	200.000000000	4.870773922	92.187036498	0.000000000	0.000000000	0.000000000	0.000000000	0.000000000
900.000000000	200.000000000	4.870567848	92.187036498	0.000000000	0.000000000	0.000000000	0.000000000	0.000000000
1000.000000000	200.000000000	4.870656395	92.187036498	0.000000000	0.000000000	0.000000000	0.000000000	0.000000000
-1000.000000000	300.000000000	4.871052444	92.175728630	0.000000000	0.000000000	0.000000000	0.000000000	0.000000000
-900.000000000	300.000000000	4.871755995	92.175728630	0.000000000	0.000000000	0.000000000	0.000000000	0.000000000
-800.000000000	300.000000000	4.871224710	92.175728630	0.000000000	0.000000000	0.000000000	0.000000000	0.000000000
-700.000000000	300.000000000	4.871008976	92.175728630	0.000000000	0.000000000	0.000000000	0.000000000	0.000000000
-600.000000000	300.000000000	4.870485740	92.175728630	0.000000000	0.000000000	0.000000000	0.000000000	0.000000000
-500.000000000	300.000000000	4.870527599	92.175728630	0.000000000	0.000000000	0.000000000	0.000000000	0.000000000
-400.000000000	300.000000000	4.870685374	92.175728630	0.000000000	0.000000000	0.000000000	0.000000000	0.000000000
-300.000000000	300.000000000	4.870377873	92.175728630	0.000000000	0.000000000	0.000000000	0.000000000	0.000000000
-200.000000000	300.000000000	4.869341061	92.175728630	0.000000000	0.000000000	0.000000000	0.000000000	0.000000000
-100.000000000	300.000000000	4.869180065	92.175728630	0.000000000	0.000000000	0.000000000	0.000000000	0.000000000
0.000000000	300.000000000	4.869872346	92.175728630	0.000000000	0.000000000	0.000000000	0.000000000	0.000000000
100.000000000	300.000000000	4.869626023	92.175728630	0.000000000	0.000000000	0.000000000	0.000000000	0.000000000
200.000000000	300.000000000	4.870323134	92.175728630	0.000000000	0.000000000	0.000000000	0.000000000	0.000000000
300.000000000	300.000000000	4.870112230	92.175728630	0.000000000	0.000000000	0.000000000	0.000000000	0.000000000
400.000000000	300.000000000	4.870350503	92.175728630	0.000000000	0.000000000	0.000000000	0.000000000	0.000000000
500.000000000	300.000000000	4.870724013	92.175728630	0.000000000	0.000000000	0.000000000	0.000000000	0.000000000
600.000000000	300.000000000	4.870695034	92.175728630	0.000000000	0.000000000	0.000000000	0.000000000	0.000000000
700.000000000	300.000000000	4.870574287	92.175728630	0.000000000	0.000000000	0.000000000	0.000000000	0.000000000
800.000000000	300.000000000	4.870955847	92.175728630	0.000000000	0.000000000	0.000000000	0.000000000	0.000000000
900.000000000	300.000000000	4.871425954	92.175728630	0.000000000	0.000000000	0.000000000	0.000000000	0.000000000
1000.000000000	300.000000000	4.871878352	92.175728630	0.000000000	0.000000000	0.000000000	0.000000000	0.000000000
-1000.000000000	400.000000000	4.871281058	91.949549377	0.000000000	0.000000000	0.000000000	0.000000000	0.000000000
-900.000000000	400.000000000	4.870376263	91.949549377	0.000000000	0.000000000	0.000000000	0.000000000	0.000000000
-800.000000000	400.000000000	4.870542088	91.949549377	0.000000000	0.000000000	0.000000000	0.000000000	0.000000000
-700.000000000	400.000000000	4.870648345	91.949549377	0.000000000	0.000000000	0.000000000	0.000000000	0.000000000
-600.000000000	400.000000000	4.870154089	91.949549377	0.000000000	0.000000000	0.000000000	0.000000000	0.000000000
-500.000000000	400.000000000	4.870786802	91.949549377	0.000000000	0.000000000	0.000000000	0.000000000	0.000000000
-400.000000000	400.000000000	4.869666272	91.949549377	0.000000000	0.000000000	0.000000000	0.000000000	0.000000000
-300.000000000	400.000000000	4.870055881	91.949549377	0.000000000	0.000000000	0.000000000	0.000000000	0.000000000
-200.000000000	400.000000000	4.869902936	91.949549377	0.000000000	0.000000000	0.000000000	0.000000000	0.000000000
-100.000000000	400.000000000	4.869101177	91.949549377	0.000000000	0.000000000	0.000000000	0.000000000	0.000000000
0.000000000	400.000000000	4.869466637	91.949549377	0.000000000	0.000000000	0.000000000	0.000000000	0.000000000
100.000000000	400.000000000	4.869600264	91.949549377	0.000000000	0.000000000	0.000000000	0.000000000	0.000000000
200.000000000	400.000000000	4.870192728	91.949549377	0.000000000	0.000000000	0.000000000	0.000000000	0.000000000
300.000000000	400.000000000	4.870017243	91.949549377	0.000000000	0.000000000	0.000000000	0.000000000	0.000000000
400.000000000	400.000000000	4.870030122	91.949549377	0.000000000	0.000000000	0.000000000	0.000000000	0.000000000
500.000000000	400.000000000	4.870239416	91.949549377	0.000000000	0.000000000	0.000000000	0.000000000	0.000000000
600.000000000	400.000000000	4.870456761	91.949549377	0.000000000	0.000000000	0.000000000	0.000000000	0.000000000
700.000000000	400.000000000	4.870846370	91.949549377	0.000000000	0.000000000	0.000000000	0.000000000	0.000000000
800.000000000	400.000000000	4.870788412	91.949549377	0.000000000	0.000000000	0.000000000	0.000000000	0.000000000
900.000000000	400.000000000	4.870917208	91.949549377	0.000000000	0.000000000	0.000000000	0.000000000	0.000000000
1000.000000000	400.000000000	4.870717574	91.949549377	0.000000000	0.000000000	0.000000000	0.000000000	0.000000000
-1000.000000000	500.000000000	4.871321307	91.926929189	0.000000000	0.000000000	0.000000000	0.000000000	0.000000000
-900.000000000	500.000000000	4.871669058	91.926929189	0.000000000	0.000000000	0.000000000	0.000000000	0.000000000
-800.000000000	500.000000000	4.871590170	91.926929189	0.000000000	0.000000000	0.000000000	0.000000000	0.000000000
-700.000000000	500.000000000	4.870997706	91.926929189	0.000000000	0.000000000	0.000000000	0.000000000	0.000000000
-600.000000000	500.000000000	4.871503232	91.926929189	0.000000000	0.000000000	0.000000000	0.000000000	0.000000000
-500.000000000	500.000000000	4.870207217	91.926929189	0.000000000	0.000000000	0.000000000	0.000000000	0.000000000
-400.000000000	500.000000000	4.870802901	91.926929189	0.000000000	0.000000000	0.000000000	0.000000000	0.000000000
-300.000000000	500.000000000	4.869407069	91.926929189	0.000000000	0.000000000	0.000000000	0.000000000	0.000000000
-200.000000000	500.000000000	4.869524596	91.926929189	0.000000000	0.000000000	0.000000000	0.000000000	0.000000000
-100.000000000	500.000000000	4.869841757	91.926929189	0.000000000	0.000000000	0.000000000	0.000000000	0.000000000
0.000000000	500.000000000	4.870276446	91.926929189	0.000000000	0.000000000	0.000000000	0.000000000	0.000000000
100.000000000	500.000000000	4.869790239	91.926929189	0.000000000	0.000000000	0.000000000	0.000000000	0.000000000
200.000000000	500.000000000	4.870004363	91.926929189	0.000000000	0.000000000	0.000000000	0.000000000	0.000000000
300.000000000	500.000000000	4.870358553	91.926929189	0.000000000	0.000000000	0.000000000	0.000000000	0.000000000
400.000000000	500.000000000	4.869980213	91.926929189	0.000000000	0.000000000	0.000000000	0.000000000	0.000000000
500.000000000	500.000000000	4.870311865	91.926929189	0.000000000	0.000000000	0.000000000	0.000000000	0.000000000
600.000000000	500.000000000	4.870859250	91.926929189	0.000000000	0.000000000	0.000000000	0.000000000	0.000000000
700.000000000	500.000000000	4.871709307	91.926929189	0.000000000	0.000000000	0.000000000	0.000000000	0.000000000
800.000000000	500.000000000	4.871852593	91.926929189	0.000000000	0.000000000	0.000000000	0.000000000	0.000000000
900.000000000	500.000000000	4.870558188	91.926929189	0.000000000	0.000000000	0.000000000	0.000000000	0.000000000
1000.000000000	500.000000000	4.871347066	91.926929189	0.000000000	0.000000000	0.000000000	0.000000000	0.000000000
-1000.000000000	600.000000000	4.871261739	92.017407492	0.000000000	0.000000000	0.000000000	0.000000000	0.000000000
-900.000000000	600.000000000	4.870981606	92.017407492	0.000000000	0.000000000	0.000000000	0.000000000	0.000000000
-800.000000000	600.000000000	4.870988046	92.017407492	0.000000000	0.000000000	0.000000000	0.000000000	0.000000000
-700.000000000	600.000000000	4.871108793	92.017407492	0.000000000	0.000000000	0.000000000	0.000000000	0.000000000
-600.000000000	600.000000000	4.871424344	92.017407492	0.000000000	0.000000000	0.000000000	0.000000000	0.000000000
-500.000000000	600.000000000	4.870213657	92.017407492	0.000000000	0.000000000	0.000000000	0.000000000	0.000000000
-400.000000000	600.000000000	4.869635683	92.017407492	0.000000000	0.000000000	0.000000000	0.000000000	0.000000000
-300.000000000	600.000000000	4.870094520	92.017407492	0.000000000	0.000000000	0.000000000	0.000000000	0.000000000
-200.000000000	600.000000000	4.870094520	92.017407492	0.000000000	0.000000000	0.000000000	0.000000000	0.000000000
-100.000000000	600.000000000	4.869548745	92.017407492	0.000000000	0.000000000	0.000000000	0.000000000	0.000000000
0.000000000	600.000000000	4.869824048	92.017407492	0.000000000	0.000000000	0.000000000	0.000000000	0.000000000
100.000000000	600.000000000	4.870015633	92.017407492	0.000000000	0.000000000	0.000000000	0.000000000	0.000000000
200.000000000	600.000000000	4.869059318	92.017407492	0.000000000	0.000000000	0.000000000	0.000000000	0.000000000
300.000000000	600.000000000	4.869737110	92.017407492	0.000000000	0.000000000	0.000000000	0.000000000	0.000000000
400.000000000	600.000000000	4.869878786	92.017407492	0.000000000	0.000000000	0.000000000	0.000000000	0.000000000
500.000000000	600.000000000	4.870662835	92.017407492	0.000000000	0.000000000	0.000000000	0.000000000	0.000000000
600.000000000	600.000000000	4.870356943	92.017407492	0.000000000	0.000000000	0.000000000	0.000000000	0.000000000
700.000000000	600.000000000	4.870714354	92.017407492	0.000000000	0.000000000	0.000000000	0.000000000	0.000000000
800.000000000	600.000000000	4.870431001	92.017407492	0.000000000	0.000000000	0.000000000	0.000000000	0.000000000
900.000000000	600.000000000	4.870611316	92.017407492	0.000000000	0.000000000	0.000000000	0.000000000	0.000000000
1000.000000000	600.000000000	4.870778752	92.017407492	0.000000000	0.000000000	0.000000000	0.000000000	0.000000000
-1000.000000000	700.000000000	4.871123283	92.119187712	0.000000000	0.000000000	0.000000000	0.000000000	0.000000000
-900.000000000	700.000000000	4.871131332	92.119187712	0.000000000	0.000000000	0.000000000	0.000000000	0.000000000
-800.000000000	700.000000000	4.870873739	92.119187712	0.000000000	0.000000000	0.000000000	0.000000000	0.000000000
-700.000000000	700.000000000	4.871140992	92.119187712	0.000000000	0.000000000	0.000000000	0.000000000	0.000000000
-600.000000000	700.000000000	4.871050834	92.119187712	0.000000000	0.000000000	0.000000000	0.000000000	0.000000000
-500.000000000	700.000000000	4.870197558	92.119187712	0.000000000	0.000000000	0.000000000	0.000000000	0.000000000
-400.000000000	700.000000000	4.869687201	92.119187712	0.000000000	0.000000000	0.000000000	0.000000000	0.000000000
-300.000000000	700.000000000	4.870888229	92.119187712	0.000000000	0.000000000	0.000000000	0.000000000	0.000000000
-200.000000000	700.000000000	4.869671102	92.119187712	0.000000000	0.000000000	0.000000000	0.000000000	0.000000000
-100.000000000	700.000000000	4.869640513	92.119187712	0.000000000	0.000000000	0.000000000	0.000000000	0.000000000
0.000000000	700.000000000	4.869672712	92.119187712	0.000000000	0.000000000	0.000000000	0.000000000	0.000000000
100.000000000	700.000000000	4.869217094	92.119187712	0.000000000	0.000000000	0.000000000	0.000000000	0.000000000
200.000000000	700.000000000	4.869799898	92.119187712	0.000000000	0.000000000	0.000000000	0.000000000	0.000000000
300.000000000	700.000000000	4.869418339	92.119187712	0.000000000	0.000000000	0.000000000	0.000000000	0.000000000
400.000000000	700.000000000	4.870804511	92.119187712	0.000000000	0.000000000	0.000000000	0.000000000	0.000000000
500.000000000	700.000000000	4.870572677	92.119187712	0.000000000	0.000000000	0.000000000	0.000000000	0.000000000
600.000000000	700.000000000	4.870696644	92.119187712	0.000000000	0.000000000	0.000000000	0.000000000	0.000000000
700.000000000	700.000000000	4.870997706	92.119187712	0.000000000	0.000000000	0.000000000	0.000000000	0.000000000
800.000000000	700.000000000	4.871224710	92.119187712	0.000000000	0.000000000	0.000000000	0.000000000	0.000000000
900.000000000	700.000000000	4.870981606	92.119187712	0.000000000	0.000000000	0.000000000	0.000000000	0.000000000
1000.000000000	700.000000000	4.871086254	92.119187712	0.000000000	0.000000000	0.000000000	0.000000000	0.000000000
-1000.000000000	800.000000000	4.871065324	92.300109343	0.000000000	0.000000000	0.000000000	0.000000000	0.000000000
-900.000000000	800.000000000	4.871487133	92.300109343	0.000000000	0.000000000	0.000000000	0.000000000	0.000000000
-800.000000000	800.000000000	4.871310037	92.300109343	0.000000000	0.000000000	0.000000000	0.000000000	0.000000000
-700.000000000	800.000000000	4.870281275	92.300109343	0.000000000	0.000000000	0.000000000	0.000000000	0.000000000
-600.000000000	800.000000000	4.870571067	92.300109343	0.000000000	0.000000000	0.000000000	0.000000000	0.000000000
-500.000000000	800.000000000	4.870799681	92.300109343	0.000000000	0.000000000	0.000000000	0.000000000	0.000000000
-400.000000000	800.000000000	4.870519549	92.300109343	0.000000000	0.000000000	0.000000000	0.000000000	0.000000000
-300.000000000	800.000000000	4.869935135	92.300109343	0.000000000	0.000000000	0.000000000	0.000000000	0.000000000
-200.000000000	800.000000000	4.869595434	92.300109343	0.000000000	0.000000000	0.000000000	0.000000000	0.000000000
-100.000000000	800.000000000	4.869482737	92.300109343	0.000000000	0.000000000	0.000000000	0.000000000	0.000000000
0.000000000	800.000000000	4.869427998	92.300109343	0.000000000	0.000000000	0.000000000	0.000000000	0.000000000
100.000000000	800.000000000	4.869712961	92.300109343	0.000000000	0.000000000	0.000000000	0.000000000	0.000000000
200.000000000	800.000000000	4.869408679	92.300109343	0.000000000	0.000000000	0.000000000	0.000000000	0.000000000
300.000000000	800.000000000	4.869593824	92.300109343	0.000000000	0.000000000	0.000000000	0.000000000	0.000000000
400.000000000	800.000000000	4.869767699	92.300109343	0.000000000	0.000000000	0.000000000	0.000000000	0.000000000
500.000000000	800.000000000	4.869901326	92.300109343	0.000000000	0.000000000	0.000000000	0.000000000	0.000000000
600.000000000	800.000000000	4.871086254	92.300109343	0.000000000	0.000000000	0.000000000	0.000000000	0.000000000
700.000000000	800.000000000	4.870239416	92.300109343	0.000000000	0.000000000	0.000000000	0.000000000	0.000000000
800.000000000	800.000000000	4.871564411	92.300109343	0.000000000	0.000000000	0.000000000	0.000000000	0.000000000
900.000000000	800.000000000	4.871078204	92.300109343	0.000000000	0.000000000	0.000000000	0.000000000	0.000000000
1000.000000000	800.000000000	4.870922038	92.300109343	0.000000000	0.000000000	0.000000000	0.000000000	0.000000000
-1000.000000000	900.000000000	4.871590170	91.825133348	0.000000000	0.000000000	0.000000000	0.000000000	0.000000000
-900.000000000	900.000000000	4.871319697	91.825133348	0.000000000	0.000000000	0.000000000	0.000000000	0.000000000
-800.000000000	900.000000000	4.871165141	91.825133348	0.000000000	0.000000000	0.000000000	0.000000000	0.000000000
-700.000000000	900.000000000	4.871250469	91.825133348	0.000000000	0.000000000	0.000000000	0.000000000	0.000000000
-600.000000000	900.000000000	4.870063931	91.825133348	0.000000000	0.000000000	0.000000000	0.000000000	0.000000000
-500.000000000	900.000000000	4.870601657	91.825133348	0.000000000	0.000000000	0.000000000	0.000000000	0.000000000
-400.000000000	900.000000000	4.870682155	91.825133348	0.000000000	0.000000000	0.000000000	0.000000000	0.000000000
-300.000000000	900.000000000	4.869587384	91.825133348	0.000000000	0.000000000	0.000000000	0.000000000	0.000000000
-200.000000000	900.000000000	4.869511716	91.825133348	0.000000000	0.000000000	0.000000000	0.000000000	0.000000000
-100.000000000	900.000000000	4.869727450	91.825133348	0.000000000	0.000000000	0.000000000	0.000000000	0.000000000
0.000000000	900.000000000	4.868595651	91.825133348	0.000000000	0.000000000	0.000000000	0.000000000	0.000000000
100.000000000	900.000000000	4.869286322	91.825133348	0.000000000	0.000000000	0.000000000	0.000000000	0.000000000
200.000000000	900.000000000	4.869118887	91.825133348	0.000000000	0.000000000	0.000000000	0.000000000	0.000000000
300.000000000	900.000000000	4.870197558	91.825133348	0.000000000	0.000000000	0.000000000	0.000000000	0.000000000
400.000000000	900.000000000	4.870073591	91.825133348	0.000000000	0.000000000	0.000000000	0.000000000	0.000000000
500.000000000	900.000000000	4.870812561	91.825133348	0.000000000	0.000000000	0.000000000	0.000000000	0.000000000
600.000000000	900.000000000	4.870340844	91.825133348	0.000000000	0.000000000	0.000000000	0.000000000	0.000000000
700.000000000	900.000000000	4.870719183	91.825133348	0.000000000	0.000000000	0.000000000	0.000000000	0.000000000
800.000000000	900.000000000	4.870962287	91.825133348	0.000000000	0.000000000	0.000000000	0.000000000	0.000000000
900.000000000	900.000000000	4.870717574	91.825133348	0.000000000	0.000000000	0.000000000	0.000000000	0.000000000
1000.000000000	900.000000000	4.871411465	91.825133348	0.000000000	0.000000000	0.000000000	0.000000000	0.000000000
-1000.000000000	1000.000000000	4.872026468	91.960859318	0.000000000	0.000000000	0.000000000	0.000000000	0.000000000
-900.000000000	1000.000000000	4.870843150	91.960859318	0.000000000	0.000000000	0.000000000	0.000000000	0.000000000
-800.000000000	1000.000000000	4.870814171	91.960859318	0.000000000	0.000000000	0.000000000	0.000000000	0.000000000
-700.000000000	1000.000000000	4.870371433	91.960859318	0.000000000	0.000000000	0.000000000	0.000000000	0.000000000
-600.000000000	1000.000000000	4.870497009	91.960859318	0.000000000	0.000000000	0.000000000	0.000000000	0.000000000
-500.000000000	1000.000000000	4.870422951	91.960859318	0.000000000	0.000000000	0.000000000	0.000000000	0.000000000
-400.000000000	1000.000000000	4.870532429	91.960859318	0.000000000	0.000000000	0.000000000	0.000000000	0.000000000
-300.000000000	1000.000000000	4.870545308	91.960859318	0.000000000	0.000000000	0.000000000	0.000000000	0.000000000
-200.000000000	1000.000000000	4.870183068	91.960859318	0.000000000	0.000000000	0.000000000	0.000000000	0.000000000
-100.000000000	1000.000000000	4.870403632	91.960859318	0.000000000	0.000000000	0.000000000	0.000000000	0.000000000
0.000000000	1000.000000000	4.869592214	91.960859318	0.000000000	0.000000000	0.000000000	0.000000000	0.000000000
100.000000000	1000.000000000	4.869848197	91.960859318	0.000000000	0.000000000	0.000000000	0.000000000	0.000000000
200.000000000	1000.000000000	4.869804728	91.960859318	0.000000000	0.000000000	0.000000000	0.000000000	0.000000000
300.000000000	1000.000000000	4.870094520	91.960859318	0.000000000	0.000000000	0.000000000	0.000000000	0.000000000
400.000000000	1000.000000000	4.870226537	91.960859318	0.000000000	0.000000000	0.000000000	0.000000000	0.000000000
500.000000000	1000.000000000	4.870551748	91.960859318	0.000000000	0.000000000	0.000000000	0.000000000	0.000000000
600.000000000	1000.000000000	4.870516329	91.960859318	0.000000000	0.000000000	0.000000000	0.000000000	0.000000000
700.000000000	1000.000000000	4.870638686	91.960859318	0.000000000	0.000000000	0.000000000	0.000000000	0.000000000
800.000000000	1000.000000000	4.870830270	91.960859318	0.000000000	0.000000000	0.000000000	0.000000000	0.000000000
900.000000000	1000.000000000	4.871533821	91.960859318	0.000000000	0.000000000	0.000000000	0.000000000	0.000000000
1000.000000000	1000.000000000	4.871281058	91.960859318	0.000000000	0.000000000	0.000000000	0.000000000	0.000000000
