Set Temp (deg C)	112.000000	Laser Power (uW)	642	Laser Detuning (GHz)	19
X  Field (nT)	Z  Field (nT)	Photodiode Voltage (V)	Temperature (C) 2D	Y  Field (nT)	Photodiode Voltage (V)	Temperature (C) 1D	Frequency (Hz)	Photodiode Voltage (V)		
-1000.000000000	-1000.000000000	4.871561191	94.457526992	-1000.000000000	4.872451497	12.082168914	0.000000000	0.000000000
-900.000000000	-1000.000000000	4.870772312	94.457526992	-960.000000000	4.871942750	12.082168914	0.000000000	0.000000000
-800.000000000	-1000.000000000	4.870635466	94.457526992	-920.000000000	4.872184244	12.082168914	0.000000000	0.000000000
-700.000000000	-1000.000000000	4.870917208	94.457526992	-880.000000000	4.871982999	12.082168914	0.000000000	0.000000000
-600.000000000	-1000.000000000	4.870480910	94.457526992	-840.000000000	4.872169754	12.082168914	0.000000000	0.000000000
-500.000000000	-1000.000000000	4.869605094	94.457526992	-800.000000000	4.872134335	12.082168914	0.000000000	0.000000000
-400.000000000	-1000.000000000	4.870815781	94.457526992	-760.000000000	4.871699647	12.082168914	0.000000000	0.000000000
-300.000000000	-1000.000000000	4.869791849	94.457526992	-720.000000000	4.872105356	12.082168914	0.000000000	0.000000000
-200.000000000	-1000.000000000	4.870690204	94.457526992	-680.000000000	4.871825223	12.082168914	0.000000000	0.000000000
-100.000000000	-1000.000000000	4.869910985	94.457526992	-640.000000000	4.872015198	12.082168914	0.000000000	0.000000000
0.000000000	-1000.000000000	4.869548745	94.457526992	-600.000000000	4.872388708	12.082168914	0.000000000	0.000000000
100.000000000	-1000.000000000	4.870587167	94.457526992	-560.000000000	4.871047615	12.082168914	0.000000000	0.000000000
200.000000000	-1000.000000000	4.869804728	94.457526992	-520.000000000	4.871532211	12.082168914	0.000000000	0.000000000
300.000000000	-1000.000000000	4.870870519	94.457526992	-480.000000000	4.871345456	12.082168914	0.000000000	0.000000000
400.000000000	-1000.000000000	4.870588777	94.457526992	-440.000000000	4.870847980	12.082168914	0.000000000	0.000000000
500.000000000	-1000.000000000	4.870150869	94.457526992	-400.000000000	4.871520942	12.082168914	0.000000000	0.000000000
600.000000000	-1000.000000000	4.870603267	94.457526992	-360.000000000	4.871401805	12.082168914	0.000000000	0.000000000
700.000000000	-1000.000000000	4.870865690	94.457526992	-320.000000000	4.871630419	12.082168914	0.000000000	0.000000000
800.000000000	-1000.000000000	4.870741723	94.457526992	-280.000000000	4.870781972	12.082168914	0.000000000	0.000000000
900.000000000	-1000.000000000	4.871042785	94.457526992	-240.000000000	4.870361773	12.082168914	0.000000000	0.000000000
1000.000000000	-1000.000000000	4.870899499	94.457526992	-200.000000000	4.870453541	12.082168914	0.000000000	0.000000000
-1000.000000000	-900.000000000	4.870667665	94.209269119	-160.000000000	4.869986653	12.082168914	0.000000000	0.000000000
-900.000000000	-900.000000000	4.871570850	94.209269119	-120.000000000	4.870416512	12.082168914	0.000000000	0.000000000
-800.000000000	-900.000000000	4.871427564	94.209269119	-80.000000000	4.870476080	12.082168914	0.000000000	0.000000000
-700.000000000	-900.000000000	4.870408462	94.209269119	-40.000000000	4.870360163	12.082168914	0.000000000	0.000000000
-600.000000000	-900.000000000	4.870046222	94.209269119	0.000000000	4.869471467	12.082168914	0.000000000	0.000000000
-500.000000000	-900.000000000	4.870752993	94.209269119	40.000000000	4.870318304	12.082168914	0.000000000	0.000000000
-400.000000000	-900.000000000	4.870664445	94.209269119	80.000000000	4.870139599	12.082168914	0.000000000	0.000000000
-300.000000000	-900.000000000	4.869700081	94.209269119	120.000000000	4.869909375	12.082168914	0.000000000	0.000000000
-200.000000000	-900.000000000	4.870635466	94.209269119	160.000000000	4.869862687	12.082168914	0.000000000	0.000000000
-100.000000000	-900.000000000	4.870147649	94.209269119	200.000000000	4.870967117	12.082168914	0.000000000	0.000000000
0.000000000	-900.000000000	4.870472860	94.209269119	240.000000000	4.870125110	12.082168914	0.000000000	0.000000000
100.000000000	-900.000000000	4.870437441	94.209269119	280.000000000	4.870868909	12.082168914	0.000000000	0.000000000
200.000000000	-900.000000000	4.869968944	94.209269119	320.000000000	4.871632029	12.082168914	0.000000000	0.000000000
300.000000000	-900.000000000	4.870455151	94.209269119	360.000000000	4.870788412	12.082168914	0.000000000	0.000000000
400.000000000	-900.000000000	4.870654785	94.209269119	400.000000000	4.871176411	12.082168914	0.000000000	0.000000000
500.000000000	-900.000000000	4.870242636	94.209269119	440.000000000	4.870767482	12.082168914	0.000000000	0.000000000
600.000000000	-900.000000000	4.870979996	94.209269119	480.000000000	4.871118453	12.082168914	0.000000000	0.000000000
700.000000000	-900.000000000	4.870212047	94.209269119	520.000000000	4.871445274	12.082168914	0.000000000	0.000000000
800.000000000	-900.000000000	4.870377873	94.209269119	560.000000000	4.870904328	12.082168914	0.000000000	0.000000000
900.000000000	-900.000000000	4.871364776	94.209269119	600.000000000	4.870754603	12.082168914	0.000000000	0.000000000
1000.000000000	-900.000000000	4.870999316	94.209269119	640.000000000	4.871791414	12.082168914	0.000000000	0.000000000
-1000.000000000	-800.000000000	4.871157092	93.904497696	680.000000000	4.872654351	12.082168914	0.000000000	0.000000000
-900.000000000	-800.000000000	4.871054054	93.904497696	720.000000000	4.871950800	12.082168914	0.000000000	0.000000000
-800.000000000	-800.000000000	4.870984826	93.904497696	760.000000000	4.871727016	12.082168914	0.000000000	0.000000000
-700.000000000	-800.000000000	4.870988046	93.904497696	800.000000000	4.872443447	12.082168914	0.000000000	0.000000000
-600.000000000	-800.000000000	4.871081424	93.904497696	840.000000000	4.872142385	12.082168914	0.000000000	0.000000000
-500.000000000	-800.000000000	4.870553358	93.904497696	880.000000000	4.871965290	12.082168914	0.000000000	0.000000000
-400.000000000	-800.000000000	4.870054271	93.904497696	920.000000000	4.872850766	12.082168914	0.000000000	0.000000000
-300.000000000	-800.000000000	4.869754820	93.904497696	960.000000000	4.872264742	12.082168914	0.000000000	0.000000000
-200.000000000	-800.000000000	4.870534039	93.904497696	1000.000000000	4.872641471	12.082168914	0.000000000	0.000000000
-100.000000000	-800.000000000	4.870777142	93.904497696	0.000000000	0.000000000	0.000000000	0.000000000	0.000000000
0.000000000	-800.000000000	4.870166968	93.904497696	0.000000000	0.000000000	0.000000000	0.000000000	0.000000000
100.000000000	-800.000000000	4.870026902	93.904497696	0.000000000	0.000000000	0.000000000	0.000000000	0.000000000
200.000000000	-800.000000000	4.870160529	93.904497696	0.000000000	0.000000000	0.000000000	0.000000000	0.000000000
300.000000000	-800.000000000	4.871194121	93.904497696	0.000000000	0.000000000	0.000000000	0.000000000	0.000000000
400.000000000	-800.000000000	4.870393972	93.904497696	0.000000000	0.000000000	0.000000000	0.000000000	0.000000000
500.000000000	-800.000000000	4.870221707	93.904497696	0.000000000	0.000000000	0.000000000	0.000000000	0.000000000
600.000000000	-800.000000000	4.870208827	93.904497696	0.000000000	0.000000000	0.000000000	0.000000000	0.000000000
700.000000000	-800.000000000	4.870996096	93.904497696	0.000000000	0.000000000	0.000000000	0.000000000	0.000000000
800.000000000	-800.000000000	4.871054054	93.904497696	0.000000000	0.000000000	0.000000000	0.000000000	0.000000000
900.000000000	-800.000000000	4.870712744	93.904497696	0.000000000	0.000000000	0.000000000	0.000000000	0.000000000
1000.000000000	-800.000000000	4.870946187	93.904497696	0.000000000	0.000000000	0.000000000	0.000000000	0.000000000
-1000.000000000	-700.000000000	4.871112013	93.769012302	0.000000000	0.000000000	0.000000000	0.000000000	0.000000000
-900.000000000	-700.000000000	4.870704694	93.769012302	0.000000000	0.000000000	0.000000000	0.000000000	0.000000000
-800.000000000	-700.000000000	4.871211830	93.769012302	0.000000000	0.000000000	0.000000000	0.000000000	0.000000000
-700.000000000	-700.000000000	4.871071764	93.769012302	0.000000000	0.000000000	0.000000000	0.000000000	0.000000000
-600.000000000	-700.000000000	4.870543698	93.769012302	0.000000000	0.000000000	0.000000000	0.000000000	0.000000000
-500.000000000	-700.000000000	4.869706521	93.769012302	0.000000000	0.000000000	0.000000000	0.000000000	0.000000000
-400.000000000	-700.000000000	4.870097740	93.769012302	0.000000000	0.000000000	0.000000000	0.000000000	0.000000000
-300.000000000	-700.000000000	4.870345674	93.769012302	0.000000000	0.000000000	0.000000000	0.000000000	0.000000000
-200.000000000	-700.000000000	4.870806121	93.769012302	0.000000000	0.000000000	0.000000000	0.000000000	0.000000000
-100.000000000	-700.000000000	4.869864297	93.769012302	0.000000000	0.000000000	0.000000000	0.000000000	0.000000000
0.000000000	-700.000000000	4.870662835	93.769012302	0.000000000	0.000000000	0.000000000	0.000000000	0.000000000
100.000000000	-700.000000000	4.869279882	93.769012302	0.000000000	0.000000000	0.000000000	0.000000000	0.000000000
200.000000000	-700.000000000	4.870168578	93.769012302	0.000000000	0.000000000	0.000000000	0.000000000	0.000000000
300.000000000	-700.000000000	4.869848197	93.769012302	0.000000000	0.000000000	0.000000000	0.000000000	0.000000000
400.000000000	-700.000000000	4.870319914	93.769012302	0.000000000	0.000000000	0.000000000	0.000000000	0.000000000
500.000000000	-700.000000000	4.870472860	93.769012302	0.000000000	0.000000000	0.000000000	0.000000000	0.000000000
600.000000000	-700.000000000	4.870012413	93.769012302	0.000000000	0.000000000	0.000000000	0.000000000	0.000000000
700.000000000	-700.000000000	4.870788412	93.769012302	0.000000000	0.000000000	0.000000000	0.000000000	0.000000000
800.000000000	-700.000000000	4.870860860	93.769012302	0.000000000	0.000000000	0.000000000	0.000000000	0.000000000
900.000000000	-700.000000000	4.870408462	93.769012302	0.000000000	0.000000000	0.000000000	0.000000000	0.000000000
1000.000000000	-700.000000000	4.870714354	93.769012302	0.000000000	0.000000000	0.000000000	0.000000000	0.000000000
-1000.000000000	-600.000000000	4.869933526	93.983521992	0.000000000	0.000000000	0.000000000	0.000000000	0.000000000
-900.000000000	-600.000000000	4.871316477	93.983521992	0.000000000	0.000000000	0.000000000	0.000000000	0.000000000
-800.000000000	-600.000000000	4.870801291	93.983521992	0.000000000	0.000000000	0.000000000	0.000000000	0.000000000
-700.000000000	-600.000000000	4.870918818	93.983521992	0.000000000	0.000000000	0.000000000	0.000000000	0.000000000
-600.000000000	-600.000000000	4.870656395	93.983521992	0.000000000	0.000000000	0.000000000	0.000000000	0.000000000
-500.000000000	-600.000000000	4.870553358	93.983521992	0.000000000	0.000000000	0.000000000	0.000000000	0.000000000
-400.000000000	-600.000000000	4.870366603	93.983521992	0.000000000	0.000000000	0.000000000	0.000000000	0.000000000
-300.000000000	-600.000000000	4.870121890	93.983521992	0.000000000	0.000000000	0.000000000	0.000000000	0.000000000
-200.000000000	-600.000000000	4.869893276	93.983521992	0.000000000	0.000000000	0.000000000	0.000000000	0.000000000
-100.000000000	-600.000000000	4.869956064	93.983521992	0.000000000	0.000000000	0.000000000	0.000000000	0.000000000
0.000000000	-600.000000000	4.869991483	93.983521992	0.000000000	0.000000000	0.000000000	0.000000000	0.000000000
100.000000000	-600.000000000	4.870930088	93.983521992	0.000000000	0.000000000	0.000000000	0.000000000	0.000000000
200.000000000	-600.000000000	4.870028512	93.983521992	0.000000000	0.000000000	0.000000000	0.000000000	0.000000000
300.000000000	-600.000000000	4.870352113	93.983521992	0.000000000	0.000000000	0.000000000	0.000000000	0.000000000
400.000000000	-600.000000000	4.870706304	93.983521992	0.000000000	0.000000000	0.000000000	0.000000000	0.000000000
500.000000000	-600.000000000	4.870989656	93.983521992	0.000000000	0.000000000	0.000000000	0.000000000	0.000000000
600.000000000	-600.000000000	4.871023465	93.983521992	0.000000000	0.000000000	0.000000000	0.000000000	0.000000000
700.000000000	-600.000000000	4.871015415	93.983521992	0.000000000	0.000000000	0.000000000	0.000000000	0.000000000
800.000000000	-600.000000000	4.871037955	93.983521992	0.000000000	0.000000000	0.000000000	0.000000000	0.000000000
900.000000000	-600.000000000	4.870991266	93.983521992	0.000000000	0.000000000	0.000000000	0.000000000	0.000000000
1000.000000000	-600.000000000	4.871252079	93.983521992	0.000000000	0.000000000	0.000000000	0.000000000	0.000000000
-1000.000000000	-500.000000000	4.871240809	94.197983065	0.000000000	0.000000000	0.000000000	0.000000000	0.000000000
-900.000000000	-500.000000000	4.870241026	94.197983065	0.000000000	0.000000000	0.000000000	0.000000000	0.000000000
-800.000000000	-500.000000000	4.871178021	94.197983065	0.000000000	0.000000000	0.000000000	0.000000000	0.000000000
-700.000000000	-500.000000000	4.871068544	94.197983065	0.000000000	0.000000000	0.000000000	0.000000000	0.000000000
-600.000000000	-500.000000000	4.870629026	94.197983065	0.000000000	0.000000000	0.000000000	0.000000000	0.000000000
-500.000000000	-500.000000000	4.870224927	94.197983065	0.000000000	0.000000000	0.000000000	0.000000000	0.000000000
-400.000000000	-500.000000000	4.870622586	94.197983065	0.000000000	0.000000000	0.000000000	0.000000000	0.000000000
-300.000000000	-500.000000000	4.870368213	94.197983065	0.000000000	0.000000000	0.000000000	0.000000000	0.000000000
-200.000000000	-500.000000000	4.870595217	94.197983065	0.000000000	0.000000000	0.000000000	0.000000000	0.000000000
-100.000000000	-500.000000000	4.869711351	94.197983065	0.000000000	0.000000000	0.000000000	0.000000000	0.000000000
0.000000000	-500.000000000	4.870086471	94.197983065	0.000000000	0.000000000	0.000000000	0.000000000	0.000000000
100.000000000	-500.000000000	4.869590604	94.197983065	0.000000000	0.000000000	0.000000000	0.000000000	0.000000000
200.000000000	-500.000000000	4.869421559	94.197983065	0.000000000	0.000000000	0.000000000	0.000000000	0.000000000
300.000000000	-500.000000000	4.870112230	94.197983065	0.000000000	0.000000000	0.000000000	0.000000000	0.000000000
400.000000000	-500.000000000	4.870662835	94.197983065	0.000000000	0.000000000	0.000000000	0.000000000	0.000000000
500.000000000	-500.000000000	4.870456761	94.197983065	0.000000000	0.000000000	0.000000000	0.000000000	0.000000000
600.000000000	-500.000000000	4.870509889	94.197983065	0.000000000	0.000000000	0.000000000	0.000000000	0.000000000
700.000000000	-500.000000000	4.870298985	94.197983065	0.000000000	0.000000000	0.000000000	0.000000000	0.000000000
800.000000000	-500.000000000	4.870572677	94.197983065	0.000000000	0.000000000	0.000000000	0.000000000	0.000000000
900.000000000	-500.000000000	4.871137772	94.197983065	0.000000000	0.000000000	0.000000000	0.000000000	0.000000000
1000.000000000	-500.000000000	4.871305208	94.197983065	0.000000000	0.000000000	0.000000000	0.000000000	0.000000000
-1000.000000000	-400.000000000	4.871442054	94.096402381	0.000000000	0.000000000	0.000000000	0.000000000	0.000000000
-900.000000000	-400.000000000	4.872024858	94.096402381	0.000000000	0.000000000	0.000000000	0.000000000	0.000000000
-800.000000000	-400.000000000	4.870765872	94.096402381	0.000000000	0.000000000	0.000000000	0.000000000	0.000000000
-700.000000000	-400.000000000	4.870653175	94.096402381	0.000000000	0.000000000	0.000000000	0.000000000	0.000000000
-600.000000000	-400.000000000	4.870540478	94.096402381	0.000000000	0.000000000	0.000000000	0.000000000	0.000000000
-500.000000000	-400.000000000	4.871046005	94.096402381	0.000000000	0.000000000	0.000000000	0.000000000	0.000000000
-400.000000000	-400.000000000	4.870426171	94.096402381	0.000000000	0.000000000	0.000000000	0.000000000	0.000000000
-300.000000000	-400.000000000	4.870171798	94.096402381	0.000000000	0.000000000	0.000000000	0.000000000	0.000000000
-200.000000000	-400.000000000	4.870020462	94.096402381	0.000000000	0.000000000	0.000000000	0.000000000	0.000000000
-100.000000000	-400.000000000	4.870244246	94.096402381	0.000000000	0.000000000	0.000000000	0.000000000	0.000000000
0.000000000	-400.000000000	4.869419949	94.096402381	0.000000000	0.000000000	0.000000000	0.000000000	0.000000000
100.000000000	-400.000000000	4.869872346	94.096402381	0.000000000	0.000000000	0.000000000	0.000000000	0.000000000
200.000000000	-400.000000000	4.869448928	94.096402381	0.000000000	0.000000000	0.000000000	0.000000000	0.000000000
300.000000000	-400.000000000	4.869824048	94.096402381	0.000000000	0.000000000	0.000000000	0.000000000	0.000000000
400.000000000	-400.000000000	4.870529209	94.096402381	0.000000000	0.000000000	0.000000000	0.000000000	0.000000000
500.000000000	-400.000000000	4.870324744	94.096402381	0.000000000	0.000000000	0.000000000	0.000000000	0.000000000
600.000000000	-400.000000000	4.870249076	94.096402381	0.000000000	0.000000000	0.000000000	0.000000000	0.000000000
700.000000000	-400.000000000	4.870553358	94.096402381	0.000000000	0.000000000	0.000000000	0.000000000	0.000000000
800.000000000	-400.000000000	4.871211830	94.096402381	0.000000000	0.000000000	0.000000000	0.000000000	0.000000000
900.000000000	-400.000000000	4.870706304	94.096402381	0.000000000	0.000000000	0.000000000	0.000000000	0.000000000
1000.000000000	-400.000000000	4.871673888	94.096402381	0.000000000	0.000000000	0.000000000	0.000000000	0.000000000
-1000.000000000	-300.000000000	4.871517722	93.983521992	0.000000000	0.000000000	0.000000000	0.000000000	0.000000000
-900.000000000	-300.000000000	4.871593390	93.983521992	0.000000000	0.000000000	0.000000000	0.000000000	0.000000000
-800.000000000	-300.000000000	4.870410072	93.983521992	0.000000000	0.000000000	0.000000000	0.000000000	0.000000000
-700.000000000	-300.000000000	4.870727233	93.983521992	0.000000000	0.000000000	0.000000000	0.000000000	0.000000000
-600.000000000	-300.000000000	4.870772312	93.983521992	0.000000000	0.000000000	0.000000000	0.000000000	0.000000000
-500.000000000	-300.000000000	4.870305425	93.983521992	0.000000000	0.000000000	0.000000000	0.000000000	0.000000000
-400.000000000	-300.000000000	4.871285888	93.983521992	0.000000000	0.000000000	0.000000000	0.000000000	0.000000000
-300.000000000	-300.000000000	4.870928478	93.983521992	0.000000000	0.000000000	0.000000000	0.000000000	0.000000000
-200.000000000	-300.000000000	4.869738720	93.983521992	0.000000000	0.000000000	0.000000000	0.000000000	0.000000000
-100.000000000	-300.000000000	4.869975384	93.983521992	0.000000000	0.000000000	0.000000000	0.000000000	0.000000000
0.000000000	-300.000000000	4.869968944	93.983521992	0.000000000	0.000000000	0.000000000	0.000000000	0.000000000
100.000000000	-300.000000000	4.870366603	93.983521992	0.000000000	0.000000000	0.000000000	0.000000000	0.000000000
200.000000000	-300.000000000	4.870051052	93.983521992	0.000000000	0.000000000	0.000000000	0.000000000	0.000000000
300.000000000	-300.000000000	4.870212047	93.983521992	0.000000000	0.000000000	0.000000000	0.000000000	0.000000000
400.000000000	-300.000000000	4.870242636	93.983521992	0.000000000	0.000000000	0.000000000	0.000000000	0.000000000
500.000000000	-300.000000000	4.870168578	93.983521992	0.000000000	0.000000000	0.000000000	0.000000000	0.000000000
600.000000000	-300.000000000	4.870034952	93.983521992	0.000000000	0.000000000	0.000000000	0.000000000	0.000000000
700.000000000	-300.000000000	4.871149042	93.983521992	0.000000000	0.000000000	0.000000000	0.000000000	0.000000000
800.000000000	-300.000000000	4.870585557	93.983521992	0.000000000	0.000000000	0.000000000	0.000000000	0.000000000
900.000000000	-300.000000000	4.871342237	93.983521992	0.000000000	0.000000000	0.000000000	0.000000000	0.000000000
1000.000000000	-300.000000000	4.870559798	93.983521992	0.000000000	0.000000000	0.000000000	0.000000000	0.000000000
-1000.000000000	-200.000000000	4.871923431	94.073827389	0.000000000	0.000000000	0.000000000	0.000000000	0.000000000
-900.000000000	-200.000000000	4.871411465	94.073827389	0.000000000	0.000000000	0.000000000	0.000000000	0.000000000
-800.000000000	-200.000000000	4.871292328	94.073827389	0.000000000	0.000000000	0.000000000	0.000000000	0.000000000
-700.000000000	-200.000000000	4.871128112	94.073827389	0.000000000	0.000000000	0.000000000	0.000000000	0.000000000
-600.000000000	-200.000000000	4.870184678	94.073827389	0.000000000	0.000000000	0.000000000	0.000000000	0.000000000
-500.000000000	-200.000000000	4.870553358	94.073827389	0.000000000	0.000000000	0.000000000	0.000000000	0.000000000
-400.000000000	-200.000000000	4.870814171	94.073827389	0.000000000	0.000000000	0.000000000	0.000000000	0.000000000
-300.000000000	-200.000000000	4.870476080	94.073827389	0.000000000	0.000000000	0.000000000	0.000000000	0.000000000
-200.000000000	-200.000000000	4.871292328	94.073827389	0.000000000	0.000000000	0.000000000	0.000000000	0.000000000
-100.000000000	-200.000000000	4.870519549	94.073827389	0.000000000	0.000000000	0.000000000	0.000000000	0.000000000
0.000000000	-200.000000000	4.870324744	94.073827389	0.000000000	0.000000000	0.000000000	0.000000000	0.000000000
100.000000000	-200.000000000	4.870162139	94.073827389	0.000000000	0.000000000	0.000000000	0.000000000	0.000000000
200.000000000	-200.000000000	4.869751600	94.073827389	0.000000000	0.000000000	0.000000000	0.000000000	0.000000000
300.000000000	-200.000000000	4.870889839	94.073827389	0.000000000	0.000000000	0.000000000	0.000000000	0.000000000
400.000000000	-200.000000000	4.870485740	94.073827389	0.000000000	0.000000000	0.000000000	0.000000000	0.000000000
500.000000000	-200.000000000	4.870580727	94.073827389	0.000000000	0.000000000	0.000000000	0.000000000	0.000000000
600.000000000	-200.000000000	4.870701474	94.073827389	0.000000000	0.000000000	0.000000000	0.000000000	0.000000000
700.000000000	-200.000000000	4.870588777	94.073827389	0.000000000	0.000000000	0.000000000	0.000000000	0.000000000
800.000000000	-200.000000000	4.871570850	94.073827389	0.000000000	0.000000000	0.000000000	0.000000000	0.000000000
900.000000000	-200.000000000	4.871443664	94.073827389	0.000000000	0.000000000	0.000000000	0.000000000	0.000000000
1000.000000000	-200.000000000	4.871566021	94.073827389	0.000000000	0.000000000	0.000000000	0.000000000	0.000000000
-1000.000000000	-100.000000000	4.872155265	93.949655241	0.000000000	0.000000000	0.000000000	0.000000000	0.000000000
-900.000000000	-100.000000000	4.872111796	93.949655241	0.000000000	0.000000000	0.000000000	0.000000000	0.000000000
-800.000000000	-100.000000000	4.871160311	93.949655241	0.000000000	0.000000000	0.000000000	0.000000000	0.000000000
-700.000000000	-100.000000000	4.870933308	93.949655241	0.000000000	0.000000000	0.000000000	0.000000000	0.000000000
-600.000000000	-100.000000000	4.871004146	93.949655241	0.000000000	0.000000000	0.000000000	0.000000000	0.000000000
-500.000000000	-100.000000000	4.870970337	93.949655241	0.000000000	0.000000000	0.000000000	0.000000000	0.000000000
-400.000000000	-100.000000000	4.871081424	93.949655241	0.000000000	0.000000000	0.000000000	0.000000000	0.000000000
-300.000000000	-100.000000000	4.870426171	93.949655241	0.000000000	0.000000000	0.000000000	0.000000000	0.000000000
-200.000000000	-100.000000000	4.870556578	93.949655241	0.000000000	0.000000000	0.000000000	0.000000000	0.000000000
-100.000000000	-100.000000000	4.869638903	93.949655241	0.000000000	0.000000000	0.000000000	0.000000000	0.000000000
0.000000000	-100.000000000	4.870257126	93.949655241	0.000000000	0.000000000	0.000000000	0.000000000	0.000000000
100.000000000	-100.000000000	4.869622803	93.949655241	0.000000000	0.000000000	0.000000000	0.000000000	0.000000000
200.000000000	-100.000000000	4.870261956	93.949655241	0.000000000	0.000000000	0.000000000	0.000000000	0.000000000
300.000000000	-100.000000000	4.870643516	93.949655241	0.000000000	0.000000000	0.000000000	0.000000000	0.000000000
400.000000000	-100.000000000	4.870620976	93.949655241	0.000000000	0.000000000	0.000000000	0.000000000	0.000000000
500.000000000	-100.000000000	4.871301988	93.949655241	0.000000000	0.000000000	0.000000000	0.000000000	0.000000000
600.000000000	-100.000000000	4.871738286	93.949655241	0.000000000	0.000000000	0.000000000	0.000000000	0.000000000
700.000000000	-100.000000000	4.871351896	93.949655241	0.000000000	0.000000000	0.000000000	0.000000000	0.000000000
800.000000000	-100.000000000	4.871860643	93.949655241	0.000000000	0.000000000	0.000000000	0.000000000	0.000000000
900.000000000	-100.000000000	4.871400195	93.949655241	0.000000000	0.000000000	0.000000000	0.000000000	0.000000000
1000.000000000	-100.000000000	4.871567630	93.949655241	0.000000000	0.000000000	0.000000000	0.000000000	0.000000000
-1000.000000000	0.000000000	4.872044178	93.927076736	0.000000000	0.000000000	0.000000000	0.000000000	0.000000000
-900.000000000	0.000000000	4.871908941	93.927076736	0.000000000	0.000000000	0.000000000	0.000000000	0.000000000
-800.000000000	0.000000000	4.871791414	93.927076736	0.000000000	0.000000000	0.000000000	0.000000000	0.000000000
-700.000000000	0.000000000	4.871129722	93.927076736	0.000000000	0.000000000	0.000000000	0.000000000	0.000000000
-600.000000000	0.000000000	4.871802684	93.927076736	0.000000000	0.000000000	0.000000000	0.000000000	0.000000000
-500.000000000	0.000000000	4.870955847	93.927076736	0.000000000	0.000000000	0.000000000	0.000000000	0.000000000
-400.000000000	0.000000000	4.871226320	93.927076736	0.000000000	0.000000000	0.000000000	0.000000000	0.000000000
-300.000000000	0.000000000	4.870773922	93.927076736	0.000000000	0.000000000	0.000000000	0.000000000	0.000000000
-200.000000000	0.000000000	4.870641906	93.927076736	0.000000000	0.000000000	0.000000000	0.000000000	0.000000000
-100.000000000	0.000000000	4.869854637	93.927076736	0.000000000	0.000000000	0.000000000	0.000000000	0.000000000
0.000000000	0.000000000	4.870566238	93.927076736	0.000000000	0.000000000	0.000000000	0.000000000	0.000000000
100.000000000	0.000000000	4.869973774	93.927076736	0.000000000	0.000000000	0.000000000	0.000000000	0.000000000
200.000000000	0.000000000	4.870321524	93.927076736	0.000000000	0.000000000	0.000000000	0.000000000	0.000000000
300.000000000	0.000000000	4.870382703	93.927076736	0.000000000	0.000000000	0.000000000	0.000000000	0.000000000
400.000000000	0.000000000	4.871028295	93.927076736	0.000000000	0.000000000	0.000000000	0.000000000	0.000000000
500.000000000	0.000000000	4.870604877	93.927076736	0.000000000	0.000000000	0.000000000	0.000000000	0.000000000
600.000000000	0.000000000	4.871321307	93.927076736	0.000000000	0.000000000	0.000000000	0.000000000	0.000000000
700.000000000	0.000000000	4.871852593	93.927076736	0.000000000	0.000000000	0.000000000	0.000000000	0.000000000
800.000000000	0.000000000	4.871169971	93.927076736	0.000000000	0.000000000	0.000000000	0.000000000	0.000000000
900.000000000	0.000000000	4.871735066	93.927076736	0.000000000	0.000000000	0.000000000	0.000000000	0.000000000
1000.000000000	0.000000000	4.872028078	93.927076736	0.000000000	0.000000000	0.000000000	0.000000000	0.000000000
-1000.000000000	100.000000000	4.871987829	93.938366055	0.000000000	0.000000000	0.000000000	0.000000000	0.000000000
-900.000000000	100.000000000	4.871733456	93.938366055	0.000000000	0.000000000	0.000000000	0.000000000	0.000000000
-800.000000000	100.000000000	4.871780145	93.938366055	0.000000000	0.000000000	0.000000000	0.000000000	0.000000000
-700.000000000	100.000000000	4.871488743	93.938366055	0.000000000	0.000000000	0.000000000	0.000000000	0.000000000
-600.000000000	100.000000000	4.870781972	93.938366055	0.000000000	0.000000000	0.000000000	0.000000000	0.000000000
-500.000000000	100.000000000	4.871673888	93.938366055	0.000000000	0.000000000	0.000000000	0.000000000	0.000000000
-400.000000000	100.000000000	4.870814171	93.938366055	0.000000000	0.000000000	0.000000000	0.000000000	0.000000000
-300.000000000	100.000000000	4.870912378	93.938366055	0.000000000	0.000000000	0.000000000	0.000000000	0.000000000
-200.000000000	100.000000000	4.870437441	93.938366055	0.000000000	0.000000000	0.000000000	0.000000000	0.000000000
-100.000000000	100.000000000	4.871596610	93.938366055	0.000000000	0.000000000	0.000000000	0.000000000	0.000000000
0.000000000	100.000000000	4.870266786	93.938366055	0.000000000	0.000000000	0.000000000	0.000000000	0.000000000
100.000000000	100.000000000	4.869803118	93.938366055	0.000000000	0.000000000	0.000000000	0.000000000	0.000000000
200.000000000	100.000000000	4.871253689	93.938366055	0.000000000	0.000000000	0.000000000	0.000000000	0.000000000
300.000000000	100.000000000	4.871005756	93.938366055	0.000000000	0.000000000	0.000000000	0.000000000	0.000000000
400.000000000	100.000000000	4.870979996	93.938366055	0.000000000	0.000000000	0.000000000	0.000000000	0.000000000
500.000000000	100.000000000	4.870727233	93.938366055	0.000000000	0.000000000	0.000000000	0.000000000	0.000000000
600.000000000	100.000000000	4.870960677	93.938366055	0.000000000	0.000000000	0.000000000	0.000000000	0.000000000
700.000000000	100.000000000	4.871163531	93.938366055	0.000000000	0.000000000	0.000000000	0.000000000	0.000000000
800.000000000	100.000000000	4.870913988	93.938366055	0.000000000	0.000000000	0.000000000	0.000000000	0.000000000
900.000000000	100.000000000	4.871527382	93.938366055	0.000000000	0.000000000	0.000000000	0.000000000	0.000000000
1000.000000000	100.000000000	4.871757605	93.938366055	0.000000000	0.000000000	0.000000000	0.000000000	0.000000000
-1000.000000000	200.000000000	4.872646301	94.096402381	0.000000000	0.000000000	0.000000000	0.000000000	0.000000000
-900.000000000	200.000000000	4.871231150	94.096402381	0.000000000	0.000000000	0.000000000	0.000000000	0.000000000
-800.000000000	200.000000000	4.871865472	94.096402381	0.000000000	0.000000000	0.000000000	0.000000000	0.000000000
-700.000000000	200.000000000	4.872011978	94.096402381	0.000000000	0.000000000	0.000000000	0.000000000	0.000000000
-600.000000000	200.000000000	4.870996096	94.096402381	0.000000000	0.000000000	0.000000000	0.000000000	0.000000000
-500.000000000	200.000000000	4.870736893	94.096402381	0.000000000	0.000000000	0.000000000	0.000000000	0.000000000
-400.000000000	200.000000000	4.870611316	94.096402381	0.000000000	0.000000000	0.000000000	0.000000000	0.000000000
-300.000000000	200.000000000	4.870624196	94.096402381	0.000000000	0.000000000	0.000000000	0.000000000	0.000000000
-200.000000000	200.000000000	4.871042785	94.096402381	0.000000000	0.000000000	0.000000000	0.000000000	0.000000000
-100.000000000	200.000000000	4.870165358	94.096402381	0.000000000	0.000000000	0.000000000	0.000000000	0.000000000
0.000000000	200.000000000	4.869912595	94.096402381	0.000000000	0.000000000	0.000000000	0.000000000	0.000000000
100.000000000	200.000000000	4.870295765	94.096402381	0.000000000	0.000000000	0.000000000	0.000000000	0.000000000
200.000000000	200.000000000	4.869840147	94.096402381	0.000000000	0.000000000	0.000000000	0.000000000	0.000000000
300.000000000	200.000000000	4.870039782	94.096402381	0.000000000	0.000000000	0.000000000	0.000000000	0.000000000
400.000000000	200.000000000	4.871306818	94.096402381	0.000000000	0.000000000	0.000000000	0.000000000	0.000000000
500.000000000	200.000000000	4.870389142	94.096402381	0.000000000	0.000000000	0.000000000	0.000000000	0.000000000
600.000000000	200.000000000	4.870722403	94.096402381	0.000000000	0.000000000	0.000000000	0.000000000	0.000000000
700.000000000	200.000000000	4.871074984	94.096402381	0.000000000	0.000000000	0.000000000	0.000000000	0.000000000
800.000000000	200.000000000	4.871479083	94.096402381	0.000000000	0.000000000	0.000000000	0.000000000	0.000000000
900.000000000	200.000000000	4.871897672	94.096402381	0.000000000	0.000000000	0.000000000	0.000000000	0.000000000
1000.000000000	200.000000000	4.871503232	94.096402381	0.000000000	0.000000000	0.000000000	0.000000000	0.000000000
-1000.000000000	300.000000000	4.871506452	94.141550725	0.000000000	0.000000000	0.000000000	0.000000000	0.000000000
-900.000000000	300.000000000	4.872308210	94.141550725	0.000000000	0.000000000	0.000000000	0.000000000	0.000000000
-800.000000000	300.000000000	4.872449887	94.141550725	0.000000000	0.000000000	0.000000000	0.000000000	0.000000000
-700.000000000	300.000000000	4.872379048	94.141550725	0.000000000	0.000000000	0.000000000	0.000000000	0.000000000
-600.000000000	300.000000000	4.871976559	94.141550725	0.000000000	0.000000000	0.000000000	0.000000000	0.000000000
-500.000000000	300.000000000	4.871071764	94.141550725	0.000000000	0.000000000	0.000000000	0.000000000	0.000000000
-400.000000000	300.000000000	4.871372826	94.141550725	0.000000000	0.000000000	0.000000000	0.000000000	0.000000000
-300.000000000	300.000000000	4.870181458	94.141550725	0.000000000	0.000000000	0.000000000	0.000000000	0.000000000
-200.000000000	300.000000000	4.870764262	94.141550725	0.000000000	0.000000000	0.000000000	0.000000000	0.000000000
-100.000000000	300.000000000	4.869833707	94.141550725	0.000000000	0.000000000	0.000000000	0.000000000	0.000000000
0.000000000	300.000000000	4.869527816	94.141550725	0.000000000	0.000000000	0.000000000	0.000000000	0.000000000
100.000000000	300.000000000	4.869965724	94.141550725	0.000000000	0.000000000	0.000000000	0.000000000	0.000000000
200.000000000	300.000000000	4.869783799	94.141550725	0.000000000	0.000000000	0.000000000	0.000000000	0.000000000
300.000000000	300.000000000	4.870414902	94.141550725	0.000000000	0.000000000	0.000000000	0.000000000	0.000000000
400.000000000	300.000000000	4.870603267	94.141550725	0.000000000	0.000000000	0.000000000	0.000000000	0.000000000
500.000000000	300.000000000	4.871237589	94.141550725	0.000000000	0.000000000	0.000000000	0.000000000	0.000000000
600.000000000	300.000000000	4.871295548	94.141550725	0.000000000	0.000000000	0.000000000	0.000000000	0.000000000
700.000000000	300.000000000	4.871396975	94.141550725	0.000000000	0.000000000	0.000000000	0.000000000	0.000000000
800.000000000	300.000000000	4.871886402	94.141550725	0.000000000	0.000000000	0.000000000	0.000000000	0.000000000
900.000000000	300.000000000	4.871034735	94.141550725	0.000000000	0.000000000	0.000000000	0.000000000	0.000000000
1000.000000000	300.000000000	4.872594783	94.141550725	0.000000000	0.000000000	0.000000000	0.000000000	0.000000000
-1000.000000000	400.000000000	4.872293721	93.949655241	0.000000000	0.000000000	0.000000000	0.000000000	0.000000000
-900.000000000	400.000000000	4.871933091	93.949655241	0.000000000	0.000000000	0.000000000	0.000000000	0.000000000
-800.000000000	400.000000000	4.871477473	93.949655241	0.000000000	0.000000000	0.000000000	0.000000000	0.000000000
-700.000000000	400.000000000	4.871471033	93.949655241	0.000000000	0.000000000	0.000000000	0.000000000	0.000000000
-600.000000000	400.000000000	4.872280841	93.949655241	0.000000000	0.000000000	0.000000000	0.000000000	0.000000000
-500.000000000	400.000000000	4.871293938	93.949655241	0.000000000	0.000000000	0.000000000	0.000000000	0.000000000
-400.000000000	400.000000000	4.870418122	93.949655241	0.000000000	0.000000000	0.000000000	0.000000000	0.000000000
-300.000000000	400.000000000	4.870857640	93.949655241	0.000000000	0.000000000	0.000000000	0.000000000	0.000000000
-200.000000000	400.000000000	4.870588777	93.949655241	0.000000000	0.000000000	0.000000000	0.000000000	0.000000000
-100.000000000	400.000000000	4.870332794	93.949655241	0.000000000	0.000000000	0.000000000	0.000000000	0.000000000
0.000000000	400.000000000	4.869721011	93.949655241	0.000000000	0.000000000	0.000000000	0.000000000	0.000000000
100.000000000	400.000000000	4.869605094	93.949655241	0.000000000	0.000000000	0.000000000	0.000000000	0.000000000
200.000000000	400.000000000	4.870339234	93.949655241	0.000000000	0.000000000	0.000000000	0.000000000	0.000000000
300.000000000	400.000000000	4.870440661	93.949655241	0.000000000	0.000000000	0.000000000	0.000000000	0.000000000
400.000000000	400.000000000	4.870712744	93.949655241	0.000000000	0.000000000	0.000000000	0.000000000	0.000000000
500.000000000	400.000000000	4.870524379	93.949655241	0.000000000	0.000000000	0.000000000	0.000000000	0.000000000
600.000000000	400.000000000	4.871918601	93.949655241	0.000000000	0.000000000	0.000000000	0.000000000	0.000000000
700.000000000	400.000000000	4.871875132	93.949655241	0.000000000	0.000000000	0.000000000	0.000000000	0.000000000
800.000000000	400.000000000	4.872338800	93.949655241	0.000000000	0.000000000	0.000000000	0.000000000	0.000000000
900.000000000	400.000000000	4.872322700	93.949655241	0.000000000	0.000000000	0.000000000	0.000000000	0.000000000
1000.000000000	400.000000000	4.872644691	93.949655241	0.000000000	0.000000000	0.000000000	0.000000000	0.000000000
-1000.000000000	500.000000000	4.872834666	93.848047765	0.000000000	0.000000000	0.000000000	0.000000000	0.000000000
-900.000000000	500.000000000	4.871910551	93.848047765	0.000000000	0.000000000	0.000000000	0.000000000	0.000000000
-800.000000000	500.000000000	4.872551314	93.848047765	0.000000000	0.000000000	0.000000000	0.000000000	0.000000000
-700.000000000	500.000000000	4.871939530	93.848047765	0.000000000	0.000000000	0.000000000	0.000000000	0.000000000
-600.000000000	500.000000000	4.872119846	93.848047765	0.000000000	0.000000000	0.000000000	0.000000000	0.000000000
-500.000000000	500.000000000	4.871450104	93.848047765	0.000000000	0.000000000	0.000000000	0.000000000	0.000000000
-400.000000000	500.000000000	4.871118453	93.848047765	0.000000000	0.000000000	0.000000000	0.000000000	0.000000000
-300.000000000	500.000000000	4.870461590	93.848047765	0.000000000	0.000000000	0.000000000	0.000000000	0.000000000
-200.000000000	500.000000000	4.871632029	93.848047765	0.000000000	0.000000000	0.000000000	0.000000000	0.000000000
-100.000000000	500.000000000	4.870139599	93.848047765	0.000000000	0.000000000	0.000000000	0.000000000	0.000000000
0.000000000	500.000000000	4.869427998	93.848047765	0.000000000	0.000000000	0.000000000	0.000000000	0.000000000
100.000000000	500.000000000	4.870646735	93.848047765	0.000000000	0.000000000	0.000000000	0.000000000	0.000000000
200.000000000	500.000000000	4.871078204	93.848047765	0.000000000	0.000000000	0.000000000	0.000000000	0.000000000
300.000000000	500.000000000	4.870334404	93.848047765	0.000000000	0.000000000	0.000000000	0.000000000	0.000000000
400.000000000	500.000000000	4.871207000	93.848047765	0.000000000	0.000000000	0.000000000	0.000000000	0.000000000
500.000000000	500.000000000	4.871781755	93.848047765	0.000000000	0.000000000	0.000000000	0.000000000	0.000000000
600.000000000	500.000000000	4.871667448	93.848047765	0.000000000	0.000000000	0.000000000	0.000000000	0.000000000
700.000000000	500.000000000	4.871842933	93.848047765	0.000000000	0.000000000	0.000000000	0.000000000	0.000000000
800.000000000	500.000000000	4.872419297	93.848047765	0.000000000	0.000000000	0.000000000	0.000000000	0.000000000
900.000000000	500.000000000	4.871974949	93.848047765	0.000000000	0.000000000	0.000000000	0.000000000	0.000000000
1000.000000000	500.000000000	4.872103746	93.848047765	0.000000000	0.000000000	0.000000000	0.000000000	0.000000000
-1000.000000000	600.000000000	4.871841323	93.972233210	0.000000000	0.000000000	0.000000000	0.000000000	0.000000000
-900.000000000	600.000000000	4.872362949	93.972233210	0.000000000	0.000000000	0.000000000	0.000000000	0.000000000
-800.000000000	600.000000000	4.871809124	93.972233210	0.000000000	0.000000000	0.000000000	0.000000000	0.000000000
-700.000000000	600.000000000	4.868519987	93.972233210	0.000000000	0.000000000	0.000000000	0.000000000	0.000000000
-600.000000000	600.000000000	4.871762435	93.972233210	0.000000000	0.000000000	0.000000000	0.000000000	0.000000000
-500.000000000	600.000000000	4.871197341	93.972233210	0.000000000	0.000000000	0.000000000	0.000000000	0.000000000
-400.000000000	600.000000000	4.871131332	93.972233210	0.000000000	0.000000000	0.000000000	0.000000000	0.000000000
-300.000000000	600.000000000	4.870397192	93.972233210	0.000000000	0.000000000	0.000000000	0.000000000	0.000000000
-200.000000000	600.000000000	4.870831880	93.972233210	0.000000000	0.000000000	0.000000000	0.000000000	0.000000000
-100.000000000	600.000000000	4.870278055	93.972233210	0.000000000	0.000000000	0.000000000	0.000000000	0.000000000
0.000000000	600.000000000	4.870934918	93.972233210	0.000000000	0.000000000	0.000000000	0.000000000	0.000000000
100.000000000	600.000000000	4.869751600	93.972233210	0.000000000	0.000000000	0.000000000	0.000000000	0.000000000
200.000000000	600.000000000	4.870030122	93.972233210	0.000000000	0.000000000	0.000000000	0.000000000	0.000000000
300.000000000	600.000000000	4.870793241	93.972233210	0.000000000	0.000000000	0.000000000	0.000000000	0.000000000
400.000000000	600.000000000	4.870677325	93.972233210	0.000000000	0.000000000	0.000000000	0.000000000	0.000000000
500.000000000	600.000000000	4.870503449	93.972233210	0.000000000	0.000000000	0.000000000	0.000000000	0.000000000
600.000000000	600.000000000	4.871638469	93.972233210	0.000000000	0.000000000	0.000000000	0.000000000	0.000000000
700.000000000	600.000000000	4.871007366	93.972233210	0.000000000	0.000000000	0.000000000	0.000000000	0.000000000
800.000000000	600.000000000	4.871971730	93.972233210	0.000000000	0.000000000	0.000000000	0.000000000	0.000000000
900.000000000	600.000000000	4.872098916	93.972233210	0.000000000	0.000000000	0.000000000	0.000000000	0.000000000
1000.000000000	600.000000000	4.872245422	93.972233210	0.000000000	0.000000000	0.000000000	0.000000000	0.000000000
-1000.000000000	700.000000000	4.872771878	94.243126452	0.000000000	0.000000000	0.000000000	0.000000000	0.000000000
-900.000000000	700.000000000	4.872272791	94.243126452	0.000000000	0.000000000	0.000000000	0.000000000	0.000000000
-800.000000000	700.000000000	4.870241028	94.243126452	0.000000000	0.000000000	0.000000000	0.000000000	0.000000000
-700.000000000	700.000000000	4.871250469	94.243126452	0.000000000	0.000000000	0.000000000	0.000000000	0.000000000
-600.000000000	700.000000000	4.871129722	94.243126452	0.000000000	0.000000000	0.000000000	0.000000000	0.000000000
-500.000000000	700.000000000	4.871184461	94.243126452	0.000000000	0.000000000	0.000000000	0.000000000	0.000000000
-400.000000000	700.000000000	4.870654785	94.243126452	0.000000000	0.000000000	0.000000000	0.000000000	0.000000000
-300.000000000	700.000000000	4.870825441	94.243126452	0.000000000	0.000000000	0.000000000	0.000000000	0.000000000
-200.000000000	700.000000000	4.870688594	94.243126452	0.000000000	0.000000000	0.000000000	0.000000000	0.000000000
-100.000000000	700.000000000	4.870405242	94.243126452	0.000000000	0.000000000	0.000000000	0.000000000	0.000000000
0.000000000	700.000000000	4.870582337	94.243126452	0.000000000	0.000000000	0.000000000	0.000000000	0.000000000
100.000000000	700.000000000	4.870577507	94.243126452	0.000000000	0.000000000	0.000000000	0.000000000	0.000000000
200.000000000	700.000000000	4.870677325	94.243126452	0.000000000	0.000000000	0.000000000	0.000000000	0.000000000
300.000000000	700.000000000	4.869645343	94.243126452	0.000000000	0.000000000	0.000000000	0.000000000	0.000000000
400.000000000	700.000000000	4.870472860	94.243126452	0.000000000	0.000000000	0.000000000	0.000000000	0.000000000
500.000000000	700.000000000	4.870920428	94.243126452	0.000000000	0.000000000	0.000000000	0.000000000	0.000000000
600.000000000	700.000000000	4.871332577	94.243126452	0.000000000	0.000000000	0.000000000	0.000000000	0.000000000
700.000000000	700.000000000	4.871350286	94.243126452	0.000000000	0.000000000	0.000000000	0.000000000	0.000000000
800.000000000	700.000000000	4.872037738	94.243126452	0.000000000	0.000000000	0.000000000	0.000000000	0.000000000
900.000000000	700.000000000	4.872374219	94.243126452	0.000000000	0.000000000	0.000000000	0.000000000	0.000000000
1000.000000000	700.000000000	4.872385488	94.243126452	0.000000000	0.000000000	0.000000000	0.000000000	0.000000000
-1000.000000000	800.000000000	4.872338800	94.039963882	0.000000000	0.000000000	0.000000000	0.000000000	0.000000000
-900.000000000	800.000000000	4.872659181	94.039963882	0.000000000	0.000000000	0.000000000	0.000000000	0.000000000
-800.000000000	800.000000000	4.872147215	94.039963882	0.000000000	0.000000000	0.000000000	0.000000000	0.000000000
-700.000000000	800.000000000	4.871395365	94.039963882	0.000000000	0.000000000	0.000000000	0.000000000	0.000000000
-600.000000000	800.000000000	4.871235979	94.039963882	0.000000000	0.000000000	0.000000000	0.000000000	0.000000000
-500.000000000	800.000000000	4.870962287	94.039963882	0.000000000	0.000000000	0.000000000	0.000000000	0.000000000
-400.000000000	800.000000000	4.871797854	94.039963882	0.000000000	0.000000000	0.000000000	0.000000000	0.000000000
-300.000000000	800.000000000	4.870571067	94.039963882	0.000000000	0.000000000	0.000000000	0.000000000	0.000000000
-200.000000000	800.000000000	4.870651565	94.039963882	0.000000000	0.000000000	0.000000000	0.000000000	0.000000000
-100.000000000	800.000000000	4.870118670	94.039963882	0.000000000	0.000000000	0.000000000	0.000000000	0.000000000
0.000000000	800.000000000	4.870340844	94.039963882	0.000000000	0.000000000	0.000000000	0.000000000	0.000000000
100.000000000	800.000000000	4.869967334	94.039963882	0.000000000	0.000000000	0.000000000	0.000000000	0.000000000
200.000000000	800.000000000	4.870051052	94.039963882	0.000000000	0.000000000	0.000000000	0.000000000	0.000000000
300.000000000	800.000000000	4.869886836	94.039963882	0.000000000	0.000000000	0.000000000	0.000000000	0.000000000
400.000000000	800.000000000	4.870918818	94.039963882	0.000000000	0.000000000	0.000000000	0.000000000	0.000000000
500.000000000	800.000000000	4.869795069	94.039963882	0.000000000	0.000000000	0.000000000	0.000000000	0.000000000
600.000000000	800.000000000	4.871015415	94.039963882	0.000000000	0.000000000	0.000000000	0.000000000	0.000000000
700.000000000	800.000000000	4.871105573	94.039963882	0.000000000	0.000000000	0.000000000	0.000000000	0.000000000
800.000000000	800.000000000	4.871755995	94.039963882	0.000000000	0.000000000	0.000000000	0.000000000	0.000000000
900.000000000	800.000000000	4.872227713	94.039963882	0.000000000	0.000000000	0.000000000	0.000000000	0.000000000
1000.000000000	800.000000000	4.872156874	94.039963882	0.000000000	0.000000000	0.000000000	0.000000000	0.000000000
-1000.000000000	900.000000000	4.872021638	93.881918122	0.000000000	0.000000000	0.000000000	0.000000000	0.000000000
-900.000000000	900.000000000	4.872298551	93.881918122	0.000000000	0.000000000	0.000000000	0.000000000	0.000000000
-800.000000000	900.000000000	4.872551314	93.881918122	0.000000000	0.000000000	0.000000000	0.000000000	0.000000000
-700.000000000	900.000000000	4.872343629	93.881918122	0.000000000	0.000000000	0.000000000	0.000000000	0.000000000
-600.000000000	900.000000000	4.871149042	93.881918122	0.000000000	0.000000000	0.000000000	0.000000000	0.000000000
-500.000000000	900.000000000	4.871456543	93.881918122	0.000000000	0.000000000	0.000000000	0.000000000	0.000000000
-400.000000000	900.000000000	4.871804294	93.881918122	0.000000000	0.000000000	0.000000000	0.000000000	0.000000000
-300.000000000	900.000000000	4.870535648	93.881918122	0.000000000	0.000000000	0.000000000	0.000000000	0.000000000
-200.000000000	900.000000000	4.871627199	93.881918122	0.000000000	0.000000000	0.000000000	0.000000000	0.000000000
-100.000000000	900.000000000	4.869767699	93.881918122	0.000000000	0.000000000	0.000000000	0.000000000	0.000000000
0.000000000	900.000000000	4.869928695	93.881918122	0.000000000	0.000000000	0.000000000	0.000000000	0.000000000
100.000000000	900.000000000	4.870319914	93.881918122	0.000000000	0.000000000	0.000000000	0.000000000	0.000000000
200.000000000	900.000000000	4.869310472	93.881918122	0.000000000	0.000000000	0.000000000	0.000000000	0.000000000
300.000000000	900.000000000	4.870109010	93.881918122	0.000000000	0.000000000	0.000000000	0.000000000	0.000000000
400.000000000	900.000000000	4.870942967	93.881918122	0.000000000	0.000000000	0.000000000	0.000000000	0.000000000
500.000000000	900.000000000	4.871020245	93.881918122	0.000000000	0.000000000	0.000000000	0.000000000	0.000000000
600.000000000	900.000000000	4.872327530	93.881918122	0.000000000	0.000000000	0.000000000	0.000000000	0.000000000
700.000000000	900.000000000	4.872704260	93.881918122	0.000000000	0.000000000	0.000000000	0.000000000	0.000000000
800.000000000	900.000000000	4.871730236	93.881918122	0.000000000	0.000000000	0.000000000	0.000000000	0.000000000
900.000000000	900.000000000	4.871904111	93.881918122	0.000000000	0.000000000	0.000000000	0.000000000	0.000000000
1000.000000000	900.000000000	4.872358119	93.881918122	0.000000000	0.000000000	0.000000000	0.000000000	0.000000000
-1000.000000000	1000.000000000	4.863706216	93.881918122	0.000000000	0.000000000	0.000000000	0.000000000	0.000000000
-900.000000000	1000.000000000	4.872184244	93.881918122	0.000000000	0.000000000	0.000000000	0.000000000	0.000000000
-800.000000000	1000.000000000	4.871467813	93.881918122	0.000000000	0.000000000	0.000000000	0.000000000	0.000000000
-700.000000000	1000.000000000	4.871297158	93.881918122	0.000000000	0.000000000	0.000000000	0.000000000	0.000000000
-600.000000000	1000.000000000	4.871303598	93.881918122	0.000000000	0.000000000	0.000000000	0.000000000	0.000000000
-500.000000000	1000.000000000	4.871688377	93.881918122	0.000000000	0.000000000	0.000000000	0.000000000	0.000000000
-400.000000000	1000.000000000	4.870738503	93.881918122	0.000000000	0.000000000	0.000000000	0.000000000	0.000000000
-300.000000000	1000.000000000	4.870034952	93.881918122	0.000000000	0.000000000	0.000000000	0.000000000	0.000000000
-200.000000000	1000.000000000	4.870825441	93.881918122	0.000000000	0.000000000	0.000000000	0.000000000	0.000000000
-100.000000000	1000.000000000	4.869125327	93.881918122	0.000000000	0.000000000	0.000000000	0.000000000	0.000000000
0.000000000	1000.000000000	4.869532646	93.881918122	0.000000000	0.000000000	0.000000000	0.000000000	0.000000000
100.000000000	1000.000000000	4.870010803	93.881918122	0.000000000	0.000000000	0.000000000	0.000000000	0.000000000
200.000000000	1000.000000000	4.870332794	93.881918122	0.000000000	0.000000000	0.000000000	0.000000000	0.000000000
300.000000000	1000.000000000	4.870583947	93.881918122	0.000000000	0.000000000	0.000000000	0.000000000	0.000000000
400.000000000	1000.000000000	4.870187898	93.881918122	0.000000000	0.000000000	0.000000000	0.000000000	0.000000000
500.000000000	1000.000000000	4.870765872	93.881918122	0.000000000	0.000000000	0.000000000	0.000000000	0.000000000
600.000000000	1000.000000000	4.871290718	93.881918122	0.000000000	0.000000000	0.000000000	0.000000000	0.000000000
700.000000000	1000.000000000	4.870878569	93.881918122	0.000000000	0.000000000	0.000000000	0.000000000	0.000000000
800.000000000	1000.000000000	4.871971730	93.881918122	0.000000000	0.000000000	0.000000000	0.000000000	0.000000000
900.000000000	1000.000000000	4.872354899	93.881918122	0.000000000	0.000000000	0.000000000	0.000000000	0.000000000
1000.000000000	1000.000000000	4.872313040	93.881918122	0.000000000	0.000000000	0.000000000	0.000000000	0.000000000
