Set Temp (deg C)	123.000000	Laser Power (uW)	648	Laser Detuning (GHz)	12
X  Field (nT)	Z  Field (nT)	Photodiode Voltage (V)	Temperature (C) 2D	Y  Field (nT)	Photodiode Voltage (V)	Temperature (C) 1D	Frequency (Hz)	Photodiode Voltage (V)		
-1000.000000000	-1000.000000000	0.266603287	129.249238591	-1000.000000000	NaN	129.249238591	0.000000000	0.000000000
-900.000000000	-1000.000000000	0.309987583	129.249238591	-960.000000000	NaN	129.249238591	0.000000000	0.000000000
-800.000000000	-1000.000000000	0.407046832	129.249238591	-920.000000000	NaN	129.249238591	0.000000000	0.000000000
-700.000000000	-1000.000000000	0.552785452	129.249238591	-880.000000000	NaN	129.249238591	0.000000000	0.000000000
-600.000000000	-1000.000000000	0.768224299	129.249238591	-840.000000000	NaN	129.249238591	0.000000000	0.000000000
-500.000000000	-1000.000000000	1.043599246	129.249238591	-800.000000000	NaN	129.249238591	0.000000000	0.000000000
-400.000000000	-1000.000000000	1.419801016	129.249238591	-760.000000000	NaN	129.249238591	0.000000000	0.000000000
-300.000000000	-1000.000000000	1.851162628	129.249238591	-720.000000000	NaN	129.249238591	0.000000000	0.000000000
-200.000000000	-1000.000000000	2.205439575	129.249238591	-680.000000000	NaN	129.249238591	0.000000000	0.000000000
-100.000000000	-1000.000000000	2.455818185	129.249238591	-640.000000000	NaN	129.249238591	0.000000000	0.000000000
0.000000000	-1000.000000000	2.572960306	129.249238591	-600.000000000	NaN	129.249238591	0.000000000	0.000000000
100.000000000	-1000.000000000	2.453409715	129.249238591	-560.000000000	NaN	129.249238591	0.000000000	0.000000000
200.000000000	-1000.000000000	2.195227769	129.249238591	-520.000000000	NaN	129.249238591	0.000000000	0.000000000
300.000000000	-1000.000000000	1.821230778	129.249238591	-480.000000000	NaN	129.249238591	0.000000000	0.000000000
400.000000000	-1000.000000000	1.428312716	129.249238591	-440.000000000	NaN	129.249238591	0.000000000	0.000000000
500.000000000	-1000.000000000	1.083335497	129.249238591	-400.000000000	NaN	129.249238591	0.000000000	0.000000000
600.000000000	-1000.000000000	0.768356313	129.249238591	-360.000000000	NaN	129.249238591	0.000000000	0.000000000
700.000000000	-1000.000000000	0.575567528	129.249238591	-320.000000000	NaN	129.249238591	0.000000000	0.000000000
800.000000000	-1000.000000000	0.413908339	129.249238591	-280.000000000	NaN	129.249238591	0.000000000	0.000000000
900.000000000	-1000.000000000	0.315169936	129.249238591	-240.000000000	NaN	129.249238591	0.000000000	0.000000000
1000.000000000	-1000.000000000	0.261401615	129.249238591	-200.000000000	NaN	129.249238591	0.000000000	0.000000000
-1000.000000000	-900.000000000	0.257668196	129.456128676	-160.000000000	NaN	129.249238591	0.000000000	0.000000000
-900.000000000	-900.000000000	0.290903517	129.456128676	-120.000000000	NaN	129.249238591	0.000000000	0.000000000
-800.000000000	-900.000000000	0.411237471	129.456128676	-80.000000000	NaN	129.249238591	0.000000000	0.000000000
-700.000000000	-900.000000000	0.556425497	129.456128676	-40.000000000	NaN	129.249238591	0.000000000	0.000000000
-600.000000000	-900.000000000	0.772619401	129.456128676	0.000000000	NaN	129.249238591	0.000000000	0.000000000
-500.000000000	-900.000000000	1.058273742	129.456128676	40.000000000	NaN	129.249238591	0.000000000	0.000000000
-400.000000000	-900.000000000	1.417196149	129.456128676	80.000000000	NaN	129.249238591	0.000000000	0.000000000
-300.000000000	-900.000000000	1.873748357	129.456128676	120.000000000	NaN	129.249238591	0.000000000	0.000000000
-200.000000000	-900.000000000	2.245256456	129.456128676	160.000000000	NaN	129.249238591	0.000000000	0.000000000
-100.000000000	-900.000000000	2.511903498	129.456128676	200.000000000	NaN	129.249238591	0.000000000	0.000000000
0.000000000	-900.000000000	2.622250108	129.456128676	240.000000000	NaN	129.249238591	0.000000000	0.000000000
100.000000000	-900.000000000	2.533809889	129.456128676	280.000000000	NaN	129.249238591	0.000000000	0.000000000
200.000000000	-900.000000000	2.293192247	129.456128676	320.000000000	NaN	129.249238591	0.000000000	0.000000000
300.000000000	-900.000000000	1.917036217	129.456128676	360.000000000	NaN	129.249238591	0.000000000	0.000000000
400.000000000	-900.000000000	1.478674548	129.456128676	400.000000000	NaN	129.249238591	0.000000000	0.000000000
500.000000000	-900.000000000	1.090469100	129.456128676	440.000000000	NaN	129.249238591	0.000000000	0.000000000
600.000000000	-900.000000000	0.809364390	129.456128676	480.000000000	NaN	129.249238591	0.000000000	0.000000000
700.000000000	-900.000000000	0.590066532	129.456128676	520.000000000	NaN	129.249238591	0.000000000	0.000000000
800.000000000	-900.000000000	0.433739416	129.456128676	560.000000000	NaN	129.249238591	0.000000000	0.000000000
900.000000000	-900.000000000	0.327793369	129.456128676	600.000000000	NaN	129.249238591	0.000000000	0.000000000
1000.000000000	-900.000000000	0.265204261	129.456128676	640.000000000	NaN	129.249238591	0.000000000	0.000000000
-1000.000000000	-800.000000000	0.259572740	129.544696124	680.000000000	NaN	129.249238591	0.000000000	0.000000000
-900.000000000	-800.000000000	0.305423441	129.544696124	720.000000000	NaN	129.249238591	0.000000000	0.000000000
-800.000000000	-800.000000000	0.399319184	129.544696124	760.000000000	NaN	129.249238591	0.000000000	0.000000000
-700.000000000	-800.000000000	0.530827660	129.544696124	800.000000000	NaN	129.249238591	0.000000000	0.000000000
-600.000000000	-800.000000000	0.711550027	129.544696124	840.000000000	NaN	129.249238591	0.000000000	0.000000000
-500.000000000	-800.000000000	1.033121831	129.544696124	880.000000000	NaN	129.249238591	0.000000000	0.000000000
-400.000000000	-800.000000000	1.362719350	129.544696124	920.000000000	NaN	129.249238591	0.000000000	0.000000000
-300.000000000	-800.000000000	1.800089155	129.544696124	960.000000000	NaN	129.249238591	0.000000000	0.000000000
-200.000000000	-800.000000000	2.154271060	129.544696124	1000.000000000	NaN	129.249238591	0.000000000	0.000000000
-100.000000000	-800.000000000	2.461689613	129.544696124	0.000000000	0.000000000	0.000000000	0.000000000	0.000000000
0.000000000	-800.000000000	2.566298390	129.544696124	0.000000000	0.000000000	0.000000000	0.000000000	0.000000000
100.000000000	-800.000000000	2.464867623	129.544696124	0.000000000	0.000000000	0.000000000	0.000000000	0.000000000
200.000000000	-800.000000000	2.173448585	129.544696124	0.000000000	0.000000000	0.000000000	0.000000000	0.000000000
300.000000000	-800.000000000	1.750947610	129.544696124	0.000000000	0.000000000	0.000000000	0.000000000	0.000000000
400.000000000	-800.000000000	1.355930277	129.544696124	0.000000000	0.000000000	0.000000000	0.000000000	0.000000000
500.000000000	-800.000000000	1.007831468	129.544696124	0.000000000	0.000000000	0.000000000	0.000000000	0.000000000
600.000000000	-800.000000000	0.729061204	129.544696124	0.000000000	0.000000000	0.000000000	0.000000000	0.000000000
700.000000000	-800.000000000	0.528913456	129.544696124	0.000000000	0.000000000	0.000000000	0.000000000	0.000000000
800.000000000	-800.000000000	0.403770631	129.544696124	0.000000000	0.000000000	0.000000000	0.000000000	0.000000000
900.000000000	-800.000000000	0.324420573	129.544696124	0.000000000	0.000000000	0.000000000	0.000000000	0.000000000
1000.000000000	-800.000000000	0.259593668	129.544696124	0.000000000	0.000000000	0.000000000	0.000000000	0.000000000
-1000.000000000	-700.000000000	0.249547727	129.406898648	0.000000000	0.000000000	0.000000000	0.000000000	0.000000000
-900.000000000	-700.000000000	0.302084454	129.406898648	0.000000000	0.000000000	0.000000000	0.000000000	0.000000000
-800.000000000	-700.000000000	0.375184775	129.406898648	0.000000000	0.000000000	0.000000000	0.000000000	0.000000000
-700.000000000	-700.000000000	0.494678362	129.406898648	0.000000000	0.000000000	0.000000000	0.000000000	0.000000000
-600.000000000	-700.000000000	0.677752821	129.406898648	0.000000000	0.000000000	0.000000000	0.000000000	0.000000000
-500.000000000	-700.000000000	0.953411068	129.406898648	0.000000000	0.000000000	0.000000000	0.000000000	0.000000000
-400.000000000	-700.000000000	1.286819231	129.406898648	0.000000000	0.000000000	0.000000000	0.000000000	0.000000000
-300.000000000	-700.000000000	1.706138398	129.406898648	0.000000000	0.000000000	0.000000000	0.000000000	0.000000000
-200.000000000	-700.000000000	2.071394921	129.406898648	0.000000000	0.000000000	0.000000000	0.000000000	0.000000000
-100.000000000	-700.000000000	2.330919442	129.406898648	0.000000000	0.000000000	0.000000000	0.000000000	0.000000000
0.000000000	-700.000000000	2.459522638	129.406898648	0.000000000	0.000000000	0.000000000	0.000000000	0.000000000
100.000000000	-700.000000000	2.319429338	129.406898648	0.000000000	0.000000000	0.000000000	0.000000000	0.000000000
200.000000000	-700.000000000	2.043399800	129.406898648	0.000000000	0.000000000	0.000000000	0.000000000	0.000000000
300.000000000	-700.000000000	1.668247064	129.406898648	0.000000000	0.000000000	0.000000000	0.000000000	0.000000000
400.000000000	-700.000000000	1.313740468	129.406898648	0.000000000	0.000000000	0.000000000	0.000000000	0.000000000
500.000000000	-700.000000000	0.960908504	129.406898648	0.000000000	0.000000000	0.000000000	0.000000000	0.000000000
600.000000000	-700.000000000	0.696023886	129.406898648	0.000000000	0.000000000	0.000000000	0.000000000	0.000000000
700.000000000	-700.000000000	0.510777630	129.406898648	0.000000000	0.000000000	0.000000000	0.000000000	0.000000000
800.000000000	-700.000000000	0.385960014	129.406898648	0.000000000	0.000000000	0.000000000	0.000000000	0.000000000
900.000000000	-700.000000000	0.307722416	129.406898648	0.000000000	0.000000000	0.000000000	0.000000000	0.000000000
1000.000000000	-700.000000000	0.252999409	129.406898648	0.000000000	0.000000000	0.000000000	0.000000000	0.000000000
-1000.000000000	-600.000000000	0.237983627	129.180203052	0.000000000	0.000000000	0.000000000	0.000000000	0.000000000
-900.000000000	-600.000000000	0.290341651	129.180203052	0.000000000	0.000000000	0.000000000	0.000000000	0.000000000
-800.000000000	-600.000000000	0.366665044	129.180203052	0.000000000	0.000000000	0.000000000	0.000000000	0.000000000
-700.000000000	-600.000000000	0.475668347	129.180203052	0.000000000	0.000000000	0.000000000	0.000000000	0.000000000
-600.000000000	-600.000000000	0.667093493	129.180203052	0.000000000	0.000000000	0.000000000	0.000000000	0.000000000
-500.000000000	-600.000000000	0.904693039	129.180203052	0.000000000	0.000000000	0.000000000	0.000000000	0.000000000
-400.000000000	-600.000000000	1.263544485	129.180203052	0.000000000	0.000000000	0.000000000	0.000000000	0.000000000
-300.000000000	-600.000000000	1.631962446	129.180203052	0.000000000	0.000000000	0.000000000	0.000000000	0.000000000
-200.000000000	-600.000000000	2.018234943	129.180203052	0.000000000	0.000000000	0.000000000	0.000000000	0.000000000
-100.000000000	-600.000000000	2.351653785	129.180203052	0.000000000	0.000000000	0.000000000	0.000000000	0.000000000
0.000000000	-600.000000000	2.465815875	129.180203052	0.000000000	0.000000000	0.000000000	0.000000000	0.000000000
100.000000000	-600.000000000	2.322739366	129.180203052	0.000000000	0.000000000	0.000000000	0.000000000	0.000000000
200.000000000	-600.000000000	2.036562417	129.180203052	0.000000000	0.000000000	0.000000000	0.000000000	0.000000000
300.000000000	-600.000000000	1.657893599	129.180203052	0.000000000	0.000000000	0.000000000	0.000000000	0.000000000
400.000000000	-600.000000000	1.265176953	129.180203052	0.000000000	0.000000000	0.000000000	0.000000000	0.000000000
500.000000000	-600.000000000	0.910076637	129.180203052	0.000000000	0.000000000	0.000000000	0.000000000	0.000000000
600.000000000	-600.000000000	0.673700635	129.180203052	0.000000000	0.000000000	0.000000000	0.000000000	0.000000000
700.000000000	-600.000000000	0.492139508	129.180203052	0.000000000	0.000000000	0.000000000	0.000000000	0.000000000
800.000000000	-600.000000000	0.371499653	129.180203052	0.000000000	0.000000000	0.000000000	0.000000000	0.000000000
900.000000000	-600.000000000	0.289715390	129.180203052	0.000000000	0.000000000	0.000000000	0.000000000	0.000000000
1000.000000000	-600.000000000	0.238920604	129.180203052	0.000000000	0.000000000	0.000000000	0.000000000	0.000000000
-1000.000000000	-500.000000000	0.234707427	129.249238591	0.000000000	0.000000000	0.000000000	0.000000000	0.000000000
-900.000000000	-500.000000000	0.281686687	129.249238591	0.000000000	0.000000000	0.000000000	0.000000000	0.000000000
-800.000000000	-500.000000000	0.354825644	129.249238591	0.000000000	0.000000000	0.000000000	0.000000000	0.000000000
-700.000000000	-500.000000000	0.459243874	129.249238591	0.000000000	0.000000000	0.000000000	0.000000000	0.000000000
-600.000000000	-500.000000000	0.631425557	129.249238591	0.000000000	0.000000000	0.000000000	0.000000000	0.000000000
-500.000000000	-500.000000000	0.865294885	129.249238591	0.000000000	0.000000000	0.000000000	0.000000000	0.000000000
-400.000000000	-500.000000000	1.207164771	129.249238591	0.000000000	0.000000000	0.000000000	0.000000000	0.000000000
-300.000000000	-500.000000000	1.567024290	129.249238591	0.000000000	0.000000000	0.000000000	0.000000000	0.000000000
-200.000000000	-500.000000000	1.989407494	129.249238591	0.000000000	0.000000000	0.000000000	0.000000000	0.000000000
-100.000000000	-500.000000000	2.295399460	129.249238591	0.000000000	0.000000000	0.000000000	0.000000000	0.000000000
0.000000000	-500.000000000	2.458345776	129.249238591	0.000000000	0.000000000	0.000000000	0.000000000	0.000000000
100.000000000	-500.000000000	2.331841934	129.249238591	0.000000000	0.000000000	0.000000000	0.000000000	0.000000000
200.000000000	-500.000000000	2.015066599	129.249238591	0.000000000	0.000000000	0.000000000	0.000000000	0.000000000
300.000000000	-500.000000000	1.616500671	129.249238591	0.000000000	0.000000000	0.000000000	0.000000000	0.000000000
400.000000000	-500.000000000	1.207127743	129.249238591	0.000000000	0.000000000	0.000000000	0.000000000	0.000000000
500.000000000	-500.000000000	0.879006639	129.249238591	0.000000000	0.000000000	0.000000000	0.000000000	0.000000000
600.000000000	-500.000000000	0.632992016	129.249238591	0.000000000	0.000000000	0.000000000	0.000000000	0.000000000
700.000000000	-500.000000000	0.466908735	129.249238591	0.000000000	0.000000000	0.000000000	0.000000000	0.000000000
800.000000000	-500.000000000	0.353140051	129.249238591	0.000000000	0.000000000	0.000000000	0.000000000	0.000000000
900.000000000	-500.000000000	0.280952560	129.249238591	0.000000000	0.000000000	0.000000000	0.000000000	0.000000000
1000.000000000	-500.000000000	0.232041389	129.249238591	0.000000000	0.000000000	0.000000000	0.000000000	0.000000000
-1000.000000000	-400.000000000	0.231184908	129.249238591	0.000000000	0.000000000	0.000000000	0.000000000	0.000000000
-900.000000000	-400.000000000	0.275968228	129.249238591	0.000000000	0.000000000	0.000000000	0.000000000	0.000000000
-800.000000000	-400.000000000	0.352639364	129.249238591	0.000000000	0.000000000	0.000000000	0.000000000	0.000000000
-700.000000000	-400.000000000	0.462318834	129.249238591	0.000000000	0.000000000	0.000000000	0.000000000	0.000000000
-600.000000000	-400.000000000	0.625827840	129.249238591	0.000000000	0.000000000	0.000000000	0.000000000	0.000000000
-500.000000000	-400.000000000	0.873502296	129.249238591	0.000000000	0.000000000	0.000000000	0.000000000	0.000000000
-400.000000000	-400.000000000	1.223305919	129.249238591	0.000000000	0.000000000	0.000000000	0.000000000	0.000000000
-300.000000000	-400.000000000	1.604490591	129.249238591	0.000000000	0.000000000	0.000000000	0.000000000	0.000000000
-200.000000000	-400.000000000	2.026400522	129.249238591	0.000000000	0.000000000	0.000000000	0.000000000	0.000000000
-100.000000000	-400.000000000	2.381239558	129.249238591	0.000000000	0.000000000	0.000000000	0.000000000	0.000000000
0.000000000	-400.000000000	2.515686843	129.249238591	0.000000000	0.000000000	0.000000000	0.000000000	0.000000000
100.000000000	-400.000000000	2.419791051	129.249238591	0.000000000	0.000000000	0.000000000	0.000000000	0.000000000
200.000000000	-400.000000000	2.076904113	129.249238591	0.000000000	0.000000000	0.000000000	0.000000000	0.000000000
300.000000000	-400.000000000	1.628111491	129.249238591	0.000000000	0.000000000	0.000000000	0.000000000	0.000000000
400.000000000	-400.000000000	1.230046691	129.249238591	0.000000000	0.000000000	0.000000000	0.000000000	0.000000000
500.000000000	-400.000000000	0.902817472	129.249238591	0.000000000	0.000000000	0.000000000	0.000000000	0.000000000
600.000000000	-400.000000000	0.649252280	129.249238591	0.000000000	0.000000000	0.000000000	0.000000000	0.000000000
700.000000000	-400.000000000	0.474509199	129.249238591	0.000000000	0.000000000	0.000000000	0.000000000	0.000000000
800.000000000	-400.000000000	0.359541119	129.249238591	0.000000000	0.000000000	0.000000000	0.000000000	0.000000000
900.000000000	-400.000000000	0.283824669	129.249238591	0.000000000	0.000000000	0.000000000	0.000000000	0.000000000
1000.000000000	-400.000000000	0.234432129	129.249238591	0.000000000	0.000000000	0.000000000	0.000000000	0.000000000
-1000.000000000	-300.000000000	0.233145798	129.367501331	0.000000000	0.000000000	0.000000000	0.000000000	0.000000000
-900.000000000	-300.000000000	0.278907954	129.367501331	0.000000000	0.000000000	0.000000000	0.000000000	0.000000000
-800.000000000	-300.000000000	0.356163493	129.367501331	0.000000000	0.000000000	0.000000000	0.000000000	0.000000000
-700.000000000	-300.000000000	0.467945528	129.367501331	0.000000000	0.000000000	0.000000000	0.000000000	0.000000000
-600.000000000	-300.000000000	0.635059163	129.367501331	0.000000000	0.000000000	0.000000000	0.000000000	0.000000000
-500.000000000	-300.000000000	0.875295756	129.367501331	0.000000000	0.000000000	0.000000000	0.000000000	0.000000000
-400.000000000	-300.000000000	1.208832659	129.367501331	0.000000000	0.000000000	0.000000000	0.000000000	0.000000000
-300.000000000	-300.000000000	1.581299544	129.367501331	0.000000000	0.000000000	0.000000000	0.000000000	0.000000000
-200.000000000	-300.000000000	1.987029623	129.367501331	0.000000000	0.000000000	0.000000000	0.000000000	0.000000000
-100.000000000	-300.000000000	2.406267598	129.367501331	0.000000000	0.000000000	0.000000000	0.000000000	0.000000000
0.000000000	-300.000000000	2.576922357	129.367501331	0.000000000	0.000000000	0.000000000	0.000000000	0.000000000
100.000000000	-300.000000000	2.423088199	129.367501331	0.000000000	0.000000000	0.000000000	0.000000000	0.000000000
200.000000000	-300.000000000	2.051116209	129.367501331	0.000000000	0.000000000	0.000000000	0.000000000	0.000000000
300.000000000	-300.000000000	1.650887185	129.367501331	0.000000000	0.000000000	0.000000000	0.000000000	0.000000000
400.000000000	-300.000000000	1.241594712	129.367501331	0.000000000	0.000000000	0.000000000	0.000000000	0.000000000
500.000000000	-300.000000000	0.908265468	129.367501331	0.000000000	0.000000000	0.000000000	0.000000000	0.000000000
600.000000000	-300.000000000	0.666621785	129.367501331	0.000000000	0.000000000	0.000000000	0.000000000	0.000000000
700.000000000	-300.000000000	0.485606425	129.367501331	0.000000000	0.000000000	0.000000000	0.000000000	0.000000000
800.000000000	-300.000000000	0.361508449	129.367501331	0.000000000	0.000000000	0.000000000	0.000000000	0.000000000
900.000000000	-300.000000000	0.286749905	129.367501331	0.000000000	0.000000000	0.000000000	0.000000000	0.000000000
1000.000000000	-300.000000000	0.237391174	129.367501331	0.000000000	0.000000000	0.000000000	0.000000000	0.000000000
-1000.000000000	-200.000000000	0.239226490	129.387201466	0.000000000	0.000000000	0.000000000	0.000000000	0.000000000
-900.000000000	-200.000000000	0.287010713	129.387201466	0.000000000	0.000000000	0.000000000	0.000000000	0.000000000
-800.000000000	-200.000000000	0.361028691	129.387201466	0.000000000	0.000000000	0.000000000	0.000000000	0.000000000
-700.000000000	-200.000000000	0.474995397	129.387201466	0.000000000	0.000000000	0.000000000	0.000000000	0.000000000
-600.000000000	-200.000000000	0.657229469	129.387201466	0.000000000	0.000000000	0.000000000	0.000000000	0.000000000
-500.000000000	-200.000000000	0.904697868	129.387201466	0.000000000	0.000000000	0.000000000	0.000000000	0.000000000
-400.000000000	-200.000000000	1.241531925	129.387201466	0.000000000	0.000000000	0.000000000	0.000000000	0.000000000
-300.000000000	-200.000000000	1.615199848	129.387201466	0.000000000	0.000000000	0.000000000	0.000000000	0.000000000
-200.000000000	-200.000000000	2.020165252	129.387201466	0.000000000	0.000000000	0.000000000	0.000000000	0.000000000
-100.000000000	-200.000000000	2.368257040	129.387201466	0.000000000	0.000000000	0.000000000	0.000000000	0.000000000
0.000000000	-200.000000000	2.626603374	129.387201466	0.000000000	0.000000000	0.000000000	0.000000000	0.000000000
100.000000000	-200.000000000	2.417192618	129.387201466	0.000000000	0.000000000	0.000000000	0.000000000	0.000000000
200.000000000	-200.000000000	2.069348698	129.387201466	0.000000000	0.000000000	0.000000000	0.000000000	0.000000000
300.000000000	-200.000000000	1.664840452	129.387201466	0.000000000	0.000000000	0.000000000	0.000000000	0.000000000
400.000000000	-200.000000000	1.277872855	129.387201466	0.000000000	0.000000000	0.000000000	0.000000000	0.000000000
500.000000000	-200.000000000	0.947917994	129.387201466	0.000000000	0.000000000	0.000000000	0.000000000	0.000000000
600.000000000	-200.000000000	0.684916997	129.387201466	0.000000000	0.000000000	0.000000000	0.000000000	0.000000000
700.000000000	-200.000000000	0.504864369	129.387201466	0.000000000	0.000000000	0.000000000	0.000000000	0.000000000
800.000000000	-200.000000000	0.381333085	129.387201466	0.000000000	0.000000000	0.000000000	0.000000000	0.000000000
900.000000000	-200.000000000	0.300563074	129.387201466	0.000000000	0.000000000	0.000000000	0.000000000	0.000000000
1000.000000000	-200.000000000	0.247668943	129.387201466	0.000000000	0.000000000	0.000000000	0.000000000	0.000000000
-1000.000000000	-100.000000000	0.244260729	129.426592877	0.000000000	0.000000000	0.000000000	0.000000000	0.000000000
-900.000000000	-100.000000000	0.296855413	129.426592877	0.000000000	0.000000000	0.000000000	0.000000000	0.000000000
-800.000000000	-100.000000000	0.381077106	129.426592877	0.000000000	0.000000000	0.000000000	0.000000000	0.000000000
-700.000000000	-100.000000000	0.496355906	129.426592877	0.000000000	0.000000000	0.000000000	0.000000000	0.000000000
-600.000000000	-100.000000000	0.661800053	129.426592877	0.000000000	0.000000000	0.000000000	0.000000000	0.000000000
-500.000000000	-100.000000000	0.934264194	129.426592877	0.000000000	0.000000000	0.000000000	0.000000000	0.000000000
-400.000000000	-100.000000000	1.241168083	129.426592877	0.000000000	0.000000000	0.000000000	0.000000000	0.000000000
-300.000000000	-100.000000000	1.602249567	129.426592877	0.000000000	0.000000000	0.000000000	0.000000000	0.000000000
-200.000000000	-100.000000000	2.042594835	129.426592877	0.000000000	0.000000000	0.000000000	0.000000000	0.000000000
-100.000000000	-100.000000000	2.375690109	129.426592877	0.000000000	0.000000000	0.000000000	0.000000000	0.000000000
0.000000000	-100.000000000	2.594684780	129.426592877	0.000000000	0.000000000	0.000000000	0.000000000	0.000000000
100.000000000	-100.000000000	2.419609129	129.426592877	0.000000000	0.000000000	0.000000000	0.000000000	0.000000000
200.000000000	-100.000000000	2.077507837	129.426592877	0.000000000	0.000000000	0.000000000	0.000000000	0.000000000
300.000000000	-100.000000000	1.650769656	129.426592877	0.000000000	0.000000000	0.000000000	0.000000000	0.000000000
400.000000000	-100.000000000	1.304945424	129.426592877	0.000000000	0.000000000	0.000000000	0.000000000	0.000000000
500.000000000	-100.000000000	0.940251517	129.426592877	0.000000000	0.000000000	0.000000000	0.000000000	0.000000000
600.000000000	-100.000000000	0.693410974	129.426592877	0.000000000	0.000000000	0.000000000	0.000000000	0.000000000
700.000000000	-100.000000000	0.502480067	129.426592877	0.000000000	0.000000000	0.000000000	0.000000000	0.000000000
800.000000000	-100.000000000	0.391396736	129.426592877	0.000000000	0.000000000	0.000000000	0.000000000	0.000000000
900.000000000	-100.000000000	0.307959075	129.426592877	0.000000000	0.000000000	0.000000000	0.000000000	0.000000000
1000.000000000	-100.000000000	0.251515057	129.426592877	0.000000000	0.000000000	0.000000000	0.000000000	0.000000000
-1000.000000000	0.000000000	0.245184827	129.308383222	0.000000000	0.000000000	0.000000000	0.000000000	0.000000000
-900.000000000	0.000000000	0.299957741	129.308383222	0.000000000	0.000000000	0.000000000	0.000000000	0.000000000
-800.000000000	0.000000000	0.378810330	129.308383222	0.000000000	0.000000000	0.000000000	0.000000000	0.000000000
-700.000000000	0.000000000	0.491671019	129.308383222	0.000000000	0.000000000	0.000000000	0.000000000	0.000000000
-600.000000000	0.000000000	0.674470180	129.308383222	0.000000000	0.000000000	0.000000000	0.000000000	0.000000000
-500.000000000	0.000000000	0.936117221	129.308383222	0.000000000	0.000000000	0.000000000	0.000000000	0.000000000
-400.000000000	0.000000000	1.245265350	129.308383222	0.000000000	0.000000000	0.000000000	0.000000000	0.000000000
-300.000000000	0.000000000	1.577203879	129.308383222	0.000000000	0.000000000	0.000000000	0.000000000	0.000000000
-200.000000000	0.000000000	1.985818955	129.308383222	0.000000000	0.000000000	0.000000000	0.000000000	0.000000000
-100.000000000	0.000000000	2.326063881	129.308383222	0.000000000	0.000000000	0.000000000	0.000000000	0.000000000
0.000000000	0.000000000	2.508525853	129.308383222	0.000000000	0.000000000	0.000000000	0.000000000	0.000000000
100.000000000	0.000000000	2.337138616	129.308383222	0.000000000	0.000000000	0.000000000	0.000000000	0.000000000
200.000000000	0.000000000	2.011698619	129.308383222	0.000000000	0.000000000	0.000000000	0.000000000	0.000000000
300.000000000	0.000000000	1.658740424	129.308383222	0.000000000	0.000000000	0.000000000	0.000000000	0.000000000
400.000000000	0.000000000	1.319199739	129.308383222	0.000000000	0.000000000	0.000000000	0.000000000	0.000000000
500.000000000	0.000000000	0.940634680	129.308383222	0.000000000	0.000000000	0.000000000	0.000000000	0.000000000
600.000000000	0.000000000	0.705741408	129.308383222	0.000000000	0.000000000	0.000000000	0.000000000	0.000000000
700.000000000	0.000000000	0.511832132	129.308383222	0.000000000	0.000000000	0.000000000	0.000000000	0.000000000
800.000000000	0.000000000	0.403912305	129.308383222	0.000000000	0.000000000	0.000000000	0.000000000	0.000000000
900.000000000	0.000000000	0.315953973	129.308383222	0.000000000	0.000000000	0.000000000	0.000000000	0.000000000
1000.000000000	0.000000000	0.250966072	129.308383222	0.000000000	0.000000000	0.000000000	0.000000000	0.000000000
-1000.000000000	100.000000000	0.246274747	129.219656341	0.000000000	0.000000000	0.000000000	0.000000000	0.000000000
-900.000000000	100.000000000	0.308269791	129.219656341	0.000000000	0.000000000	0.000000000	0.000000000	0.000000000
-800.000000000	100.000000000	0.384559378	129.219656341	0.000000000	0.000000000	0.000000000	0.000000000	0.000000000
-700.000000000	100.000000000	0.505716020	129.219656341	0.000000000	0.000000000	0.000000000	0.000000000	0.000000000
-600.000000000	100.000000000	0.668643853	129.219656341	0.000000000	0.000000000	0.000000000	0.000000000	0.000000000
-500.000000000	100.000000000	0.941062920	129.219656341	0.000000000	0.000000000	0.000000000	0.000000000	0.000000000
-400.000000000	100.000000000	1.225323160	129.219656341	0.000000000	0.000000000	0.000000000	0.000000000	0.000000000
-300.000000000	100.000000000	1.625157268	129.219656341	0.000000000	0.000000000	0.000000000	0.000000000	0.000000000
-200.000000000	100.000000000	1.936567904	129.219656341	0.000000000	0.000000000	0.000000000	0.000000000	0.000000000
-100.000000000	100.000000000	2.321614019	129.219656341	0.000000000	0.000000000	0.000000000	0.000000000	0.000000000
0.000000000	100.000000000	2.449729404	129.219656341	0.000000000	0.000000000	0.000000000	0.000000000	0.000000000
100.000000000	100.000000000	2.337154715	129.219656341	0.000000000	0.000000000	0.000000000	0.000000000	0.000000000
200.000000000	100.000000000	2.037465588	129.219656341	0.000000000	0.000000000	0.000000000	0.000000000	0.000000000
300.000000000	100.000000000	1.629871147	129.219656341	0.000000000	0.000000000	0.000000000	0.000000000	0.000000000
400.000000000	100.000000000	1.284974252	129.219656341	0.000000000	0.000000000	0.000000000	0.000000000	0.000000000
500.000000000	100.000000000	0.970352341	129.219656341	0.000000000	0.000000000	0.000000000	0.000000000	0.000000000
600.000000000	100.000000000	0.696637268	129.219656341	0.000000000	0.000000000	0.000000000	0.000000000	0.000000000
700.000000000	100.000000000	0.506208658	129.219656341	0.000000000	0.000000000	0.000000000	0.000000000	0.000000000
800.000000000	100.000000000	0.405055353	129.219656341	0.000000000	0.000000000	0.000000000	0.000000000	0.000000000
900.000000000	100.000000000	0.319523177	129.219656341	0.000000000	0.000000000	0.000000000	0.000000000	0.000000000
1000.000000000	100.000000000	0.258288017	129.219656341	0.000000000	0.000000000	0.000000000	0.000000000	0.000000000
-1000.000000000	200.000000000	0.260688417	129.288671290	0.000000000	0.000000000	0.000000000	0.000000000	0.000000000
-900.000000000	200.000000000	0.321825372	129.288671290	0.000000000	0.000000000	0.000000000	0.000000000	0.000000000
-800.000000000	200.000000000	0.395632452	129.288671290	0.000000000	0.000000000	0.000000000	0.000000000	0.000000000
-700.000000000	200.000000000	0.514610866	129.288671290	0.000000000	0.000000000	0.000000000	0.000000000	0.000000000
-600.000000000	200.000000000	0.685786358	129.288671290	0.000000000	0.000000000	0.000000000	0.000000000	0.000000000
-500.000000000	200.000000000	0.971067149	129.288671290	0.000000000	0.000000000	0.000000000	0.000000000	0.000000000
-400.000000000	200.000000000	1.288112004	129.288671290	0.000000000	0.000000000	0.000000000	0.000000000	0.000000000
-300.000000000	200.000000000	1.642945393	129.288671290	0.000000000	0.000000000	0.000000000	0.000000000	0.000000000
-200.000000000	200.000000000	1.987680034	129.288671290	0.000000000	0.000000000	0.000000000	0.000000000	0.000000000
-100.000000000	200.000000000	2.310965914	129.288671290	0.000000000	0.000000000	0.000000000	0.000000000	0.000000000
0.000000000	200.000000000	2.493978474	129.288671290	0.000000000	0.000000000	0.000000000	0.000000000	0.000000000
100.000000000	200.000000000	2.409481033	129.288671290	0.000000000	0.000000000	0.000000000	0.000000000	0.000000000
200.000000000	200.000000000	2.042305050	129.288671290	0.000000000	0.000000000	0.000000000	0.000000000	0.000000000
300.000000000	200.000000000	1.659709602	129.288671290	0.000000000	0.000000000	0.000000000	0.000000000	0.000000000
400.000000000	200.000000000	1.332758563	129.288671290	0.000000000	0.000000000	0.000000000	0.000000000	0.000000000
500.000000000	200.000000000	1.013784982	129.288671290	0.000000000	0.000000000	0.000000000	0.000000000	0.000000000
600.000000000	200.000000000	0.744869081	129.288671290	0.000000000	0.000000000	0.000000000	0.000000000	0.000000000
700.000000000	200.000000000	0.534200456	129.288671290	0.000000000	0.000000000	0.000000000	0.000000000	0.000000000
800.000000000	200.000000000	0.398491682	129.288671290	0.000000000	0.000000000	0.000000000	0.000000000	0.000000000
900.000000000	200.000000000	0.321628961	129.288671290	0.000000000	0.000000000	0.000000000	0.000000000	0.000000000
1000.000000000	200.000000000	0.264803389	129.288671290	0.000000000	0.000000000	0.000000000	0.000000000	0.000000000
-1000.000000000	300.000000000	0.274398550	11.750000000	0.000000000	0.000000000	0.000000000	0.000000000	0.000000000
-900.000000000	300.000000000	0.332188468	11.750000000	0.000000000	0.000000000	0.000000000	0.000000000	0.000000000
-800.000000000	300.000000000	0.432990800	11.750000000	0.000000000	0.000000000	0.000000000	0.000000000	0.000000000
-700.000000000	300.000000000	0.559286337	11.750000000	0.000000000	0.000000000	0.000000000	0.000000000	0.000000000
-600.000000000	300.000000000	0.776583042	11.750000000	0.000000000	0.000000000	0.000000000	0.000000000	0.000000000
-500.000000000	300.000000000	1.045011152	11.750000000	0.000000000	0.000000000	0.000000000	0.000000000	0.000000000
-400.000000000	300.000000000	1.367380098	11.750000000	0.000000000	0.000000000	0.000000000	0.000000000	0.000000000
-300.000000000	300.000000000	1.719058096	11.750000000	0.000000000	0.000000000	0.000000000	0.000000000	0.000000000
-200.000000000	300.000000000	2.112158426	11.750000000	0.000000000	0.000000000	0.000000000	0.000000000	0.000000000
-100.000000000	300.000000000	2.452851069	11.750000000	0.000000000	0.000000000	0.000000000	0.000000000	0.000000000
0.000000000	300.000000000	2.558147287	11.750000000	0.000000000	0.000000000	0.000000000	0.000000000	0.000000000
100.000000000	300.000000000	2.501575758	11.750000000	0.000000000	0.000000000	0.000000000	0.000000000	0.000000000
200.000000000	300.000000000	2.204776288	11.750000000	0.000000000	0.000000000	0.000000000	0.000000000	0.000000000
300.000000000	300.000000000	1.793739594	11.750000000	0.000000000	0.000000000	0.000000000	0.000000000	0.000000000
400.000000000	300.000000000	1.480575874	11.750000000	0.000000000	0.000000000	0.000000000	0.000000000	0.000000000
500.000000000	300.000000000	1.124449858	11.750000000	0.000000000	0.000000000	0.000000000	0.000000000	0.000000000
600.000000000	300.000000000	0.843803961	11.750000000	0.000000000	0.000000000	0.000000000	0.000000000	0.000000000
700.000000000	300.000000000	0.616387229	11.750000000	0.000000000	0.000000000	0.000000000	0.000000000	0.000000000
800.000000000	300.000000000	0.464068825	11.750000000	0.000000000	0.000000000	0.000000000	0.000000000	0.000000000
900.000000000	300.000000000	0.363739808	11.750000000	0.000000000	0.000000000	0.000000000	0.000000000	0.000000000
1000.000000000	300.000000000	0.286223459	11.750000000	0.000000000	0.000000000	0.000000000	0.000000000	0.000000000
-1000.000000000	400.000000000	0.293429490	129.456128676	0.000000000	0.000000000	0.000000000	0.000000000	0.000000000
-900.000000000	400.000000000	0.358298256	129.456128676	0.000000000	0.000000000	0.000000000	0.000000000	0.000000000
-800.000000000	400.000000000	0.452826706	129.456128676	0.000000000	0.000000000	0.000000000	0.000000000	0.000000000
-700.000000000	400.000000000	0.602118445	129.456128676	0.000000000	0.000000000	0.000000000	0.000000000	0.000000000
-600.000000000	400.000000000	0.786437409	129.456128676	0.000000000	0.000000000	0.000000000	0.000000000	0.000000000
-500.000000000	400.000000000	1.092455743	129.456128676	0.000000000	0.000000000	0.000000000	0.000000000	0.000000000
-400.000000000	400.000000000	1.430154473	129.456128676	0.000000000	0.000000000	0.000000000	0.000000000	0.000000000
-300.000000000	400.000000000	1.739048609	129.456128676	0.000000000	0.000000000	0.000000000	0.000000000	0.000000000
-200.000000000	400.000000000	2.156040375	129.456128676	0.000000000	0.000000000	0.000000000	0.000000000	0.000000000
-100.000000000	400.000000000	2.448592795	129.456128676	0.000000000	0.000000000	0.000000000	0.000000000	0.000000000
0.000000000	400.000000000	2.565825069	129.456128676	0.000000000	0.000000000	0.000000000	0.000000000	0.000000000
100.000000000	400.000000000	2.488583581	129.456128676	0.000000000	0.000000000	0.000000000	0.000000000	0.000000000
200.000000000	400.000000000	2.228514755	129.456128676	0.000000000	0.000000000	0.000000000	0.000000000	0.000000000
300.000000000	400.000000000	1.810239774	129.456128676	0.000000000	0.000000000	0.000000000	0.000000000	0.000000000
400.000000000	400.000000000	1.475343597	129.456128676	0.000000000	0.000000000	0.000000000	0.000000000	0.000000000
500.000000000	400.000000000	1.095559684	129.456128676	0.000000000	0.000000000	0.000000000	0.000000000	0.000000000
600.000000000	400.000000000	0.890470935	129.456128676	0.000000000	0.000000000	0.000000000	0.000000000	0.000000000
700.000000000	400.000000000	0.654614948	129.456128676	0.000000000	0.000000000	0.000000000	0.000000000	0.000000000
800.000000000	400.000000000	0.481097020	129.456128676	0.000000000	0.000000000	0.000000000	0.000000000	0.000000000
900.000000000	400.000000000	0.361075379	129.456128676	0.000000000	0.000000000	0.000000000	0.000000000	0.000000000
1000.000000000	400.000000000	0.301762469	129.456128676	0.000000000	0.000000000	0.000000000	0.000000000	0.000000000
-1000.000000000	500.000000000	0.294577367	129.387201466	0.000000000	0.000000000	0.000000000	0.000000000	0.000000000
-900.000000000	500.000000000	0.364752451	129.387201466	0.000000000	0.000000000	0.000000000	0.000000000	0.000000000
-800.000000000	500.000000000	0.463970619	129.387201466	0.000000000	0.000000000	0.000000000	0.000000000	0.000000000
-700.000000000	500.000000000	0.628733759	129.387201466	0.000000000	0.000000000	0.000000000	0.000000000	0.000000000
-600.000000000	500.000000000	0.842736578	129.387201466	0.000000000	0.000000000	0.000000000	0.000000000	0.000000000
-500.000000000	500.000000000	1.090261410	129.387201466	0.000000000	0.000000000	0.000000000	0.000000000	0.000000000
-400.000000000	500.000000000	1.389634154	129.387201466	0.000000000	0.000000000	0.000000000	0.000000000	0.000000000
-300.000000000	500.000000000	1.758486919	129.387201466	0.000000000	0.000000000	0.000000000	0.000000000	0.000000000
-200.000000000	500.000000000	2.063200365	129.387201466	0.000000000	0.000000000	0.000000000	0.000000000	0.000000000
-100.000000000	500.000000000	2.343834333	129.387201466	0.000000000	0.000000000	0.000000000	0.000000000	0.000000000
0.000000000	500.000000000	2.486373142	129.387201466	0.000000000	0.000000000	0.000000000	0.000000000	0.000000000
100.000000000	500.000000000	2.370850647	129.387201466	0.000000000	0.000000000	0.000000000	0.000000000	0.000000000
200.000000000	500.000000000	2.150907907	129.387201466	0.000000000	0.000000000	0.000000000	0.000000000	0.000000000
300.000000000	500.000000000	1.803226917	129.387201466	0.000000000	0.000000000	0.000000000	0.000000000	0.000000000
400.000000000	500.000000000	1.497430225	129.387201466	0.000000000	0.000000000	0.000000000	0.000000000	0.000000000
500.000000000	500.000000000	1.101027001	129.387201466	0.000000000	0.000000000	0.000000000	0.000000000	0.000000000
600.000000000	500.000000000	0.870350058	129.387201466	0.000000000	0.000000000	0.000000000	0.000000000	0.000000000
700.000000000	500.000000000	0.621545434	129.387201466	0.000000000	0.000000000	0.000000000	0.000000000	0.000000000
800.000000000	500.000000000	0.495612120	129.387201466	0.000000000	0.000000000	0.000000000	0.000000000	0.000000000
900.000000000	500.000000000	0.377136006	129.387201466	0.000000000	0.000000000	0.000000000	0.000000000	0.000000000
1000.000000000	500.000000000	0.320997870	129.387201466	0.000000000	0.000000000	0.000000000	0.000000000	0.000000000
-1000.000000000	600.000000000	0.323082724	129.219656341	0.000000000	0.000000000	0.000000000	0.000000000	0.000000000
-900.000000000	600.000000000	0.403989581	129.219656341	0.000000000	0.000000000	0.000000000	0.000000000	0.000000000
-800.000000000	600.000000000	0.485364936	129.219656341	0.000000000	0.000000000	0.000000000	0.000000000	0.000000000
-700.000000000	600.000000000	0.629331042	129.219656341	0.000000000	0.000000000	0.000000000	0.000000000	0.000000000
-600.000000000	600.000000000	0.871097065	129.219656341	0.000000000	0.000000000	0.000000000	0.000000000	0.000000000
-500.000000000	600.000000000	1.129295737	129.219656341	0.000000000	0.000000000	0.000000000	0.000000000	0.000000000
-400.000000000	600.000000000	1.480516300	129.219656341	0.000000000	0.000000000	0.000000000	0.000000000	0.000000000
-300.000000000	600.000000000	1.788969362	129.219656341	0.000000000	0.000000000	0.000000000	0.000000000	0.000000000
-200.000000000	600.000000000	2.088128565	129.219656341	0.000000000	0.000000000	0.000000000	0.000000000	0.000000000
-100.000000000	600.000000000	2.336298230	129.219656341	0.000000000	0.000000000	0.000000000	0.000000000	0.000000000
0.000000000	600.000000000	2.473514584	129.219656341	0.000000000	0.000000000	0.000000000	0.000000000	0.000000000
100.000000000	600.000000000	2.406645933	129.219656341	0.000000000	0.000000000	0.000000000	0.000000000	0.000000000
200.000000000	600.000000000	2.177133723	129.219656341	0.000000000	0.000000000	0.000000000	0.000000000	0.000000000
300.000000000	600.000000000	1.889936222	129.219656341	0.000000000	0.000000000	0.000000000	0.000000000	0.000000000
400.000000000	600.000000000	1.503393405	129.219656341	0.000000000	0.000000000	0.000000000	0.000000000	0.000000000
500.000000000	600.000000000	1.151248724	129.219656341	0.000000000	0.000000000	0.000000000	0.000000000	0.000000000
600.000000000	600.000000000	0.910983028	129.219656341	0.000000000	0.000000000	0.000000000	0.000000000	0.000000000
700.000000000	600.000000000	0.668866023	129.219656341	0.000000000	0.000000000	0.000000000	0.000000000	0.000000000
800.000000000	600.000000000	0.542617154	129.219656341	0.000000000	0.000000000	0.000000000	0.000000000	0.000000000
900.000000000	600.000000000	0.406748996	129.219656341	0.000000000	0.000000000	0.000000000	0.000000000	0.000000000
1000.000000000	600.000000000	0.330539904	129.219656341	0.000000000	0.000000000	0.000000000	0.000000000	0.000000000
-1000.000000000	700.000000000	0.351335324	129.278814219	0.000000000	0.000000000	0.000000000	0.000000000	0.000000000
-900.000000000	700.000000000	0.420863222	129.278814219	0.000000000	0.000000000	0.000000000	0.000000000	0.000000000
-800.000000000	700.000000000	0.521639806	129.278814219	0.000000000	0.000000000	0.000000000	0.000000000	0.000000000
-700.000000000	700.000000000	0.726813746	129.278814219	0.000000000	0.000000000	0.000000000	0.000000000	0.000000000
-600.000000000	700.000000000	0.909360219	129.278814219	0.000000000	0.000000000	0.000000000	0.000000000	0.000000000
-500.000000000	700.000000000	1.218469693	129.278814219	0.000000000	0.000000000	0.000000000	0.000000000	0.000000000
-400.000000000	700.000000000	1.492355726	129.278814219	0.000000000	0.000000000	0.000000000	0.000000000	0.000000000
-300.000000000	700.000000000	1.841411269	129.278814219	0.000000000	0.000000000	0.000000000	0.000000000	0.000000000
-200.000000000	700.000000000	2.199436133	129.278814219	0.000000000	0.000000000	0.000000000	0.000000000	0.000000000
-100.000000000	700.000000000	2.423522880	129.278814219	0.000000000	0.000000000	0.000000000	0.000000000	0.000000000
0.000000000	700.000000000	2.556292641	129.278814219	0.000000000	0.000000000	0.000000000	0.000000000	0.000000000
100.000000000	700.000000000	2.438588654	129.278814219	0.000000000	0.000000000	0.000000000	0.000000000	0.000000000
200.000000000	700.000000000	2.215440483	129.278814219	0.000000000	0.000000000	0.000000000	0.000000000	0.000000000
300.000000000	700.000000000	2.020438940	129.278814219	0.000000000	0.000000000	0.000000000	0.000000000	0.000000000
400.000000000	700.000000000	1.651867628	129.278814219	0.000000000	0.000000000	0.000000000	0.000000000	0.000000000
500.000000000	700.000000000	1.238260549	129.278814219	0.000000000	0.000000000	0.000000000	0.000000000	0.000000000
600.000000000	700.000000000	0.969996547	129.278814219	0.000000000	0.000000000	0.000000000	0.000000000	0.000000000
700.000000000	700.000000000	0.790315725	129.278814219	0.000000000	0.000000000	0.000000000	0.000000000	0.000000000
800.000000000	700.000000000	0.549138968	129.278814219	0.000000000	0.000000000	0.000000000	0.000000000	0.000000000
900.000000000	700.000000000	0.470780609	129.278814219	0.000000000	0.000000000	0.000000000	0.000000000	0.000000000
1000.000000000	700.000000000	0.356031480	129.278814219	0.000000000	0.000000000	0.000000000	0.000000000	0.000000000
-1000.000000000	800.000000000	0.351818302	129.387201466	0.000000000	0.000000000	0.000000000	0.000000000	0.000000000
-900.000000000	800.000000000	0.481964770	129.387201466	0.000000000	0.000000000	0.000000000	0.000000000	0.000000000
-800.000000000	800.000000000	0.565785612	129.387201466	0.000000000	0.000000000	0.000000000	0.000000000	0.000000000
-700.000000000	800.000000000	0.775459314	129.387201466	0.000000000	0.000000000	0.000000000	0.000000000	0.000000000
-600.000000000	800.000000000	0.995629823	129.387201466	0.000000000	0.000000000	0.000000000	0.000000000	0.000000000
-500.000000000	800.000000000	1.353858298	129.387201466	0.000000000	0.000000000	0.000000000	0.000000000	0.000000000
-400.000000000	800.000000000	1.632434154	129.387201466	0.000000000	0.000000000	0.000000000	0.000000000	0.000000000
-300.000000000	800.000000000	2.010132152	129.387201466	0.000000000	0.000000000	0.000000000	0.000000000	0.000000000
-200.000000000	800.000000000	2.245251627	129.387201466	0.000000000	0.000000000	0.000000000	0.000000000	0.000000000
-100.000000000	800.000000000	2.526494339	129.387201466	0.000000000	0.000000000	0.000000000	0.000000000	0.000000000
0.000000000	800.000000000	2.592611183	129.387201466	0.000000000	0.000000000	0.000000000	0.000000000	0.000000000
100.000000000	800.000000000	2.519227092	129.387201466	0.000000000	0.000000000	0.000000000	0.000000000	0.000000000
200.000000000	800.000000000	2.391221151	129.387201466	0.000000000	0.000000000	0.000000000	0.000000000	0.000000000
300.000000000	800.000000000	2.099526891	129.387201466	0.000000000	0.000000000	0.000000000	0.000000000	0.000000000
400.000000000	800.000000000	1.674506476	129.387201466	0.000000000	0.000000000	0.000000000	0.000000000	0.000000000
500.000000000	800.000000000	1.372918254	129.387201466	0.000000000	0.000000000	0.000000000	0.000000000	0.000000000
600.000000000	800.000000000	1.072019312	129.387201466	0.000000000	0.000000000	0.000000000	0.000000000	0.000000000
700.000000000	800.000000000	0.873457218	129.387201466	0.000000000	0.000000000	0.000000000	0.000000000	0.000000000
800.000000000	800.000000000	0.606001588	129.387201466	0.000000000	0.000000000	0.000000000	0.000000000	0.000000000
900.000000000	800.000000000	0.485381035	129.387201466	0.000000000	0.000000000	0.000000000	0.000000000	0.000000000
1000.000000000	800.000000000	0.401766273	129.387201466	0.000000000	0.000000000	0.000000000	0.000000000	0.000000000
-1000.000000000	900.000000000	0.390318085	129.357650156	0.000000000	0.000000000	0.000000000	0.000000000	0.000000000
-900.000000000	900.000000000	0.492678833	129.357650156	0.000000000	0.000000000	0.000000000	0.000000000	0.000000000
-800.000000000	900.000000000	0.641297630	129.357650156	0.000000000	0.000000000	0.000000000	0.000000000	0.000000000
-700.000000000	900.000000000	0.811637605	129.357650156	0.000000000	0.000000000	0.000000000	0.000000000	0.000000000
-600.000000000	900.000000000	1.057848721	129.357650156	0.000000000	0.000000000	0.000000000	0.000000000	0.000000000
-500.000000000	900.000000000	1.290200082	129.357650156	0.000000000	0.000000000	0.000000000	0.000000000	0.000000000
-400.000000000	900.000000000	1.666421404	129.357650156	0.000000000	0.000000000	0.000000000	0.000000000	0.000000000
-300.000000000	900.000000000	1.949365255	129.357650156	0.000000000	0.000000000	0.000000000	0.000000000	0.000000000
-200.000000000	900.000000000	2.209664042	129.357650156	0.000000000	0.000000000	0.000000000	0.000000000	0.000000000
-100.000000000	900.000000000	2.482807132	129.357650156	0.000000000	0.000000000	0.000000000	0.000000000	0.000000000
0.000000000	900.000000000	2.511193513	129.357650156	0.000000000	0.000000000	0.000000000	0.000000000	0.000000000
100.000000000	900.000000000	2.471262292	129.357650156	0.000000000	0.000000000	0.000000000	0.000000000	0.000000000
200.000000000	900.000000000	2.247238284	129.357650156	0.000000000	0.000000000	0.000000000	0.000000000	0.000000000
300.000000000	900.000000000	2.079835800	129.357650156	0.000000000	0.000000000	0.000000000	0.000000000	0.000000000
400.000000000	900.000000000	1.759431958	129.357650156	0.000000000	0.000000000	0.000000000	0.000000000	0.000000000
500.000000000	900.000000000	1.459687026	129.357650156	0.000000000	0.000000000	0.000000000	0.000000000	0.000000000
600.000000000	900.000000000	1.132333673	129.357650156	0.000000000	0.000000000	0.000000000	0.000000000	0.000000000
700.000000000	900.000000000	0.814454978	129.357650156	0.000000000	0.000000000	0.000000000	0.000000000	0.000000000
800.000000000	900.000000000	0.680083996	129.357650156	0.000000000	0.000000000	0.000000000	0.000000000	0.000000000
900.000000000	900.000000000	0.585964461	129.357650156	0.000000000	0.000000000	0.000000000	0.000000000	0.000000000
1000.000000000	900.000000000	0.405568920	129.357650156	0.000000000	0.000000000	0.000000000	0.000000000	0.000000000
-1000.000000000	1000.000000000	0.431221490	129.367501331	0.000000000	0.000000000	0.000000000	0.000000000	0.000000000
-900.000000000	1000.000000000	0.518323357	129.367501331	0.000000000	0.000000000	0.000000000	0.000000000	0.000000000
-800.000000000	1000.000000000	0.640260837	129.367501331	0.000000000	0.000000000	0.000000000	0.000000000	0.000000000
-700.000000000	1000.000000000	0.874494013	129.367501331	0.000000000	0.000000000	0.000000000	0.000000000	0.000000000
-600.000000000	1000.000000000	1.090164814	129.367501331	0.000000000	0.000000000	0.000000000	0.000000000	0.000000000
-500.000000000	1000.000000000	1.386288722	129.367501331	0.000000000	0.000000000	0.000000000	0.000000000	0.000000000
-400.000000000	1000.000000000	1.650119246	129.367501331	0.000000000	0.000000000	0.000000000	0.000000000	0.000000000
-300.000000000	1000.000000000	2.044555738	129.367501331	0.000000000	0.000000000	0.000000000	0.000000000	0.000000000
-200.000000000	1000.000000000	2.293628535	129.367501331	0.000000000	0.000000000	0.000000000	0.000000000	0.000000000
-100.000000000	1000.000000000	2.471176963	129.367501331	0.000000000	0.000000000	0.000000000	0.000000000	0.000000000
0.000000000	1000.000000000	2.575455705	129.367501331	0.000000000	0.000000000	0.000000000	0.000000000	0.000000000
100.000000000	1000.000000000	2.450669605	129.367501331	0.000000000	0.000000000	0.000000000	0.000000000	0.000000000
200.000000000	1000.000000000	2.358260956	129.367501331	0.000000000	0.000000000	0.000000000	0.000000000	0.000000000
300.000000000	1000.000000000	2.066787298	129.367501331	0.000000000	0.000000000	0.000000000	0.000000000	0.000000000
400.000000000	1000.000000000	1.827731688	129.367501331	0.000000000	0.000000000	0.000000000	0.000000000	0.000000000
500.000000000	1000.000000000	1.538676640	129.367501331	0.000000000	0.000000000	0.000000000	0.000000000	0.000000000
600.000000000	1000.000000000	1.249295003	129.367501331	0.000000000	0.000000000	0.000000000	0.000000000	0.000000000
700.000000000	1000.000000000	1.236956586	129.367501331	0.000000000	0.000000000	0.000000000	0.000000000	0.000000000
800.000000000	1000.000000000	0.671524013	129.367501331	0.000000000	0.000000000	0.000000000	0.000000000	0.000000000
900.000000000	1000.000000000	0.546434290	129.367501331	0.000000000	0.000000000	0.000000000	0.000000000	0.000000000
1000.000000000	1000.000000000	0.451411581	129.367501331	0.000000000	0.000000000	0.000000000	0.000000000	0.000000000
