Set Temp (deg C)	83.000000	Laser Power (uW)	1280	Laser Detuning (GHz)	-6
X  Field (nT)	Z  Field (nT)	Photodiode Voltage (V)	Temperature (C) 2D	Y  Field (nT)	Photodiode Voltage (V)	Temperature (C) 1D	Frequency (Hz)	Photodiode Voltage (V)		
-1000.000000000	-1000.000000000	4.465569400	99.864738144	-1000.000000000	NaN	99.864738144	0.000000000	0.000000000
-900.000000000	-1000.000000000	4.667301347	99.864738144	-960.000000000	NaN	99.864738144	0.000000000	0.000000000
-800.000000000	-1000.000000000	4.701362116	99.864738144	-920.000000000	NaN	99.864738144	0.000000000	0.000000000
-700.000000000	-1000.000000000	4.855823869	99.864738144	-880.000000000	NaN	99.864738144	0.000000000	0.000000000
-600.000000000	-1000.000000000	4.873121238	99.864738144	-840.000000000	NaN	99.864738144	0.000000000	0.000000000
-500.000000000	-1000.000000000	4.872710700	99.864738144	-800.000000000	NaN	99.864738144	0.000000000	0.000000000
-400.000000000	-1000.000000000	4.872316260	99.864738144	-760.000000000	NaN	99.864738144	0.000000000	0.000000000
-300.000000000	-1000.000000000	4.871706087	99.864738144	-720.000000000	NaN	99.864738144	0.000000000	0.000000000
-200.000000000	-1000.000000000	4.872118236	99.864738144	-680.000000000	NaN	99.864738144	0.000000000	0.000000000
-100.000000000	-1000.000000000	4.871572460	99.864738144	-640.000000000	NaN	99.864738144	0.000000000	0.000000000
0.000000000	-1000.000000000	4.871456543	99.864738144	-600.000000000	NaN	99.864738144	0.000000000	0.000000000
100.000000000	-1000.000000000	4.871390535	99.864738144	-560.000000000	NaN	99.864738144	0.000000000	0.000000000
200.000000000	-1000.000000000	4.871482303	99.864738144	-520.000000000	NaN	99.864738144	0.000000000	0.000000000
300.000000000	-1000.000000000	4.872005539	99.864738144	-480.000000000	NaN	99.864738144	0.000000000	0.000000000
400.000000000	-1000.000000000	4.872050617	99.864738144	-440.000000000	NaN	99.864738144	0.000000000	0.000000000
500.000000000	-1000.000000000	4.872523945	99.864738144	-400.000000000	NaN	99.864738144	0.000000000	0.000000000
600.000000000	-1000.000000000	4.873069720	99.864738144	-360.000000000	NaN	99.864738144	0.000000000	0.000000000
700.000000000	-1000.000000000	4.878607970	99.864738144	-320.000000000	NaN	99.864738144	0.000000000	0.000000000
800.000000000	-1000.000000000	4.766548606	99.864738144	-280.000000000	NaN	99.864738144	0.000000000	0.000000000
900.000000000	-1000.000000000	4.606796059	99.864738144	-240.000000000	NaN	99.864738144	0.000000000	0.000000000
1000.000000000	-1000.000000000	4.505876163	99.864738144	-200.000000000	NaN	99.864738144	0.000000000	0.000000000
-1000.000000000	-900.000000000	4.459963547	99.931893505	-160.000000000	NaN	99.864738144	0.000000000	0.000000000
-900.000000000	-900.000000000	4.576266515	99.931893505	-120.000000000	NaN	99.864738144	0.000000000	0.000000000
-800.000000000	-900.000000000	4.704170905	99.931893505	-80.000000000	NaN	99.864738144	0.000000000	0.000000000
-700.000000000	-900.000000000	4.826878469	99.931893505	-40.000000000	NaN	99.864738144	0.000000000	0.000000000
-600.000000000	-900.000000000	4.876057799	99.931893505	0.000000000	NaN	99.864738144	0.000000000	0.000000000
-500.000000000	-900.000000000	4.873119628	99.931893505	40.000000000	NaN	99.864738144	0.000000000	0.000000000
-400.000000000	-900.000000000	4.872137555	99.931893505	80.000000000	NaN	99.864738144	0.000000000	0.000000000
-300.000000000	-900.000000000	4.871905721	99.931893505	120.000000000	NaN	99.864738144	0.000000000	0.000000000
-200.000000000	-900.000000000	4.871393755	99.931893505	160.000000000	NaN	99.864738144	0.000000000	0.000000000
-100.000000000	-900.000000000	4.871764045	99.931893505	200.000000000	NaN	99.864738144	0.000000000	0.000000000
0.000000000	-900.000000000	4.871202170	99.931893505	240.000000000	NaN	99.864738144	0.000000000	0.000000000
100.000000000	-900.000000000	4.871163531	99.931893505	280.000000000	NaN	99.864738144	0.000000000	0.000000000
200.000000000	-900.000000000	4.871216660	99.931893505	320.000000000	NaN	99.864738144	0.000000000	0.000000000
300.000000000	-900.000000000	4.871366386	99.931893505	360.000000000	NaN	99.864738144	0.000000000	0.000000000
400.000000000	-900.000000000	4.871706087	99.931893505	400.000000000	NaN	99.864738144	0.000000000	0.000000000
500.000000000	-900.000000000	4.871804294	99.931893505	440.000000000	NaN	99.864738144	0.000000000	0.000000000
600.000000000	-900.000000000	4.875180373	99.931893505	480.000000000	NaN	99.864738144	0.000000000	0.000000000
700.000000000	-900.000000000	4.820267991	99.931893505	520.000000000	NaN	99.864738144	0.000000000	0.000000000
800.000000000	-900.000000000	4.716301914	99.931893505	560.000000000	NaN	99.864738144	0.000000000	0.000000000
900.000000000	-900.000000000	4.626302257	99.931893505	600.000000000	NaN	99.864738144	0.000000000	0.000000000
1000.000000000	-900.000000000	4.434919137	99.931893505	640.000000000	NaN	99.864738144	0.000000000	0.000000000
-1000.000000000	-800.000000000	4.445248588	99.898316863	680.000000000	NaN	99.864738144	0.000000000	0.000000000
-900.000000000	-800.000000000	4.553833431	99.898316863	720.000000000	NaN	99.864738144	0.000000000	0.000000000
-800.000000000	-800.000000000	4.649000997	99.898316863	760.000000000	NaN	99.864738144	0.000000000	0.000000000
-700.000000000	-800.000000000	4.828345144	99.898316863	800.000000000	NaN	99.864738144	0.000000000	0.000000000
-600.000000000	-800.000000000	4.879454807	99.898316863	840.000000000	NaN	99.864738144	0.000000000	0.000000000
-500.000000000	-800.000000000	4.873348242	99.898316863	880.000000000	NaN	99.864738144	0.000000000	0.000000000
-400.000000000	-800.000000000	4.872364559	99.898316863	920.000000000	NaN	99.864738144	0.000000000	0.000000000
-300.000000000	-800.000000000	4.871706087	99.898316863	960.000000000	NaN	99.864738144	0.000000000	0.000000000
-200.000000000	-800.000000000	4.871353506	99.898316863	1000.000000000	NaN	99.864738144	0.000000000	0.000000000
-100.000000000	-800.000000000	4.870978386	99.898316863	0.000000000	0.000000000	0.000000000	0.000000000	0.000000000
0.000000000	-800.000000000	4.871189291	99.898316863	0.000000000	0.000000000	0.000000000	0.000000000	0.000000000
100.000000000	-800.000000000	4.871551531	99.898316863	0.000000000	0.000000000	0.000000000	0.000000000	0.000000000
200.000000000	-800.000000000	4.871329357	99.898316863	0.000000000	0.000000000	0.000000000	0.000000000	0.000000000
300.000000000	-800.000000000	4.871830053	99.898316863	0.000000000	0.000000000	0.000000000	0.000000000	0.000000000
400.000000000	-800.000000000	4.871762435	99.898316863	0.000000000	0.000000000	0.000000000	0.000000000	0.000000000
500.000000000	-800.000000000	4.871881572	99.898316863	0.000000000	0.000000000	0.000000000	0.000000000	0.000000000
600.000000000	-800.000000000	4.876975474	99.898316863	0.000000000	0.000000000	0.000000000	0.000000000	0.000000000
700.000000000	-800.000000000	4.854510145	99.898316863	0.000000000	0.000000000	0.000000000	0.000000000	0.000000000
800.000000000	-800.000000000	4.669870831	99.898316863	0.000000000	0.000000000	0.000000000	0.000000000	0.000000000
900.000000000	-800.000000000	4.506090285	99.898316863	0.000000000	0.000000000	0.000000000	0.000000000	0.000000000
1000.000000000	-800.000000000	4.444689934	99.898316863	0.000000000	0.000000000	0.000000000	0.000000000	0.000000000
-1000.000000000	-700.000000000	4.374565282	99.786379743	0.000000000	0.000000000	0.000000000	0.000000000	0.000000000
-900.000000000	-700.000000000	4.470838772	99.786379743	0.000000000	0.000000000	0.000000000	0.000000000	0.000000000
-800.000000000	-700.000000000	4.643721961	99.786379743	0.000000000	0.000000000	0.000000000	0.000000000	0.000000000
-700.000000000	-700.000000000	4.745693248	99.786379743	0.000000000	0.000000000	0.000000000	0.000000000	0.000000000
-600.000000000	-700.000000000	4.876972254	99.786379743	0.000000000	0.000000000	0.000000000	0.000000000	0.000000000
-500.000000000	-700.000000000	4.873534997	99.786379743	0.000000000	0.000000000	0.000000000	0.000000000	0.000000000
-400.000000000	-700.000000000	4.871718966	99.786379743	0.000000000	0.000000000	0.000000000	0.000000000	0.000000000
-300.000000000	-700.000000000	4.871963680	99.786379743	0.000000000	0.000000000	0.000000000	0.000000000	0.000000000
-200.000000000	-700.000000000	4.872147215	99.786379743	0.000000000	0.000000000	0.000000000	0.000000000	0.000000000
-100.000000000	-700.000000000	4.871749556	99.786379743	0.000000000	0.000000000	0.000000000	0.000000000	0.000000000
0.000000000	-700.000000000	4.871965290	99.786379743	0.000000000	0.000000000	0.000000000	0.000000000	0.000000000
100.000000000	-700.000000000	4.871301988	99.786379743	0.000000000	0.000000000	0.000000000	0.000000000	0.000000000
200.000000000	-700.000000000	4.871273008	99.786379743	0.000000000	0.000000000	0.000000000	0.000000000	0.000000000
300.000000000	-700.000000000	4.871179631	99.786379743	0.000000000	0.000000000	0.000000000	0.000000000	0.000000000
400.000000000	-700.000000000	4.872399978	99.786379743	0.000000000	0.000000000	0.000000000	0.000000000	0.000000000
500.000000000	-700.000000000	4.872506235	99.786379743	0.000000000	0.000000000	0.000000000	0.000000000	0.000000000
600.000000000	-700.000000000	4.863403543	99.786379743	0.000000000	0.000000000	0.000000000	0.000000000	0.000000000
700.000000000	-700.000000000	4.771415501	99.786379743	0.000000000	0.000000000	0.000000000	0.000000000	0.000000000
800.000000000	-700.000000000	4.669349205	99.786379743	0.000000000	0.000000000	0.000000000	0.000000000	0.000000000
900.000000000	-700.000000000	4.515571295	99.786379743	0.000000000	0.000000000	0.000000000	0.000000000	0.000000000
1000.000000000	-700.000000000	4.349907277	99.786379743	0.000000000	0.000000000	0.000000000	0.000000000	0.000000000
-1000.000000000	-600.000000000	4.349928204	99.831157351	0.000000000	0.000000000	0.000000000	0.000000000	0.000000000
-900.000000000	-600.000000000	4.447344746	99.831157351	0.000000000	0.000000000	0.000000000	0.000000000	0.000000000
-800.000000000	-600.000000000	4.598066898	99.831157351	0.000000000	0.000000000	0.000000000	0.000000000	0.000000000
-700.000000000	-600.000000000	4.754617228	99.831157351	0.000000000	0.000000000	0.000000000	0.000000000	0.000000000
-600.000000000	-600.000000000	4.880955287	99.831157351	0.000000000	0.000000000	0.000000000	0.000000000	0.000000000
-500.000000000	-600.000000000	4.872979562	99.831157351	0.000000000	0.000000000	0.000000000	0.000000000	0.000000000
-400.000000000	-600.000000000	4.872198733	99.831157351	0.000000000	0.000000000	0.000000000	0.000000000	0.000000000
-300.000000000	-600.000000000	4.871398585	99.831157351	0.000000000	0.000000000	0.000000000	0.000000000	0.000000000
-200.000000000	-600.000000000	4.871588560	99.831157351	0.000000000	0.000000000	0.000000000	0.000000000	0.000000000
-100.000000000	-600.000000000	4.871227930	99.831157351	0.000000000	0.000000000	0.000000000	0.000000000	0.000000000
0.000000000	-600.000000000	4.871414685	99.831157351	0.000000000	0.000000000	0.000000000	0.000000000	0.000000000
100.000000000	-600.000000000	4.870839930	99.831157351	0.000000000	0.000000000	0.000000000	0.000000000	0.000000000
200.000000000	-600.000000000	4.871211830	99.831157351	0.000000000	0.000000000	0.000000000	0.000000000	0.000000000
300.000000000	-600.000000000	4.872007149	99.831157351	0.000000000	0.000000000	0.000000000	0.000000000	0.000000000
400.000000000	-600.000000000	4.872327530	99.831157351	0.000000000	0.000000000	0.000000000	0.000000000	0.000000000
500.000000000	-600.000000000	4.871945970	99.831157351	0.000000000	0.000000000	0.000000000	0.000000000	0.000000000
600.000000000	-600.000000000	4.851394881	99.831157351	0.000000000	0.000000000	0.000000000	0.000000000	0.000000000
700.000000000	-600.000000000	4.763249808	99.831157351	0.000000000	0.000000000	0.000000000	0.000000000	0.000000000
800.000000000	-600.000000000	4.645816509	99.831157351	0.000000000	0.000000000	0.000000000	0.000000000	0.000000000
900.000000000	-600.000000000	4.465252246	99.831157351	0.000000000	0.000000000	0.000000000	0.000000000	0.000000000
1000.000000000	-600.000000000	4.308283615	99.831157351	0.000000000	0.000000000	0.000000000	0.000000000	0.000000000
-1000.000000000	-500.000000000	4.233258335	99.943085256	0.000000000	0.000000000	0.000000000	0.000000000	0.000000000
-900.000000000	-500.000000000	4.424676626	99.943085256	0.000000000	0.000000000	0.000000000	0.000000000	0.000000000
-800.000000000	-500.000000000	4.544725931	99.943085256	0.000000000	0.000000000	0.000000000	0.000000000	0.000000000
-700.000000000	-500.000000000	4.729947889	99.943085256	0.000000000	0.000000000	0.000000000	0.000000000	0.000000000
-600.000000000	-500.000000000	4.875136904	99.943085256	0.000000000	0.000000000	0.000000000	0.000000000	0.000000000
-500.000000000	-500.000000000	4.876492487	99.943085256	0.000000000	0.000000000	0.000000000	0.000000000	0.000000000
-400.000000000	-500.000000000	4.872531994	99.943085256	0.000000000	0.000000000	0.000000000	0.000000000	0.000000000
-300.000000000	-500.000000000	4.872089256	99.943085256	0.000000000	0.000000000	0.000000000	0.000000000	0.000000000
-200.000000000	-500.000000000	4.872274401	99.943085256	0.000000000	0.000000000	0.000000000	0.000000000	0.000000000
-100.000000000	-500.000000000	4.871408245	99.943085256	0.000000000	0.000000000	0.000000000	0.000000000	0.000000000
0.000000000	-500.000000000	4.871836493	99.943085256	0.000000000	0.000000000	0.000000000	0.000000000	0.000000000
100.000000000	-500.000000000	4.872150435	99.943085256	0.000000000	0.000000000	0.000000000	0.000000000	0.000000000
200.000000000	-500.000000000	4.872192294	99.943085256	0.000000000	0.000000000	0.000000000	0.000000000	0.000000000
300.000000000	-500.000000000	4.872155265	99.943085256	0.000000000	0.000000000	0.000000000	0.000000000	0.000000000
400.000000000	-500.000000000	4.872626982	99.943085256	0.000000000	0.000000000	0.000000000	0.000000000	0.000000000
500.000000000	-500.000000000	4.873501188	99.943085256	0.000000000	0.000000000	0.000000000	0.000000000	0.000000000
600.000000000	-500.000000000	4.847374819	99.943085256	0.000000000	0.000000000	0.000000000	0.000000000	0.000000000
700.000000000	-500.000000000	4.733465642	99.943085256	0.000000000	0.000000000	0.000000000	0.000000000	0.000000000
800.000000000	-500.000000000	4.549022892	99.943085256	0.000000000	0.000000000	0.000000000	0.000000000	0.000000000
900.000000000	-500.000000000	4.410274001	99.943085256	0.000000000	0.000000000	0.000000000	0.000000000	0.000000000
1000.000000000	-500.000000000	4.245693587	99.943085256	0.000000000	0.000000000	0.000000000	0.000000000	0.000000000
-1000.000000000	-400.000000000	4.268257033	99.954276775	0.000000000	0.000000000	0.000000000	0.000000000	0.000000000
-900.000000000	-400.000000000	4.387642916	99.954276775	0.000000000	0.000000000	0.000000000	0.000000000	0.000000000
-800.000000000	-400.000000000	4.502937999	99.954276775	0.000000000	0.000000000	0.000000000	0.000000000	0.000000000
-700.000000000	-400.000000000	4.630108187	99.954276775	0.000000000	0.000000000	0.000000000	0.000000000	0.000000000
-600.000000000	-400.000000000	4.770914806	99.954276775	0.000000000	0.000000000	0.000000000	0.000000000	0.000000000
-500.000000000	-400.000000000	4.874053403	99.954276775	0.000000000	0.000000000	0.000000000	0.000000000	0.000000000
-400.000000000	-400.000000000	4.872712309	99.954276775	0.000000000	0.000000000	0.000000000	0.000000000	0.000000000
-300.000000000	-400.000000000	4.872152045	99.954276775	0.000000000	0.000000000	0.000000000	0.000000000	0.000000000
-200.000000000	-400.000000000	4.871699647	99.954276775	0.000000000	0.000000000	0.000000000	0.000000000	0.000000000
-100.000000000	-400.000000000	4.871176411	99.954276775	0.000000000	0.000000000	0.000000000	0.000000000	0.000000000
0.000000000	-400.000000000	4.870983216	99.954276775	0.000000000	0.000000000	0.000000000	0.000000000	0.000000000
100.000000000	-400.000000000	4.704234389	99.954276775	0.000000000	0.000000000	0.000000000	0.000000000	0.000000000
200.000000000	-400.000000000	4.871070154	99.954276775	0.000000000	0.000000000	0.000000000	0.000000000	0.000000000
300.000000000	-400.000000000	4.871517722	99.954276775	0.000000000	0.000000000	0.000000000	0.000000000	0.000000000
400.000000000	-400.000000000	4.872200343	99.954276775	0.000000000	0.000000000	0.000000000	0.000000000	0.000000000
500.000000000	-400.000000000	4.869991483	99.954276775	0.000000000	0.000000000	0.000000000	0.000000000	0.000000000
600.000000000	-400.000000000	4.822742493	99.954276775	0.000000000	0.000000000	0.000000000	0.000000000	0.000000000
700.000000000	-400.000000000	4.660417185	99.954276775	0.000000000	0.000000000	0.000000000	0.000000000	0.000000000
800.000000000	-400.000000000	4.511163246	99.954276775	0.000000000	0.000000000	0.000000000	0.000000000	0.000000000
900.000000000	-400.000000000	4.365754021	99.954276775	0.000000000	0.000000000	0.000000000	0.000000000	0.000000000
1000.000000000	-400.000000000	4.222460407	99.954276775	0.000000000	0.000000000	0.000000000	0.000000000	0.000000000
-1000.000000000	-300.000000000	4.193953031	99.864738144	0.000000000	0.000000000	0.000000000	0.000000000	0.000000000
-900.000000000	-300.000000000	4.350696150	99.864738144	0.000000000	0.000000000	0.000000000	0.000000000	0.000000000
-800.000000000	-300.000000000	4.494720802	99.864738144	0.000000000	0.000000000	0.000000000	0.000000000	0.000000000
-700.000000000	-300.000000000	4.600774836	99.864738144	0.000000000	0.000000000	0.000000000	0.000000000	0.000000000
-600.000000000	-300.000000000	4.777757114	99.864738144	0.000000000	0.000000000	0.000000000	0.000000000	0.000000000
-500.000000000	-300.000000000	4.877081731	99.864738144	0.000000000	0.000000000	0.000000000	0.000000000	0.000000000
-400.000000000	-300.000000000	4.873839279	99.864738144	0.000000000	0.000000000	0.000000000	0.000000000	0.000000000
-300.000000000	-300.000000000	4.872411248	99.864738144	0.000000000	0.000000000	0.000000000	0.000000000	0.000000000
-200.000000000	-300.000000000	4.871554751	99.864738144	0.000000000	0.000000000	0.000000000	0.000000000	0.000000000
-100.000000000	-300.000000000	4.871281058	99.864738144	0.000000000	0.000000000	0.000000000	0.000000000	0.000000000
0.000000000	-300.000000000	4.855809452	99.864738144	0.000000000	0.000000000	0.000000000	0.000000000	0.000000000
100.000000000	-300.000000000	4.871363166	99.864738144	0.000000000	0.000000000	0.000000000	0.000000000	0.000000000
200.000000000	-300.000000000	4.871548311	99.864738144	0.000000000	0.000000000	0.000000000	0.000000000	0.000000000
300.000000000	-300.000000000	4.871656178	99.864738144	0.000000000	0.000000000	0.000000000	0.000000000	0.000000000
400.000000000	-300.000000000	4.872279231	99.864738144	0.000000000	0.000000000	0.000000000	0.000000000	0.000000000
500.000000000	-300.000000000	4.878411555	99.864738144	0.000000000	0.000000000	0.000000000	0.000000000	0.000000000
600.000000000	-300.000000000	4.800000260	99.864738144	0.000000000	0.000000000	0.000000000	0.000000000	0.000000000
700.000000000	-300.000000000	4.650268033	99.864738144	0.000000000	0.000000000	0.000000000	0.000000000	0.000000000
800.000000000	-300.000000000	4.517065333	99.864738144	0.000000000	0.000000000	0.000000000	0.000000000	0.000000000
900.000000000	-300.000000000	4.390128685	99.864738144	0.000000000	0.000000000	0.000000000	0.000000000	0.000000000
1000.000000000	-300.000000000	4.233788011	99.864738144	0.000000000	0.000000000	0.000000000	0.000000000	0.000000000
-1000.000000000	-200.000000000	4.152469476	99.976659118	0.000000000	0.000000000	0.000000000	0.000000000	0.000000000
-900.000000000	-200.000000000	4.306414462	99.976659118	0.000000000	0.000000000	0.000000000	0.000000000	0.000000000
-800.000000000	-200.000000000	4.482370859	99.976659118	0.000000000	0.000000000	0.000000000	0.000000000	0.000000000
-700.000000000	-200.000000000	4.606055481	99.976659118	0.000000000	0.000000000	0.000000000	0.000000000	0.000000000
-600.000000000	-200.000000000	4.760485514	99.976659118	0.000000000	0.000000000	0.000000000	0.000000000	0.000000000
-500.000000000	-200.000000000	4.871989439	99.976659118	0.000000000	0.000000000	0.000000000	0.000000000	0.000000000
-400.000000000	-200.000000000	4.873937486	99.976659118	0.000000000	0.000000000	0.000000000	0.000000000	0.000000000
-300.000000000	-200.000000000	4.872556144	99.976659118	0.000000000	0.000000000	0.000000000	0.000000000	0.000000000
-200.000000000	-200.000000000	4.759217404	99.976659118	0.000000000	0.000000000	0.000000000	0.000000000	0.000000000
-100.000000000	-200.000000000	4.872340410	99.976659118	0.000000000	0.000000000	0.000000000	0.000000000	0.000000000
0.000000000	-200.000000000	4.871516112	99.976659118	0.000000000	0.000000000	0.000000000	0.000000000	0.000000000
100.000000000	-200.000000000	4.871859033	99.976659118	0.000000000	0.000000000	0.000000000	0.000000000	0.000000000
200.000000000	-200.000000000	4.872432177	99.976659118	0.000000000	0.000000000	0.000000000	0.000000000	0.000000000
300.000000000	-200.000000000	4.872097306	99.976659118	0.000000000	0.000000000	0.000000000	0.000000000	0.000000000
400.000000000	-200.000000000	4.873282234	99.976659118	0.000000000	0.000000000	0.000000000	0.000000000	0.000000000
500.000000000	-200.000000000	4.873404591	99.976659118	0.000000000	0.000000000	0.000000000	0.000000000	0.000000000
600.000000000	-200.000000000	4.705296264	99.976659118	0.000000000	0.000000000	0.000000000	0.000000000	0.000000000
700.000000000	-200.000000000	4.598149000	99.976659118	0.000000000	0.000000000	0.000000000	0.000000000	0.000000000
800.000000000	-200.000000000	4.393986123	99.976659118	0.000000000	0.000000000	0.000000000	0.000000000	0.000000000
900.000000000	-200.000000000	4.289289422	99.976659118	0.000000000	0.000000000	0.000000000	0.000000000	0.000000000
1000.000000000	-200.000000000	4.195542051	99.976659118	0.000000000	0.000000000	0.000000000	0.000000000	0.000000000
-1000.000000000	-100.000000000	4.105381702	99.741598470	0.000000000	0.000000000	0.000000000	0.000000000	0.000000000
-900.000000000	-100.000000000	4.260495465	99.741598470	0.000000000	0.000000000	0.000000000	0.000000000	0.000000000
-800.000000000	-100.000000000	4.397157727	99.741598470	0.000000000	0.000000000	0.000000000	0.000000000	0.000000000
-700.000000000	-100.000000000	4.508980151	99.741598470	0.000000000	0.000000000	0.000000000	0.000000000	0.000000000
-600.000000000	-100.000000000	4.630426958	99.741598470	0.000000000	0.000000000	0.000000000	0.000000000	0.000000000
-500.000000000	-100.000000000	4.805961926	99.741598470	0.000000000	0.000000000	0.000000000	0.000000000	0.000000000
-400.000000000	-100.000000000	4.879105446	99.741598470	0.000000000	0.000000000	0.000000000	0.000000000	0.000000000
-300.000000000	-100.000000000	4.693847071	99.741598470	0.000000000	0.000000000	0.000000000	0.000000000	0.000000000
-200.000000000	-100.000000000	4.872934483	99.741598470	0.000000000	0.000000000	0.000000000	0.000000000	0.000000000
-100.000000000	-100.000000000	4.871794634	99.741598470	0.000000000	0.000000000	0.000000000	0.000000000	0.000000000
0.000000000	-100.000000000	4.871652958	99.741598470	0.000000000	0.000000000	0.000000000	0.000000000	0.000000000
100.000000000	-100.000000000	4.871569240	99.741598470	0.000000000	0.000000000	0.000000000	0.000000000	0.000000000
200.000000000	-100.000000000	4.871907331	99.741598470	0.000000000	0.000000000	0.000000000	0.000000000	0.000000000
300.000000000	-100.000000000	4.872176194	99.741598470	0.000000000	0.000000000	0.000000000	0.000000000	0.000000000
400.000000000	-100.000000000	4.872219663	99.741598470	0.000000000	0.000000000	0.000000000	0.000000000	0.000000000
500.000000000	-100.000000000	4.872857205	99.741598470	0.000000000	0.000000000	0.000000000	0.000000000	0.000000000
600.000000000	-100.000000000	4.669988356	99.741598470	0.000000000	0.000000000	0.000000000	0.000000000	0.000000000
700.000000000	-100.000000000	4.565183599	99.741598470	0.000000000	0.000000000	0.000000000	0.000000000	0.000000000
800.000000000	-100.000000000	4.414382596	99.741598470	0.000000000	0.000000000	0.000000000	0.000000000	0.000000000
900.000000000	-100.000000000	4.292597868	99.741598470	0.000000000	0.000000000	0.000000000	0.000000000	0.000000000
1000.000000000	-100.000000000	4.145738280	99.741598470	0.000000000	0.000000000	0.000000000	0.000000000	0.000000000
-1000.000000000	0.000000000	4.106682539	99.797574489	0.000000000	0.000000000	0.000000000	0.000000000	0.000000000
-900.000000000	0.000000000	4.219673584	99.797574489	0.000000000	0.000000000	0.000000000	0.000000000	0.000000000
-800.000000000	0.000000000	4.350316203	99.797574489	0.000000000	0.000000000	0.000000000	0.000000000	0.000000000
-700.000000000	0.000000000	4.497346634	99.797574489	0.000000000	0.000000000	0.000000000	0.000000000	0.000000000
-600.000000000	0.000000000	4.634651477	99.797574489	0.000000000	0.000000000	0.000000000	0.000000000	0.000000000
-500.000000000	0.000000000	4.804667522	99.797574489	0.000000000	0.000000000	0.000000000	0.000000000	0.000000000
-400.000000000	0.000000000	4.874310996	99.797574489	0.000000000	0.000000000	0.000000000	0.000000000	0.000000000
-300.000000000	0.000000000	4.872361339	99.797574489	0.000000000	0.000000000	0.000000000	0.000000000	0.000000000
-200.000000000	0.000000000	4.871955630	99.797574489	0.000000000	0.000000000	0.000000000	0.000000000	0.000000000
-100.000000000	0.000000000	4.871517722	99.797574489	0.000000000	0.000000000	0.000000000	0.000000000	0.000000000
0.000000000	0.000000000	4.871512892	99.797574489	0.000000000	0.000000000	0.000000000	0.000000000	0.000000000
100.000000000	0.000000000	4.871651348	99.797574489	0.000000000	0.000000000	0.000000000	0.000000000	0.000000000
200.000000000	0.000000000	4.871723796	99.797574489	0.000000000	0.000000000	0.000000000	0.000000000	0.000000000
300.000000000	0.000000000	4.871805904	99.797574489	0.000000000	0.000000000	0.000000000	0.000000000	0.000000000
400.000000000	0.000000000	4.872676890	99.797574489	0.000000000	0.000000000	0.000000000	0.000000000	0.000000000
500.000000000	0.000000000	4.831156123	99.797574489	0.000000000	0.000000000	0.000000000	0.000000000	0.000000000
600.000000000	0.000000000	4.669555278	99.797574489	0.000000000	0.000000000	0.000000000	0.000000000	0.000000000
700.000000000	0.000000000	4.501064014	99.797574489	0.000000000	0.000000000	0.000000000	0.000000000	0.000000000
800.000000000	0.000000000	4.374062978	99.797574489	0.000000000	0.000000000	0.000000000	0.000000000	0.000000000
900.000000000	0.000000000	4.245973718	99.797574489	0.000000000	0.000000000	0.000000000	0.000000000	0.000000000
1000.000000000	0.000000000	4.076473471	99.797574489	0.000000000	0.000000000	0.000000000	0.000000000	0.000000000
-1000.000000000	100.000000000	4.080910489	99.931893505	0.000000000	0.000000000	0.000000000	0.000000000	0.000000000
-900.000000000	100.000000000	4.214402607	99.931893505	0.000000000	0.000000000	0.000000000	0.000000000	0.000000000
-800.000000000	100.000000000	4.206274405	99.931893505	0.000000000	0.000000000	0.000000000	0.000000000	0.000000000
-700.000000000	100.000000000	4.466654508	99.931893505	0.000000000	0.000000000	0.000000000	0.000000000	0.000000000
-600.000000000	100.000000000	4.653072568	99.931893505	0.000000000	0.000000000	0.000000000	0.000000000	0.000000000
-500.000000000	100.000000000	4.779829127	99.931893505	0.000000000	0.000000000	0.000000000	0.000000000	0.000000000
-400.000000000	100.000000000	4.878569331	99.931893505	0.000000000	0.000000000	0.000000000	0.000000000	0.000000000
-300.000000000	100.000000000	4.873119628	99.931893505	0.000000000	0.000000000	0.000000000	0.000000000	0.000000000
-200.000000000	100.000000000	4.872210003	99.931893505	0.000000000	0.000000000	0.000000000	0.000000000	0.000000000
-100.000000000	100.000000000	4.871850983	99.931893505	0.000000000	0.000000000	0.000000000	0.000000000	0.000000000
0.000000000	100.000000000	4.871131332	99.931893505	0.000000000	0.000000000	0.000000000	0.000000000	0.000000000
100.000000000	100.000000000	4.871334187	99.931893505	0.000000000	0.000000000	0.000000000	0.000000000	0.000000000
200.000000000	100.000000000	4.871868692	99.931893505	0.000000000	0.000000000	0.000000000	0.000000000	0.000000000
300.000000000	100.000000000	4.872171364	99.931893505	0.000000000	0.000000000	0.000000000	0.000000000	0.000000000
400.000000000	100.000000000	4.872792807	99.931893505	0.000000000	0.000000000	0.000000000	0.000000000	0.000000000
500.000000000	100.000000000	4.793185317	99.931893505	0.000000000	0.000000000	0.000000000	0.000000000	0.000000000
600.000000000	100.000000000	4.637881044	99.931893505	0.000000000	0.000000000	0.000000000	0.000000000	0.000000000
700.000000000	100.000000000	4.519663794	99.931893505	0.000000000	0.000000000	0.000000000	0.000000000	0.000000000
800.000000000	100.000000000	4.366613735	99.931893505	0.000000000	0.000000000	0.000000000	0.000000000	0.000000000
900.000000000	100.000000000	4.233636674	99.931893505	0.000000000	0.000000000	0.000000000	0.000000000	0.000000000
1000.000000000	100.000000000	4.093625859	99.931893505	0.000000000	0.000000000	0.000000000	0.000000000	0.000000000
-1000.000000000	200.000000000	3.871751269	99.864738144	0.000000000	0.000000000	0.000000000	0.000000000	0.000000000
-900.000000000	200.000000000	4.170595891	99.864738144	0.000000000	0.000000000	0.000000000	0.000000000	0.000000000
-800.000000000	200.000000000	4.315443063	99.864738144	0.000000000	0.000000000	0.000000000	0.000000000	0.000000000
-700.000000000	200.000000000	4.463138372	99.864738144	0.000000000	0.000000000	0.000000000	0.000000000	0.000000000
-600.000000000	200.000000000	4.617864491	99.864738144	0.000000000	0.000000000	0.000000000	0.000000000	0.000000000
-500.000000000	200.000000000	4.760124885	99.864738144	0.000000000	0.000000000	0.000000000	0.000000000	0.000000000
-400.000000000	200.000000000	4.873517288	99.864738144	0.000000000	0.000000000	0.000000000	0.000000000	0.000000000
-300.000000000	200.000000000	4.872823396	99.864738144	0.000000000	0.000000000	0.000000000	0.000000000	0.000000000
-200.000000000	200.000000000	4.871952410	99.864738144	0.000000000	0.000000000	0.000000000	0.000000000	0.000000000
-100.000000000	200.000000000	4.871976559	99.864738144	0.000000000	0.000000000	0.000000000	0.000000000	0.000000000
0.000000000	200.000000000	4.871318087	99.864738144	0.000000000	0.000000000	0.000000000	0.000000000	0.000000000
100.000000000	200.000000000	4.871459763	99.864738144	0.000000000	0.000000000	0.000000000	0.000000000	0.000000000
200.000000000	200.000000000	4.871635249	99.864738144	0.000000000	0.000000000	0.000000000	0.000000000	0.000000000
300.000000000	200.000000000	4.871780145	99.864738144	0.000000000	0.000000000	0.000000000	0.000000000	0.000000000
400.000000000	200.000000000	4.872649521	99.864738144	0.000000000	0.000000000	0.000000000	0.000000000	0.000000000
500.000000000	200.000000000	4.809769470	99.864738144	0.000000000	0.000000000	0.000000000	0.000000000	0.000000000
600.000000000	200.000000000	4.651124524	99.864738144	0.000000000	0.000000000	0.000000000	0.000000000	0.000000000
700.000000000	200.000000000	4.506066136	99.864738144	0.000000000	0.000000000	0.000000000	0.000000000	0.000000000
800.000000000	200.000000000	4.331017724	99.864738144	0.000000000	0.000000000	0.000000000	0.000000000	0.000000000
900.000000000	200.000000000	4.195815742	99.864738144	0.000000000	0.000000000	0.000000000	0.000000000	0.000000000
1000.000000000	200.000000000	4.053145326	99.864738144	0.000000000	0.000000000	0.000000000	0.000000000	0.000000000
-1000.000000000	300.000000000	4.022026647	99.898316863	0.000000000	0.000000000	0.000000000	0.000000000	0.000000000
-900.000000000	300.000000000	4.163183685	99.898316863	0.000000000	0.000000000	0.000000000	0.000000000	0.000000000
-800.000000000	300.000000000	4.301185342	99.898316863	0.000000000	0.000000000	0.000000000	0.000000000	0.000000000
-700.000000000	300.000000000	4.466313197	99.898316863	0.000000000	0.000000000	0.000000000	0.000000000	0.000000000
-600.000000000	300.000000000	4.611864193	99.898316863	0.000000000	0.000000000	0.000000000	0.000000000	0.000000000
-500.000000000	300.000000000	4.778839004	99.898316863	0.000000000	0.000000000	0.000000000	0.000000000	0.000000000
-400.000000000	300.000000000	4.876114147	99.898316863	0.000000000	0.000000000	0.000000000	0.000000000	0.000000000
-300.000000000	300.000000000	4.872635032	99.898316863	0.000000000	0.000000000	0.000000000	0.000000000	0.000000000
-200.000000000	300.000000000	4.872024858	99.898316863	0.000000000	0.000000000	0.000000000	0.000000000	0.000000000
-100.000000000	300.000000000	4.871506452	99.898316863	0.000000000	0.000000000	0.000000000	0.000000000	0.000000000
0.000000000	300.000000000	4.871595000	99.898316863	0.000000000	0.000000000	0.000000000	0.000000000	0.000000000
100.000000000	300.000000000	4.871615929	99.898316863	0.000000000	0.000000000	0.000000000	0.000000000	0.000000000
200.000000000	300.000000000	4.872655961	99.898316863	0.000000000	0.000000000	0.000000000	0.000000000	0.000000000
300.000000000	300.000000000	4.872915164	99.898316863	0.000000000	0.000000000	0.000000000	0.000000000	0.000000000
400.000000000	300.000000000	4.872670451	99.898316863	0.000000000	0.000000000	0.000000000	0.000000000	0.000000000
500.000000000	300.000000000	4.813234094	99.898316863	0.000000000	0.000000000	0.000000000	0.000000000	0.000000000
600.000000000	300.000000000	4.656437372	99.898316863	0.000000000	0.000000000	0.000000000	0.000000000	0.000000000
700.000000000	300.000000000	4.497515679	99.898316863	0.000000000	0.000000000	0.000000000	0.000000000	0.000000000
800.000000000	300.000000000	4.337027670	99.898316863	0.000000000	0.000000000	0.000000000	0.000000000	0.000000000
900.000000000	300.000000000	4.180575964	99.898316863	0.000000000	0.000000000	0.000000000	0.000000000	0.000000000
1000.000000000	300.000000000	4.067636466	99.898316863	0.000000000	0.000000000	0.000000000	0.000000000	0.000000000
-1000.000000000	400.000000000	4.033611830	99.864738144	0.000000000	0.000000000	0.000000000	0.000000000	0.000000000
-900.000000000	400.000000000	4.172986664	99.864738144	0.000000000	0.000000000	0.000000000	0.000000000	0.000000000
-800.000000000	400.000000000	4.300224202	99.864738144	0.000000000	0.000000000	0.000000000	0.000000000	0.000000000
-700.000000000	400.000000000	4.448756672	99.864738144	0.000000000	0.000000000	0.000000000	0.000000000	0.000000000
-600.000000000	400.000000000	4.607810330	99.864738144	0.000000000	0.000000000	0.000000000	0.000000000	0.000000000
-500.000000000	400.000000000	4.793969365	99.864738144	0.000000000	0.000000000	0.000000000	0.000000000	0.000000000
-400.000000000	400.000000000	4.873692773	99.864738144	0.000000000	0.000000000	0.000000000	0.000000000	0.000000000
-300.000000000	400.000000000	4.871929871	99.864738144	0.000000000	0.000000000	0.000000000	0.000000000	0.000000000
-200.000000000	400.000000000	4.872556144	99.864738144	0.000000000	0.000000000	0.000000000	0.000000000	0.000000000
-100.000000000	400.000000000	4.871583730	99.864738144	0.000000000	0.000000000	0.000000000	0.000000000	0.000000000
0.000000000	400.000000000	4.871511282	99.864738144	0.000000000	0.000000000	0.000000000	0.000000000	0.000000000
100.000000000	400.000000000	4.871250469	99.864738144	0.000000000	0.000000000	0.000000000	0.000000000	0.000000000
200.000000000	400.000000000	4.871661008	99.864738144	0.000000000	0.000000000	0.000000000	0.000000000	0.000000000
300.000000000	400.000000000	4.872501405	99.864738144	0.000000000	0.000000000	0.000000000	0.000000000	0.000000000
400.000000000	400.000000000	4.873111579	99.864738144	0.000000000	0.000000000	0.000000000	0.000000000	0.000000000
500.000000000	400.000000000	4.821757200	99.864738144	0.000000000	0.000000000	0.000000000	0.000000000	0.000000000
600.000000000	400.000000000	4.650488593	99.864738144	0.000000000	0.000000000	0.000000000	0.000000000	0.000000000
700.000000000	400.000000000	4.496850769	99.864738144	0.000000000	0.000000000	0.000000000	0.000000000	0.000000000
800.000000000	400.000000000	4.347997873	99.864738144	0.000000000	0.000000000	0.000000000	0.000000000	0.000000000
900.000000000	400.000000000	4.191113081	99.864738144	0.000000000	0.000000000	0.000000000	0.000000000	0.000000000
1000.000000000	400.000000000	4.063824110	99.864738144	0.000000000	0.000000000	0.000000000	0.000000000	0.000000000
-1000.000000000	500.000000000	4.036558034	99.875931281	0.000000000	0.000000000	0.000000000	0.000000000	0.000000000
-900.000000000	500.000000000	4.172999544	99.875931281	0.000000000	0.000000000	0.000000000	0.000000000	0.000000000
-800.000000000	500.000000000	4.303212270	99.875931281	0.000000000	0.000000000	0.000000000	0.000000000	0.000000000
-700.000000000	500.000000000	4.478547222	99.875931281	0.000000000	0.000000000	0.000000000	0.000000000	0.000000000
-600.000000000	500.000000000	4.638164395	99.875931281	0.000000000	0.000000000	0.000000000	0.000000000	0.000000000
-500.000000000	500.000000000	4.794893479	99.875931281	0.000000000	0.000000000	0.000000000	0.000000000	0.000000000
-400.000000000	500.000000000	4.873642864	99.875931281	0.000000000	0.000000000	0.000000000	0.000000000	0.000000000
-300.000000000	500.000000000	4.871681937	99.875931281	0.000000000	0.000000000	0.000000000	0.000000000	0.000000000
-200.000000000	500.000000000	4.871611099	99.875931281	0.000000000	0.000000000	0.000000000	0.000000000	0.000000000
-100.000000000	500.000000000	4.871965290	99.875931281	0.000000000	0.000000000	0.000000000	0.000000000	0.000000000
0.000000000	500.000000000	4.871976559	99.875931281	0.000000000	0.000000000	0.000000000	0.000000000	0.000000000
100.000000000	500.000000000	4.871398585	99.875931281	0.000000000	0.000000000	0.000000000	0.000000000	0.000000000
200.000000000	500.000000000	4.871313257	99.875931281	0.000000000	0.000000000	0.000000000	0.000000000	0.000000000
300.000000000	500.000000000	4.872190684	99.875931281	0.000000000	0.000000000	0.000000000	0.000000000	0.000000000
400.000000000	500.000000000	4.872279231	99.875931281	0.000000000	0.000000000	0.000000000	0.000000000	0.000000000
500.000000000	500.000000000	4.833643503	99.875931281	0.000000000	0.000000000	0.000000000	0.000000000	0.000000000
600.000000000	500.000000000	4.673026339	99.875931281	0.000000000	0.000000000	0.000000000	0.000000000	0.000000000
700.000000000	500.000000000	4.503739755	99.875931281	0.000000000	0.000000000	0.000000000	0.000000000	0.000000000
800.000000000	500.000000000	4.360966026	99.875931281	0.000000000	0.000000000	0.000000000	0.000000000	0.000000000
900.000000000	500.000000000	4.205436799	99.875931281	0.000000000	0.000000000	0.000000000	0.000000000	0.000000000
1000.000000000	500.000000000	4.072068653	99.875931281	0.000000000	0.000000000	0.000000000	0.000000000	0.000000000
-1000.000000000	600.000000000	4.040739068	99.920701522	0.000000000	0.000000000	0.000000000	0.000000000	0.000000000
-900.000000000	600.000000000	4.170813233	99.920701522	0.000000000	0.000000000	0.000000000	0.000000000	0.000000000
-800.000000000	600.000000000	4.323586192	99.920701522	0.000000000	0.000000000	0.000000000	0.000000000	0.000000000
-700.000000000	600.000000000	4.485041770	99.920701522	0.000000000	0.000000000	0.000000000	0.000000000	0.000000000
-600.000000000	600.000000000	4.641418113	99.920701522	0.000000000	0.000000000	0.000000000	0.000000000	0.000000000
-500.000000000	600.000000000	4.811498562	99.920701522	0.000000000	0.000000000	0.000000000	0.000000000	0.000000000
-400.000000000	600.000000000	4.874161270	99.920701522	0.000000000	0.000000000	0.000000000	0.000000000	0.000000000
-300.000000000	600.000000000	4.872588343	99.920701522	0.000000000	0.000000000	0.000000000	0.000000000	0.000000000
-200.000000000	600.000000000	4.871908941	99.920701522	0.000000000	0.000000000	0.000000000	0.000000000	0.000000000
-100.000000000	600.000000000	4.872343629	99.920701522	0.000000000	0.000000000	0.000000000	0.000000000	0.000000000
0.000000000	600.000000000	4.871812344	99.920701522	0.000000000	0.000000000	0.000000000	0.000000000	0.000000000
100.000000000	600.000000000	4.871324527	99.920701522	0.000000000	0.000000000	0.000000000	0.000000000	0.000000000
200.000000000	600.000000000	4.871590170	99.920701522	0.000000000	0.000000000	0.000000000	0.000000000	0.000000000
300.000000000	600.000000000	4.872081207	99.920701522	0.000000000	0.000000000	0.000000000	0.000000000	0.000000000
400.000000000	600.000000000	4.871797854	99.920701522	0.000000000	0.000000000	0.000000000	0.000000000	0.000000000
500.000000000	600.000000000	4.862146166	99.920701522	0.000000000	0.000000000	0.000000000	0.000000000	0.000000000
600.000000000	600.000000000	4.704761759	99.920701522	0.000000000	0.000000000	0.000000000	0.000000000	0.000000000
700.000000000	600.000000000	4.533184177	99.920701522	0.000000000	0.000000000	0.000000000	0.000000000	0.000000000
800.000000000	600.000000000	4.374463856	99.920701522	0.000000000	0.000000000	0.000000000	0.000000000	0.000000000
900.000000000	600.000000000	4.226259885	99.920701522	0.000000000	0.000000000	0.000000000	0.000000000	0.000000000
1000.000000000	600.000000000	4.081279166	99.920701522	0.000000000	0.000000000	0.000000000	0.000000000	0.000000000
-1000.000000000	700.000000000	4.049439226	99.909509308	0.000000000	0.000000000	0.000000000	0.000000000	0.000000000
-900.000000000	700.000000000	4.189524061	99.909509308	0.000000000	0.000000000	0.000000000	0.000000000	0.000000000
-800.000000000	700.000000000	4.342549800	99.909509308	0.000000000	0.000000000	0.000000000	0.000000000	0.000000000
-700.000000000	700.000000000	4.497984175	99.909509308	0.000000000	0.000000000	0.000000000	0.000000000	0.000000000
-600.000000000	700.000000000	4.655534188	99.909509308	0.000000000	0.000000000	0.000000000	0.000000000	0.000000000
-500.000000000	700.000000000	4.827047515	99.909509308	0.000000000	0.000000000	0.000000000	0.000000000	0.000000000
-400.000000000	700.000000000	4.873365952	99.909509308	0.000000000	0.000000000	0.000000000	0.000000000	0.000000000
-300.000000000	700.000000000	4.871944360	99.909509308	0.000000000	0.000000000	0.000000000	0.000000000	0.000000000
-200.000000000	700.000000000	4.872422517	99.909509308	0.000000000	0.000000000	0.000000000	0.000000000	0.000000000
-100.000000000	700.000000000	4.872253472	99.909509308	0.000000000	0.000000000	0.000000000	0.000000000	0.000000000
0.000000000	700.000000000	4.871284278	99.909509308	0.000000000	0.000000000	0.000000000	0.000000000	0.000000000
100.000000000	700.000000000	4.871669058	99.909509308	0.000000000	0.000000000	0.000000000	0.000000000	0.000000000
200.000000000	700.000000000	4.871440444	99.909509308	0.000000000	0.000000000	0.000000000	0.000000000	0.000000000
300.000000000	700.000000000	4.872734849	99.909509308	0.000000000	0.000000000	0.000000000	0.000000000	0.000000000
400.000000000	700.000000000	4.871923431	99.909509308	0.000000000	0.000000000	0.000000000	0.000000000	0.000000000
500.000000000	700.000000000	4.874924389	99.909509308	0.000000000	0.000000000	0.000000000	0.000000000	0.000000000
600.000000000	700.000000000	4.703984151	99.909509308	0.000000000	0.000000000	0.000000000	0.000000000	0.000000000
700.000000000	700.000000000	4.535170858	99.909509308	0.000000000	0.000000000	0.000000000	0.000000000	0.000000000
800.000000000	700.000000000	4.376123715	99.909509308	0.000000000	0.000000000	0.000000000	0.000000000	0.000000000
900.000000000	700.000000000	4.228319010	99.909509308	0.000000000	0.000000000	0.000000000	0.000000000	0.000000000
1000.000000000	700.000000000	4.086704691	99.909509308	0.000000000	0.000000000	0.000000000	0.000000000	0.000000000
-1000.000000000	800.000000000	4.050517891	99.831157351	0.000000000	0.000000000	0.000000000	0.000000000	0.000000000
-900.000000000	800.000000000	4.193452337	99.831157351	0.000000000	0.000000000	0.000000000	0.000000000	0.000000000
-800.000000000	800.000000000	4.345682764	99.831157351	0.000000000	0.000000000	0.000000000	0.000000000	0.000000000
-700.000000000	800.000000000	4.507775905	99.831157351	0.000000000	0.000000000	0.000000000	0.000000000	0.000000000
-600.000000000	800.000000000	4.673182504	99.831157351	0.000000000	0.000000000	0.000000000	0.000000000	0.000000000
-500.000000000	800.000000000	4.834282656	99.831157351	0.000000000	0.000000000	0.000000000	0.000000000	0.000000000
-400.000000000	800.000000000	4.874167710	99.831157351	0.000000000	0.000000000	0.000000000	0.000000000	0.000000000
-300.000000000	800.000000000	4.872478866	99.831157351	0.000000000	0.000000000	0.000000000	0.000000000	0.000000000
-200.000000000	800.000000000	4.871574070	99.831157351	0.000000000	0.000000000	0.000000000	0.000000000	0.000000000
-100.000000000	800.000000000	4.871599830	99.831157351	0.000000000	0.000000000	0.000000000	0.000000000	0.000000000
0.000000000	800.000000000	4.871865472	99.831157351	0.000000000	0.000000000	0.000000000	0.000000000	0.000000000
100.000000000	800.000000000	4.871784975	99.831157351	0.000000000	0.000000000	0.000000000	0.000000000	0.000000000
200.000000000	800.000000000	4.872028078	99.831157351	0.000000000	0.000000000	0.000000000	0.000000000	0.000000000
300.000000000	800.000000000	4.872691380	99.831157351	0.000000000	0.000000000	0.000000000	0.000000000	0.000000000
400.000000000	800.000000000	4.872427347	99.831157351	0.000000000	0.000000000	0.000000000	0.000000000	0.000000000
500.000000000	800.000000000	4.878157182	99.831157351	0.000000000	0.000000000	0.000000000	0.000000000	0.000000000
600.000000000	800.000000000	4.722773931	99.831157351	0.000000000	0.000000000	0.000000000	0.000000000	0.000000000
700.000000000	800.000000000	4.555216380	99.831157351	0.000000000	0.000000000	0.000000000	0.000000000	0.000000000
800.000000000	800.000000000	4.384147711	99.831157351	0.000000000	0.000000000	0.000000000	0.000000000	0.000000000
900.000000000	800.000000000	4.239707794	99.831157351	0.000000000	0.000000000	0.000000000	0.000000000	0.000000000
1000.000000000	800.000000000	4.091999811	99.831157351	0.000000000	0.000000000	0.000000000	0.000000000	0.000000000
-1000.000000000	900.000000000	4.067002147	99.797574489	0.000000000	0.000000000	0.000000000	0.000000000	0.000000000
-900.000000000	900.000000000	4.214682738	99.797574489	0.000000000	0.000000000	0.000000000	0.000000000	0.000000000
-800.000000000	900.000000000	4.361255818	99.797574489	0.000000000	0.000000000	0.000000000	0.000000000	0.000000000
-700.000000000	900.000000000	4.529682529	99.797574489	0.000000000	0.000000000	0.000000000	0.000000000	0.000000000
-600.000000000	900.000000000	4.695411143	99.797574489	0.000000000	0.000000000	0.000000000	0.000000000	0.000000000
-500.000000000	900.000000000	4.867803553	99.797574489	0.000000000	0.000000000	0.000000000	0.000000000	0.000000000
-400.000000000	900.000000000	4.875328489	99.797574489	0.000000000	0.000000000	0.000000000	0.000000000	0.000000000
-300.000000000	900.000000000	4.872457936	99.797574489	0.000000000	0.000000000	0.000000000	0.000000000	0.000000000
-200.000000000	900.000000000	4.870727233	99.797574489	0.000000000	0.000000000	0.000000000	0.000000000	0.000000000
-100.000000000	900.000000000	4.872379049	99.797574489	0.000000000	0.000000000	0.000000000	0.000000000	0.000000000
0.000000000	900.000000000	4.872398368	99.797574489	0.000000000	0.000000000	0.000000000	0.000000000	0.000000000
100.000000000	900.000000000	4.871039565	99.797574489	0.000000000	0.000000000	0.000000000	0.000000000	0.000000000
200.000000000	900.000000000	4.871446884	99.797574489	0.000000000	0.000000000	0.000000000	0.000000000	0.000000000
300.000000000	900.000000000	4.872179414	99.797574489	0.000000000	0.000000000	0.000000000	0.000000000	0.000000000
400.000000000	900.000000000	4.872343629	99.797574489	0.000000000	0.000000000	0.000000000	0.000000000	0.000000000
500.000000000	900.000000000	4.873905287	99.797574489	0.000000000	0.000000000	0.000000000	0.000000000	0.000000000
600.000000000	900.000000000	4.751381220	99.797574489	0.000000000	0.000000000	0.000000000	0.000000000	0.000000000
700.000000000	900.000000000	4.581993119	99.797574489	0.000000000	0.000000000	0.000000000	0.000000000	0.000000000
800.000000000	900.000000000	4.413830382	99.797574489	0.000000000	0.000000000	0.000000000	0.000000000	0.000000000
900.000000000	900.000000000	4.260596892	99.797574489	0.000000000	0.000000000	0.000000000	0.000000000	0.000000000
1000.000000000	900.000000000	4.112095186	99.797574489	0.000000000	0.000000000	0.000000000	0.000000000	0.000000000
-1000.000000000	1000.000000000	3.938218077	99.864738144	0.000000000	0.000000000	0.000000000	0.000000000	0.000000000
-900.000000000	1000.000000000	4.246047775	99.864738144	0.000000000	0.000000000	0.000000000	0.000000000	0.000000000
-800.000000000	1000.000000000	4.402209753	99.864738144	0.000000000	0.000000000	0.000000000	0.000000000	0.000000000
-700.000000000	1000.000000000	4.567946278	99.864738144	0.000000000	0.000000000	0.000000000	0.000000000	0.000000000
-600.000000000	1000.000000000	4.739464333	99.864738144	0.000000000	0.000000000	0.000000000	0.000000000	0.000000000
-500.000000000	1000.000000000	4.875357468	99.864738144	0.000000000	0.000000000	0.000000000	0.000000000	0.000000000
-400.000000000	1000.000000000	4.872668841	99.864738144	0.000000000	0.000000000	0.000000000	0.000000000	0.000000000
-300.000000000	1000.000000000	4.872311430	99.864738144	0.000000000	0.000000000	0.000000000	0.000000000	0.000000000
-200.000000000	1000.000000000	4.872462766	99.864738144	0.000000000	0.000000000	0.000000000	0.000000000	0.000000000
-100.000000000	1000.000000000	4.870896279	99.864738144	0.000000000	0.000000000	0.000000000	0.000000000	0.000000000
0.000000000	1000.000000000	4.871831663	99.864738144	0.000000000	0.000000000	0.000000000	0.000000000	0.000000000
100.000000000	1000.000000000	4.871516112	99.864738144	0.000000000	0.000000000	0.000000000	0.000000000	0.000000000
200.000000000	1000.000000000	4.871475863	99.864738144	0.000000000	0.000000000	0.000000000	0.000000000	0.000000000
300.000000000	1000.000000000	4.872350069	99.864738144	0.000000000	0.000000000	0.000000000	0.000000000	0.000000000
400.000000000	1000.000000000	4.872622152	99.864738144	0.000000000	0.000000000	0.000000000	0.000000000	0.000000000
500.000000000	1000.000000000	4.872670451	99.864738144	0.000000000	0.000000000	0.000000000	0.000000000	0.000000000
600.000000000	1000.000000000	4.786330127	99.864738144	0.000000000	0.000000000	0.000000000	0.000000000	0.000000000
700.000000000	1000.000000000	4.621285641	99.864738144	0.000000000	0.000000000	0.000000000	0.000000000	0.000000000
800.000000000	1000.000000000	4.462116052	99.864738144	0.000000000	0.000000000	0.000000000	0.000000000	0.000000000
900.000000000	1000.000000000	4.301970998	99.864738144	0.000000000	0.000000000	0.000000000	0.000000000	0.000000000
1000.000000000	1000.000000000	4.154047225	99.864738144	0.000000000	0.000000000	0.000000000	0.000000000	0.000000000
