Set Temp (deg C)	126.000000	Laser Power (uW)	1115	Laser Detuning (GHz)	11
X  Field (nT)	Z  Field (nT)	Photodiode Voltage (V)	Temperature (C) 2D	Y  Field (nT)	Photodiode Voltage (V)	Temperature (C) 1D	Frequency (Hz)	Photodiode Voltage (V)		
-1000.000000000	-1000.000000000	0.264590879	127.402815367	-1000.000000000	NaN	127.482739391	0.000000000	0.000000000
-900.000000000	-1000.000000000	0.318542732	127.402815367	-960.000000000	NaN	127.482739391	0.000000000	0.000000000
-800.000000000	-1000.000000000	0.404519247	127.402815367	-920.000000000	NaN	127.482739391	0.000000000	0.000000000
-700.000000000	-1000.000000000	0.545505362	127.402815367	-880.000000000	NaN	127.482739391	0.000000000	0.000000000
-600.000000000	-1000.000000000	0.736368665	127.402815367	-840.000000000	NaN	127.482739391	0.000000000	0.000000000
-500.000000000	-1000.000000000	1.035702547	127.402815367	-800.000000000	NaN	127.482739391	0.000000000	0.000000000
-400.000000000	-1000.000000000	1.323176265	127.402815367	-760.000000000	NaN	127.482739391	0.000000000	0.000000000
-300.000000000	-1000.000000000	1.721689233	127.402815367	-720.000000000	NaN	127.482739391	0.000000000	0.000000000
-200.000000000	-1000.000000000	1.955574764	127.402815367	-680.000000000	NaN	127.482739391	0.000000000	0.000000000
-100.000000000	-1000.000000000	2.169084055	127.402815367	-640.000000000	NaN	127.482739391	0.000000000	0.000000000
0.000000000	-1000.000000000	2.225649071	127.402815367	-600.000000000	NaN	127.482739391	0.000000000	0.000000000
100.000000000	-1000.000000000	2.153374326	127.402815367	-560.000000000	NaN	127.482739391	0.000000000	0.000000000
200.000000000	-1000.000000000	1.943598478	127.402815367	-520.000000000	NaN	127.482739391	0.000000000	0.000000000
300.000000000	-1000.000000000	1.591873564	127.402815367	-480.000000000	NaN	127.482739391	0.000000000	0.000000000
400.000000000	-1000.000000000	1.298895310	127.402815367	-440.000000000	NaN	127.482739391	0.000000000	0.000000000
500.000000000	-1000.000000000	0.993200440	127.402815367	-400.000000000	NaN	127.482739391	0.000000000	0.000000000
600.000000000	-1000.000000000	0.726280860	127.402815367	-360.000000000	NaN	127.482739391	0.000000000	0.000000000
700.000000000	-1000.000000000	0.512258763	127.402815367	-320.000000000	NaN	127.482739391	0.000000000	0.000000000
800.000000000	-1000.000000000	0.393626484	127.402815367	-280.000000000	NaN	127.482739391	0.000000000	0.000000000
900.000000000	-1000.000000000	0.313933512	127.402815367	-240.000000000	NaN	127.482739391	0.000000000	0.000000000
1000.000000000	-1000.000000000	0.255531823	127.402815367	-200.000000000	NaN	127.482739391	0.000000000	0.000000000
-1000.000000000	-900.000000000	0.241195430	127.322846440	-160.000000000	NaN	127.482739391	0.000000000	0.000000000
-900.000000000	-900.000000000	0.292458704	127.322846440	-120.000000000	NaN	127.482739391	0.000000000	0.000000000
-800.000000000	-900.000000000	0.386734388	127.322846440	-80.000000000	NaN	127.482739391	0.000000000	0.000000000
-700.000000000	-900.000000000	0.515237127	127.322846440	-40.000000000	NaN	127.482739391	0.000000000	0.000000000
-600.000000000	-900.000000000	0.745081611	127.322846440	0.000000000	NaN	127.482739391	0.000000000	0.000000000
-500.000000000	-900.000000000	0.970778972	127.322846440	40.000000000	NaN	127.482739391	0.000000000	0.000000000
-400.000000000	-900.000000000	1.231149493	127.322846440	80.000000000	NaN	127.482739391	0.000000000	0.000000000
-300.000000000	-900.000000000	1.579528618	127.322846440	120.000000000	NaN	127.482739391	0.000000000	0.000000000
-200.000000000	-900.000000000	1.907754951	127.322846440	160.000000000	NaN	127.482739391	0.000000000	0.000000000
-100.000000000	-900.000000000	2.158741843	127.322846440	200.000000000	NaN	127.482739391	0.000000000	0.000000000
0.000000000	-900.000000000	2.225639412	127.322846440	240.000000000	NaN	127.482739391	0.000000000	0.000000000
100.000000000	-900.000000000	2.152107308	127.322846440	280.000000000	NaN	127.482739391	0.000000000	0.000000000
200.000000000	-900.000000000	1.966707446	127.322846440	320.000000000	NaN	127.482739391	0.000000000	0.000000000
300.000000000	-900.000000000	1.626994199	127.322846440	360.000000000	NaN	127.482739391	0.000000000	0.000000000
400.000000000	-900.000000000	1.256169402	127.322846440	400.000000000	NaN	127.482739391	0.000000000	0.000000000
500.000000000	-900.000000000	0.957819051	127.322846440	440.000000000	NaN	127.482739391	0.000000000	0.000000000
600.000000000	-900.000000000	0.674956379	127.322846440	480.000000000	NaN	127.482739391	0.000000000	0.000000000
700.000000000	-900.000000000	0.476508728	127.322846440	520.000000000	NaN	127.482739391	0.000000000	0.000000000
800.000000000	-900.000000000	0.378802280	127.322846440	560.000000000	NaN	127.482739391	0.000000000	0.000000000
900.000000000	-900.000000000	0.293138093	127.322846440	600.000000000	NaN	127.482739391	0.000000000	0.000000000
1000.000000000	-900.000000000	0.233361528	127.322846440	640.000000000	NaN	127.482739391	0.000000000	0.000000000
-1000.000000000	-800.000000000	0.221341819	127.342842876	680.000000000	NaN	127.482739391	0.000000000	0.000000000
-900.000000000	-800.000000000	0.275393485	127.342842876	720.000000000	NaN	127.482739391	0.000000000	0.000000000
-800.000000000	-800.000000000	0.352204684	127.342842876	760.000000000	NaN	127.482739391	0.000000000	0.000000000
-700.000000000	-800.000000000	0.555813745	127.342842876	800.000000000	NaN	127.482739391	0.000000000	0.000000000
-600.000000000	-800.000000000	0.635451985	127.342842876	840.000000000	NaN	127.482739391	0.000000000	0.000000000
-500.000000000	-800.000000000	0.854025392	127.342842876	880.000000000	NaN	127.482739391	0.000000000	0.000000000
-400.000000000	-800.000000000	1.189887016	127.342842876	920.000000000	NaN	127.482739391	0.000000000	0.000000000
-300.000000000	-800.000000000	1.561845147	127.342842876	960.000000000	NaN	127.482739391	0.000000000	0.000000000
-200.000000000	-800.000000000	1.913257705	127.342842876	1000.000000000	NaN	127.482739391	0.000000000	0.000000000
-100.000000000	-800.000000000	2.139160228	127.342842876	0.000000000	0.000000000	0.000000000	0.000000000	0.000000000
0.000000000	-800.000000000	2.229710934	127.342842876	0.000000000	0.000000000	0.000000000	0.000000000	0.000000000
100.000000000	-800.000000000	2.144225075	127.342842876	0.000000000	0.000000000	0.000000000	0.000000000	0.000000000
200.000000000	-800.000000000	1.959995641	127.342842876	0.000000000	0.000000000	0.000000000	0.000000000	0.000000000
300.000000000	-800.000000000	1.637223704	127.342842876	0.000000000	0.000000000	0.000000000	0.000000000	0.000000000
400.000000000	-800.000000000	1.224716222	127.342842876	0.000000000	0.000000000	0.000000000	0.000000000	0.000000000
500.000000000	-800.000000000	0.890490260	127.342842876	0.000000000	0.000000000	0.000000000	0.000000000	0.000000000
600.000000000	-800.000000000	0.633252825	127.342842876	0.000000000	0.000000000	0.000000000	0.000000000	0.000000000
700.000000000	-800.000000000	0.477141430	127.342842876	0.000000000	0.000000000	0.000000000	0.000000000	0.000000000
800.000000000	-800.000000000	0.354440872	127.342842876	0.000000000	0.000000000	0.000000000	0.000000000	0.000000000
900.000000000	-800.000000000	0.271444335	127.342842876	0.000000000	0.000000000	0.000000000	0.000000000	0.000000000
1000.000000000	-800.000000000	0.226361569	127.342842876	0.000000000	0.000000000	0.000000000	0.000000000	0.000000000
-1000.000000000	-700.000000000	0.219113681	127.372832276	0.000000000	0.000000000	0.000000000	0.000000000	0.000000000
-900.000000000	-700.000000000	0.260833311	127.372832276	0.000000000	0.000000000	0.000000000	0.000000000	0.000000000
-800.000000000	-700.000000000	0.322235903	127.372832276	0.000000000	0.000000000	0.000000000	0.000000000	0.000000000
-700.000000000	-700.000000000	0.429917450	127.372832276	0.000000000	0.000000000	0.000000000	0.000000000	0.000000000
-600.000000000	-700.000000000	0.603659145	127.372832276	0.000000000	0.000000000	0.000000000	0.000000000	0.000000000
-500.000000000	-700.000000000	0.829894185	127.372832276	0.000000000	0.000000000	0.000000000	0.000000000	0.000000000
-400.000000000	-700.000000000	1.185192464	127.372832276	0.000000000	0.000000000	0.000000000	0.000000000	0.000000000
-300.000000000	-700.000000000	1.504715161	127.372832276	0.000000000	0.000000000	0.000000000	0.000000000	0.000000000
-200.000000000	-700.000000000	1.903596499	127.372832276	0.000000000	0.000000000	0.000000000	0.000000000	0.000000000
-100.000000000	-700.000000000	2.141047067	127.372832276	0.000000000	0.000000000	0.000000000	0.000000000	0.000000000
0.000000000	-700.000000000	2.303555387	127.372832276	0.000000000	0.000000000	0.000000000	0.000000000	0.000000000
100.000000000	-700.000000000	2.220065822	127.372832276	0.000000000	0.000000000	0.000000000	0.000000000	0.000000000
200.000000000	-700.000000000	1.930822058	127.372832276	0.000000000	0.000000000	0.000000000	0.000000000	0.000000000
300.000000000	-700.000000000	1.572850629	127.372832276	0.000000000	0.000000000	0.000000000	0.000000000	0.000000000
400.000000000	-700.000000000	1.204018971	127.372832276	0.000000000	0.000000000	0.000000000	0.000000000	0.000000000
500.000000000	-700.000000000	0.861664498	127.372832276	0.000000000	0.000000000	0.000000000	0.000000000	0.000000000
600.000000000	-700.000000000	0.631386919	127.372832276	0.000000000	0.000000000	0.000000000	0.000000000	0.000000000
700.000000000	-700.000000000	0.445002463	127.372832276	0.000000000	0.000000000	0.000000000	0.000000000	0.000000000
800.000000000	-700.000000000	0.337737885	127.372832276	0.000000000	0.000000000	0.000000000	0.000000000	0.000000000
900.000000000	-700.000000000	0.269850508	127.372832276	0.000000000	0.000000000	0.000000000	0.000000000	0.000000000
1000.000000000	-700.000000000	0.209550719	127.372832276	0.000000000	0.000000000	0.000000000	0.000000000	0.000000000
-1000.000000000	-600.000000000	0.210771043	127.432792143	0.000000000	0.000000000	0.000000000	0.000000000	0.000000000
-900.000000000	-600.000000000	0.253234459	127.432792143	0.000000000	0.000000000	0.000000000	0.000000000	0.000000000
-800.000000000	-600.000000000	0.325391359	127.432792143	0.000000000	0.000000000	0.000000000	0.000000000	0.000000000
-700.000000000	-600.000000000	0.431833263	127.432792143	0.000000000	0.000000000	0.000000000	0.000000000	0.000000000
-600.000000000	-600.000000000	0.605077491	127.432792143	0.000000000	0.000000000	0.000000000	0.000000000	0.000000000
-500.000000000	-600.000000000	0.842268089	127.432792143	0.000000000	0.000000000	0.000000000	0.000000000	0.000000000
-400.000000000	-600.000000000	1.163207277	127.432792143	0.000000000	0.000000000	0.000000000	0.000000000	0.000000000
-300.000000000	-600.000000000	1.525713481	127.432792143	0.000000000	0.000000000	0.000000000	0.000000000	0.000000000
-200.000000000	-600.000000000	1.893940128	127.432792143	0.000000000	0.000000000	0.000000000	0.000000000	0.000000000
-100.000000000	-600.000000000	2.206996381	127.432792143	0.000000000	0.000000000	0.000000000	0.000000000	0.000000000
0.000000000	-600.000000000	2.345338012	127.432792143	0.000000000	0.000000000	0.000000000	0.000000000	0.000000000
100.000000000	-600.000000000	2.235017276	127.432792143	0.000000000	0.000000000	0.000000000	0.000000000	0.000000000
200.000000000	-600.000000000	1.947058224	127.432792143	0.000000000	0.000000000	0.000000000	0.000000000	0.000000000
300.000000000	-600.000000000	1.577071866	127.432792143	0.000000000	0.000000000	0.000000000	0.000000000	0.000000000
400.000000000	-600.000000000	1.186056995	127.432792143	0.000000000	0.000000000	0.000000000	0.000000000	0.000000000
500.000000000	-600.000000000	0.847371560	127.432792143	0.000000000	0.000000000	0.000000000	0.000000000	0.000000000
600.000000000	-600.000000000	0.620746911	127.432792143	0.000000000	0.000000000	0.000000000	0.000000000	0.000000000
700.000000000	-600.000000000	0.447769927	127.432792143	0.000000000	0.000000000	0.000000000	0.000000000	0.000000000
800.000000000	-600.000000000	0.337725005	127.432792143	0.000000000	0.000000000	0.000000000	0.000000000	0.000000000
900.000000000	-600.000000000	0.258106096	127.432792143	0.000000000	0.000000000	0.000000000	0.000000000	0.000000000
1000.000000000	-600.000000000	0.212912245	127.432792143	0.000000000	0.000000000	0.000000000	0.000000000	0.000000000
-1000.000000000	-500.000000000	0.204110778	127.412808327	0.000000000	0.000000000	0.000000000	0.000000000	0.000000000
-900.000000000	-500.000000000	0.243840539	127.412808327	0.000000000	0.000000000	0.000000000	0.000000000	0.000000000
-800.000000000	-500.000000000	0.314054257	127.412808327	0.000000000	0.000000000	0.000000000	0.000000000	0.000000000
-700.000000000	-500.000000000	0.417042866	127.412808327	0.000000000	0.000000000	0.000000000	0.000000000	0.000000000
-600.000000000	-500.000000000	0.562068291	127.412808327	0.000000000	0.000000000	0.000000000	0.000000000	0.000000000
-500.000000000	-500.000000000	0.784682588	127.412808327	0.000000000	0.000000000	0.000000000	0.000000000	0.000000000
-400.000000000	-500.000000000	1.119412386	127.412808327	0.000000000	0.000000000	0.000000000	0.000000000	0.000000000
-300.000000000	-500.000000000	1.472981829	127.412808327	0.000000000	0.000000000	0.000000000	0.000000000	0.000000000
-200.000000000	-500.000000000	1.850811661	127.412808327	0.000000000	0.000000000	0.000000000	0.000000000	0.000000000
-100.000000000	-500.000000000	2.152756111	127.412808327	0.000000000	0.000000000	0.000000000	0.000000000	0.000000000
0.000000000	-500.000000000	2.269907763	127.412808327	0.000000000	0.000000000	0.000000000	0.000000000	0.000000000
100.000000000	-500.000000000	2.192376574	127.412808327	0.000000000	0.000000000	0.000000000	0.000000000	0.000000000
200.000000000	-500.000000000	1.892096752	127.412808327	0.000000000	0.000000000	0.000000000	0.000000000	0.000000000
300.000000000	-500.000000000	1.526420237	127.412808327	0.000000000	0.000000000	0.000000000	0.000000000	0.000000000
400.000000000	-500.000000000	1.147570038	127.412808327	0.000000000	0.000000000	0.000000000	0.000000000	0.000000000
500.000000000	-500.000000000	0.833252494	127.412808327	0.000000000	0.000000000	0.000000000	0.000000000	0.000000000
600.000000000	-500.000000000	0.586102891	127.412808327	0.000000000	0.000000000	0.000000000	0.000000000	0.000000000
700.000000000	-500.000000000	0.417607951	127.412808327	0.000000000	0.000000000	0.000000000	0.000000000	0.000000000
800.000000000	-500.000000000	0.311752062	127.412808327	0.000000000	0.000000000	0.000000000	0.000000000	0.000000000
900.000000000	-500.000000000	0.246562924	127.412808327	0.000000000	0.000000000	0.000000000	0.000000000	0.000000000
1000.000000000	-500.000000000	0.209170776	127.412808327	0.000000000	0.000000000	0.000000000	0.000000000	0.000000000
-1000.000000000	-400.000000000	0.201705549	127.412808327	0.000000000	0.000000000	0.000000000	0.000000000	0.000000000
-900.000000000	-400.000000000	0.236616799	127.412808327	0.000000000	0.000000000	0.000000000	0.000000000	0.000000000
-800.000000000	-400.000000000	0.302314674	127.412808327	0.000000000	0.000000000	0.000000000	0.000000000	0.000000000
-700.000000000	-400.000000000	0.387502323	127.412808327	0.000000000	0.000000000	0.000000000	0.000000000	0.000000000
-600.000000000	-400.000000000	0.541855659	127.412808327	0.000000000	0.000000000	0.000000000	0.000000000	0.000000000
-500.000000000	-400.000000000	0.785894864	127.412808327	0.000000000	0.000000000	0.000000000	0.000000000	0.000000000
-400.000000000	-400.000000000	1.089934596	127.412808327	0.000000000	0.000000000	0.000000000	0.000000000	0.000000000
-300.000000000	-400.000000000	1.450040328	127.412808327	0.000000000	0.000000000	0.000000000	0.000000000	0.000000000
-200.000000000	-400.000000000	1.813639953	127.412808327	0.000000000	0.000000000	0.000000000	0.000000000	0.000000000
-100.000000000	-400.000000000	2.153206894	127.412808327	0.000000000	0.000000000	0.000000000	0.000000000	0.000000000
0.000000000	-400.000000000	2.298635427	127.412808327	0.000000000	0.000000000	0.000000000	0.000000000	0.000000000
100.000000000	-400.000000000	2.166308533	127.412808327	0.000000000	0.000000000	0.000000000	0.000000000	0.000000000
200.000000000	-400.000000000	1.882902434	127.412808327	0.000000000	0.000000000	0.000000000	0.000000000	0.000000000
300.000000000	-400.000000000	1.471389609	127.412808327	0.000000000	0.000000000	0.000000000	0.000000000	0.000000000
400.000000000	-400.000000000	1.109192561	127.412808327	0.000000000	0.000000000	0.000000000	0.000000000	0.000000000
500.000000000	-400.000000000	0.806374753	127.412808327	0.000000000	0.000000000	0.000000000	0.000000000	0.000000000
600.000000000	-400.000000000	0.564032402	127.412808327	0.000000000	0.000000000	0.000000000	0.000000000	0.000000000
700.000000000	-400.000000000	0.405815238	127.412808327	0.000000000	0.000000000	0.000000000	0.000000000	0.000000000
800.000000000	-400.000000000	0.308192515	127.412808327	0.000000000	0.000000000	0.000000000	0.000000000	0.000000000
900.000000000	-400.000000000	0.241610791	127.412808327	0.000000000	0.000000000	0.000000000	0.000000000	0.000000000
1000.000000000	-400.000000000	0.204080190	127.412808327	0.000000000	0.000000000	0.000000000	0.000000000	0.000000000
-1000.000000000	-300.000000000	0.198046186	127.382827341	0.000000000	0.000000000	0.000000000	0.000000000	0.000000000
-900.000000000	-300.000000000	0.234166492	127.382827341	0.000000000	0.000000000	0.000000000	0.000000000	0.000000000
-800.000000000	-300.000000000	0.293423050	127.382827341	0.000000000	0.000000000	0.000000000	0.000000000	0.000000000
-700.000000000	-300.000000000	0.384842725	127.382827341	0.000000000	0.000000000	0.000000000	0.000000000	0.000000000
-600.000000000	-300.000000000	0.543130720	127.382827341	0.000000000	0.000000000	0.000000000	0.000000000	0.000000000
-500.000000000	-300.000000000	0.760514356	127.382827341	0.000000000	0.000000000	0.000000000	0.000000000	0.000000000
-400.000000000	-300.000000000	1.049093929	127.382827341	0.000000000	0.000000000	0.000000000	0.000000000	0.000000000
-300.000000000	-300.000000000	1.427786266	127.382827341	0.000000000	0.000000000	0.000000000	0.000000000	0.000000000
-200.000000000	-300.000000000	1.786982705	127.382827341	0.000000000	0.000000000	0.000000000	0.000000000	0.000000000
-100.000000000	-300.000000000	2.133264649	127.382827341	0.000000000	0.000000000	0.000000000	0.000000000	0.000000000
0.000000000	-300.000000000	2.272134305	127.382827341	0.000000000	0.000000000	0.000000000	0.000000000	0.000000000
100.000000000	-300.000000000	2.131311799	127.382827341	0.000000000	0.000000000	0.000000000	0.000000000	0.000000000
200.000000000	-300.000000000	1.814620397	127.382827341	0.000000000	0.000000000	0.000000000	0.000000000	0.000000000
300.000000000	-300.000000000	1.450647269	127.382827341	0.000000000	0.000000000	0.000000000	0.000000000	0.000000000
400.000000000	-300.000000000	1.085713362	127.382827341	0.000000000	0.000000000	0.000000000	0.000000000	0.000000000
500.000000000	-300.000000000	0.776745645	127.382827341	0.000000000	0.000000000	0.000000000	0.000000000	0.000000000
600.000000000	-300.000000000	0.632322316	127.382827341	0.000000000	0.000000000	0.000000000	0.000000000	0.000000000
700.000000000	-300.000000000	0.394185128	127.382827341	0.000000000	0.000000000	0.000000000	0.000000000	0.000000000
800.000000000	-300.000000000	0.303135736	127.382827341	0.000000000	0.000000000	0.000000000	0.000000000	0.000000000
900.000000000	-300.000000000	0.239764205	127.382827341	0.000000000	0.000000000	0.000000000	0.000000000	0.000000000
1000.000000000	-300.000000000	0.198736845	127.382827341	0.000000000	0.000000000	0.000000000	0.000000000	0.000000000
-1000.000000000	-200.000000000	0.196249509	127.402815367	0.000000000	0.000000000	0.000000000	0.000000000	0.000000000
-900.000000000	-200.000000000	0.233876705	127.402815367	0.000000000	0.000000000	0.000000000	0.000000000	0.000000000
-800.000000000	-200.000000000	0.293115554	127.402815367	0.000000000	0.000000000	0.000000000	0.000000000	0.000000000
-700.000000000	-200.000000000	0.385291894	127.402815367	0.000000000	0.000000000	0.000000000	0.000000000	0.000000000
-600.000000000	-200.000000000	0.525677503	127.402815367	0.000000000	0.000000000	0.000000000	0.000000000	0.000000000
-500.000000000	-200.000000000	0.747841008	127.402815367	0.000000000	0.000000000	0.000000000	0.000000000	0.000000000
-400.000000000	-200.000000000	1.048195590	127.402815367	0.000000000	0.000000000	0.000000000	0.000000000	0.000000000
-300.000000000	-200.000000000	1.384884860	127.402815367	0.000000000	0.000000000	0.000000000	0.000000000	0.000000000
-200.000000000	-200.000000000	1.771722165	127.402815367	0.000000000	0.000000000	0.000000000	0.000000000	0.000000000
-100.000000000	-200.000000000	2.091528743	127.402815367	0.000000000	0.000000000	0.000000000	0.000000000	0.000000000
0.000000000	-200.000000000	2.277290921	127.402815367	0.000000000	0.000000000	0.000000000	0.000000000	0.000000000
100.000000000	-200.000000000	2.171321862	127.402815367	0.000000000	0.000000000	0.000000000	0.000000000	0.000000000
200.000000000	-200.000000000	1.834673705	127.402815367	0.000000000	0.000000000	0.000000000	0.000000000	0.000000000
300.000000000	-200.000000000	1.436626391	127.402815367	0.000000000	0.000000000	0.000000000	0.000000000	0.000000000
400.000000000	-200.000000000	1.124828189	127.402815367	0.000000000	0.000000000	0.000000000	0.000000000	0.000000000
500.000000000	-200.000000000	0.760796093	127.402815367	0.000000000	0.000000000	0.000000000	0.000000000	0.000000000
600.000000000	-200.000000000	0.540551617	127.402815367	0.000000000	0.000000000	0.000000000	0.000000000	0.000000000
700.000000000	-200.000000000	0.399227419	127.402815367	0.000000000	0.000000000	0.000000000	0.000000000	0.000000000
800.000000000	-200.000000000	0.301690022	127.402815367	0.000000000	0.000000000	0.000000000	0.000000000	0.000000000
900.000000000	-200.000000000	0.240773629	127.402815367	0.000000000	0.000000000	0.000000000	0.000000000	0.000000000
1000.000000000	-200.000000000	0.200040885	127.402815367	0.000000000	0.000000000	0.000000000	0.000000000	0.000000000
-1000.000000000	-100.000000000	0.194858532	127.332845008	0.000000000	0.000000000	0.000000000	0.000000000	0.000000000
-900.000000000	-100.000000000	0.230452392	127.332845008	0.000000000	0.000000000	0.000000000	0.000000000	0.000000000
-800.000000000	-100.000000000	0.289229192	127.332845008	0.000000000	0.000000000	0.000000000	0.000000000	0.000000000
-700.000000000	-100.000000000	0.379249840	127.332845008	0.000000000	0.000000000	0.000000000	0.000000000	0.000000000
-600.000000000	-100.000000000	0.518429612	127.332845008	0.000000000	0.000000000	0.000000000	0.000000000	0.000000000
-500.000000000	-100.000000000	0.736122346	127.332845008	0.000000000	0.000000000	0.000000000	0.000000000	0.000000000
-400.000000000	-100.000000000	1.001831266	127.332845008	0.000000000	0.000000000	0.000000000	0.000000000	0.000000000
-300.000000000	-100.000000000	1.339711849	127.332845008	0.000000000	0.000000000	0.000000000	0.000000000	0.000000000
-200.000000000	-100.000000000	1.708688530	127.332845008	0.000000000	0.000000000	0.000000000	0.000000000	0.000000000
-100.000000000	-100.000000000	2.041823678	127.332845008	0.000000000	0.000000000	0.000000000	0.000000000	0.000000000
0.000000000	-100.000000000	2.256498624	127.332845008	0.000000000	0.000000000	0.000000000	0.000000000	0.000000000
100.000000000	-100.000000000	2.115903130	127.332845008	0.000000000	0.000000000	0.000000000	0.000000000	0.000000000
200.000000000	-100.000000000	1.753029253	127.332845008	0.000000000	0.000000000	0.000000000	0.000000000	0.000000000
300.000000000	-100.000000000	1.412211807	127.332845008	0.000000000	0.000000000	0.000000000	0.000000000	0.000000000
400.000000000	-100.000000000	1.065059590	127.332845008	0.000000000	0.000000000	0.000000000	0.000000000	0.000000000
500.000000000	-100.000000000	0.758521266	127.332845008	0.000000000	0.000000000	0.000000000	0.000000000	0.000000000
600.000000000	-100.000000000	0.541528843	127.332845008	0.000000000	0.000000000	0.000000000	0.000000000	0.000000000
700.000000000	-100.000000000	0.393991937	127.332845008	0.000000000	0.000000000	0.000000000	0.000000000	0.000000000
800.000000000	-100.000000000	0.297254675	127.332845008	0.000000000	0.000000000	0.000000000	0.000000000	0.000000000
900.000000000	-100.000000000	0.236254566	127.332845008	0.000000000	0.000000000	0.000000000	0.000000000	0.000000000
1000.000000000	-100.000000000	0.196003190	127.332845008	0.000000000	0.000000000	0.000000000	0.000000000	0.000000000
-1000.000000000	0.000000000	0.192169956	127.332845008	0.000000000	0.000000000	0.000000000	0.000000000	0.000000000
-900.000000000	0.000000000	0.229618450	127.332845008	0.000000000	0.000000000	0.000000000	0.000000000	0.000000000
-800.000000000	0.000000000	0.285247844	127.332845008	0.000000000	0.000000000	0.000000000	0.000000000	0.000000000
-700.000000000	0.000000000	0.372306227	127.332845008	0.000000000	0.000000000	0.000000000	0.000000000	0.000000000
-600.000000000	0.000000000	0.514166526	127.332845008	0.000000000	0.000000000	0.000000000	0.000000000	0.000000000
-500.000000000	0.000000000	0.717555054	127.332845008	0.000000000	0.000000000	0.000000000	0.000000000	0.000000000
-400.000000000	0.000000000	1.003299520	127.332845008	0.000000000	0.000000000	0.000000000	0.000000000	0.000000000
-300.000000000	0.000000000	1.333737400	127.332845008	0.000000000	0.000000000	0.000000000	0.000000000	0.000000000
-200.000000000	0.000000000	1.719138592	127.332845008	0.000000000	0.000000000	0.000000000	0.000000000	0.000000000
-100.000000000	0.000000000	2.018862817	127.332845008	0.000000000	0.000000000	0.000000000	0.000000000	0.000000000
0.000000000	0.000000000	2.292582076	127.332845008	0.000000000	0.000000000	0.000000000	0.000000000	0.000000000
100.000000000	0.000000000	2.129669668	127.332845008	0.000000000	0.000000000	0.000000000	0.000000000	0.000000000
200.000000000	0.000000000	1.730527249	127.332845008	0.000000000	0.000000000	0.000000000	0.000000000	0.000000000
300.000000000	0.000000000	1.411627403	127.332845008	0.000000000	0.000000000	0.000000000	0.000000000	0.000000000
400.000000000	0.000000000	1.085534660	127.332845008	0.000000000	0.000000000	0.000000000	0.000000000	0.000000000
500.000000000	0.000000000	0.774995654	127.332845008	0.000000000	0.000000000	0.000000000	0.000000000	0.000000000
600.000000000	0.000000000	0.561667419	127.332845008	0.000000000	0.000000000	0.000000000	0.000000000	0.000000000
700.000000000	0.000000000	0.396234565	127.332845008	0.000000000	0.000000000	0.000000000	0.000000000	0.000000000
800.000000000	0.000000000	0.301540299	127.332845008	0.000000000	0.000000000	0.000000000	0.000000000	0.000000000
900.000000000	0.000000000	0.236394630	127.332845008	0.000000000	0.000000000	0.000000000	0.000000000	0.000000000
1000.000000000	0.000000000	0.196993294	127.332845008	0.000000000	0.000000000	0.000000000	0.000000000	0.000000000
-1000.000000000	100.000000000	0.195932353	127.442782997	0.000000000	0.000000000	0.000000000	0.000000000	0.000000000
-900.000000000	100.000000000	0.238332981	127.442782997	0.000000000	0.000000000	0.000000000	0.000000000	0.000000000
-800.000000000	100.000000000	0.293468128	127.442782997	0.000000000	0.000000000	0.000000000	0.000000000	0.000000000
-700.000000000	100.000000000	0.394891886	127.442782997	0.000000000	0.000000000	0.000000000	0.000000000	0.000000000
-600.000000000	100.000000000	0.533841442	127.442782997	0.000000000	0.000000000	0.000000000	0.000000000	0.000000000
-500.000000000	100.000000000	0.754393412	127.442782997	0.000000000	0.000000000	0.000000000	0.000000000	0.000000000
-400.000000000	100.000000000	1.034681852	127.442782997	0.000000000	0.000000000	0.000000000	0.000000000	0.000000000
-300.000000000	100.000000000	1.398537064	127.442782997	0.000000000	0.000000000	0.000000000	0.000000000	0.000000000
-200.000000000	100.000000000	1.765404797	127.442782997	0.000000000	0.000000000	0.000000000	0.000000000	0.000000000
-100.000000000	100.000000000	2.115507087	127.442782997	0.000000000	0.000000000	0.000000000	0.000000000	0.000000000
0.000000000	100.000000000	2.428861443	127.442782997	0.000000000	0.000000000	0.000000000	0.000000000	0.000000000
100.000000000	100.000000000	2.136009585	127.442782997	0.000000000	0.000000000	0.000000000	0.000000000	0.000000000
200.000000000	100.000000000	1.838606769	127.442782997	0.000000000	0.000000000	0.000000000	0.000000000	0.000000000
300.000000000	100.000000000	1.461097326	127.442782997	0.000000000	0.000000000	0.000000000	0.000000000	0.000000000
400.000000000	100.000000000	1.103448334	127.442782997	0.000000000	0.000000000	0.000000000	0.000000000	0.000000000
500.000000000	100.000000000	0.808205240	127.442782997	0.000000000	0.000000000	0.000000000	0.000000000	0.000000000
600.000000000	100.000000000	0.579389495	127.442782997	0.000000000	0.000000000	0.000000000	0.000000000	0.000000000
700.000000000	100.000000000	0.414061282	127.442782997	0.000000000	0.000000000	0.000000000	0.000000000	0.000000000
800.000000000	100.000000000	0.311467105	127.442782997	0.000000000	0.000000000	0.000000000	0.000000000	0.000000000
900.000000000	100.000000000	0.244164134	127.442782997	0.000000000	0.000000000	0.000000000	0.000000000	0.000000000
1000.000000000	100.000000000	0.201845612	127.442782997	0.000000000	0.000000000	0.000000000	0.000000000	0.000000000
-1000.000000000	200.000000000	0.206477370	127.462762599	0.000000000	0.000000000	0.000000000	0.000000000	0.000000000
-900.000000000	200.000000000	0.245225075	127.462762599	0.000000000	0.000000000	0.000000000	0.000000000	0.000000000
-800.000000000	200.000000000	0.306822467	127.462762599	0.000000000	0.000000000	0.000000000	0.000000000	0.000000000
-700.000000000	200.000000000	0.419044005	127.462762599	0.000000000	0.000000000	0.000000000	0.000000000	0.000000000
-600.000000000	200.000000000	0.570343315	127.462762599	0.000000000	0.000000000	0.000000000	0.000000000	0.000000000
-500.000000000	200.000000000	0.793368147	127.462762599	0.000000000	0.000000000	0.000000000	0.000000000	0.000000000
-400.000000000	200.000000000	1.029195316	127.462762599	0.000000000	0.000000000	0.000000000	0.000000000	0.000000000
-300.000000000	200.000000000	1.451009504	127.462762599	0.000000000	0.000000000	0.000000000	0.000000000	0.000000000
-200.000000000	200.000000000	1.840879991	127.462762599	0.000000000	0.000000000	0.000000000	0.000000000	0.000000000
-100.000000000	200.000000000	2.149819592	127.462762599	0.000000000	0.000000000	0.000000000	0.000000000	0.000000000
0.000000000	200.000000000	2.347271543	127.462762599	0.000000000	0.000000000	0.000000000	0.000000000	0.000000000
100.000000000	200.000000000	2.182952023	127.462762599	0.000000000	0.000000000	0.000000000	0.000000000	0.000000000
200.000000000	200.000000000	1.862251835	127.462762599	0.000000000	0.000000000	0.000000000	0.000000000	0.000000000
300.000000000	200.000000000	1.492540867	127.462762599	0.000000000	0.000000000	0.000000000	0.000000000	0.000000000
400.000000000	200.000000000	1.134106204	127.462762599	0.000000000	0.000000000	0.000000000	0.000000000	0.000000000
500.000000000	200.000000000	0.838428411	127.462762599	0.000000000	0.000000000	0.000000000	0.000000000	0.000000000
600.000000000	200.000000000	0.587046308	127.462762599	0.000000000	0.000000000	0.000000000	0.000000000	0.000000000
700.000000000	200.000000000	0.446749233	127.462762599	0.000000000	0.000000000	0.000000000	0.000000000	0.000000000
800.000000000	200.000000000	0.325487954	127.462762599	0.000000000	0.000000000	0.000000000	0.000000000	0.000000000
900.000000000	200.000000000	0.256555737	127.462762599	0.000000000	0.000000000	0.000000000	0.000000000	0.000000000
1000.000000000	200.000000000	0.218672561	127.462762599	0.000000000	0.000000000	0.000000000	0.000000000	0.000000000
-1000.000000000	300.000000000	0.214762050	127.502713370	0.000000000	0.000000000	0.000000000	0.000000000	0.000000000
-900.000000000	300.000000000	0.263587895	127.502713370	0.000000000	0.000000000	0.000000000	0.000000000	0.000000000
-800.000000000	300.000000000	0.331235392	127.502713370	0.000000000	0.000000000	0.000000000	0.000000000	0.000000000
-700.000000000	300.000000000	0.480995596	127.502713370	0.000000000	0.000000000	0.000000000	0.000000000	0.000000000
-600.000000000	300.000000000	0.585561955	127.502713370	0.000000000	0.000000000	0.000000000	0.000000000	0.000000000
-500.000000000	300.000000000	0.802456188	127.502713370	0.000000000	0.000000000	0.000000000	0.000000000	0.000000000
-400.000000000	300.000000000	1.079283308	127.502713370	0.000000000	0.000000000	0.000000000	0.000000000	0.000000000
-300.000000000	300.000000000	1.456895408	127.502713370	0.000000000	0.000000000	0.000000000	0.000000000	0.000000000
-200.000000000	300.000000000	1.793034437	127.502713370	0.000000000	0.000000000	0.000000000	0.000000000	0.000000000
-100.000000000	300.000000000	2.090400180	127.502713370	0.000000000	0.000000000	0.000000000	0.000000000	0.000000000
0.000000000	300.000000000	2.259985740	127.502713370	0.000000000	0.000000000	0.000000000	0.000000000	0.000000000
100.000000000	300.000000000	2.171487686	127.502713370	0.000000000	0.000000000	0.000000000	0.000000000	0.000000000
200.000000000	300.000000000	1.911110049	127.502713370	0.000000000	0.000000000	0.000000000	0.000000000	0.000000000
300.000000000	300.000000000	1.507078537	127.502713370	0.000000000	0.000000000	0.000000000	0.000000000	0.000000000
400.000000000	300.000000000	1.177175017	127.502713370	0.000000000	0.000000000	0.000000000	0.000000000	0.000000000
500.000000000	300.000000000	0.848094417	127.502713370	0.000000000	0.000000000	0.000000000	0.000000000	0.000000000
600.000000000	300.000000000	0.631982592	127.502713370	0.000000000	0.000000000	0.000000000	0.000000000	0.000000000
700.000000000	300.000000000	0.470497262	127.502713370	0.000000000	0.000000000	0.000000000	0.000000000	0.000000000
800.000000000	300.000000000	0.343546500	127.502713370	0.000000000	0.000000000	0.000000000	0.000000000	0.000000000
900.000000000	300.000000000	0.272279887	127.502713370	0.000000000	0.000000000	0.000000000	0.000000000	0.000000000
1000.000000000	300.000000000	0.227325915	127.502713370	0.000000000	0.000000000	0.000000000	0.000000000	0.000000000
-1000.000000000	400.000000000	0.216825976	127.342842876	0.000000000	0.000000000	0.000000000	0.000000000	0.000000000
-900.000000000	400.000000000	0.275074719	127.342842876	0.000000000	0.000000000	0.000000000	0.000000000	0.000000000
-800.000000000	400.000000000	0.345480026	127.342842876	0.000000000	0.000000000	0.000000000	0.000000000	0.000000000
-700.000000000	400.000000000	0.437295744	127.342842876	0.000000000	0.000000000	0.000000000	0.000000000	0.000000000
-600.000000000	400.000000000	0.592779258	127.342842876	0.000000000	0.000000000	0.000000000	0.000000000	0.000000000
-500.000000000	400.000000000	0.806078527	127.342842876	0.000000000	0.000000000	0.000000000	0.000000000	0.000000000
-400.000000000	400.000000000	1.096433878	127.342842876	0.000000000	0.000000000	0.000000000	0.000000000	0.000000000
-300.000000000	400.000000000	1.437252657	127.342842876	0.000000000	0.000000000	0.000000000	0.000000000	0.000000000
-200.000000000	400.000000000	1.759572020	127.342842876	0.000000000	0.000000000	0.000000000	0.000000000	0.000000000
-100.000000000	400.000000000	2.059848488	127.342842876	0.000000000	0.000000000	0.000000000	0.000000000	0.000000000
0.000000000	400.000000000	2.199096435	127.342842876	0.000000000	0.000000000	0.000000000	0.000000000	0.000000000
100.000000000	400.000000000	2.107885667	127.342842876	0.000000000	0.000000000	0.000000000	0.000000000	0.000000000
200.000000000	400.000000000	1.908249204	127.342842876	0.000000000	0.000000000	0.000000000	0.000000000	0.000000000
300.000000000	400.000000000	1.521249147	127.342842876	0.000000000	0.000000000	0.000000000	0.000000000	0.000000000
400.000000000	400.000000000	1.196228528	127.342842876	0.000000000	0.000000000	0.000000000	0.000000000	0.000000000
500.000000000	400.000000000	0.869583735	127.342842876	0.000000000	0.000000000	0.000000000	0.000000000	0.000000000
600.000000000	400.000000000	0.628627505	127.342842876	0.000000000	0.000000000	0.000000000	0.000000000	0.000000000
700.000000000	400.000000000	0.488765101	127.342842876	0.000000000	0.000000000	0.000000000	0.000000000	0.000000000
800.000000000	400.000000000	0.360783983	127.342842876	0.000000000	0.000000000	0.000000000	0.000000000	0.000000000
900.000000000	400.000000000	0.282697721	127.342842876	0.000000000	0.000000000	0.000000000	0.000000000	0.000000000
1000.000000000	400.000000000	0.233533791	127.342842876	0.000000000	0.000000000	0.000000000	0.000000000	0.000000000
-1000.000000000	500.000000000	0.221895634	127.212816019	0.000000000	0.000000000	0.000000000	0.000000000	0.000000000
-900.000000000	500.000000000	0.264428278	127.212816019	0.000000000	0.000000000	0.000000000	0.000000000	0.000000000
-800.000000000	500.000000000	0.340265469	127.212816019	0.000000000	0.000000000	0.000000000	0.000000000	0.000000000
-700.000000000	500.000000000	0.468687704	127.212816019	0.000000000	0.000000000	0.000000000	0.000000000	0.000000000
-600.000000000	500.000000000	0.631507663	127.212816019	0.000000000	0.000000000	0.000000000	0.000000000	0.000000000
-500.000000000	500.000000000	0.866705182	127.212816019	0.000000000	0.000000000	0.000000000	0.000000000	0.000000000
-400.000000000	500.000000000	1.141515097	127.212816019	0.000000000	0.000000000	0.000000000	0.000000000	0.000000000
-300.000000000	500.000000000	1.474409836	127.212816019	0.000000000	0.000000000	0.000000000	0.000000000	0.000000000
-200.000000000	500.000000000	1.839194398	127.212816019	0.000000000	0.000000000	0.000000000	0.000000000	0.000000000
-100.000000000	500.000000000	2.076709310	127.212816019	0.000000000	0.000000000	0.000000000	0.000000000	0.000000000
0.000000000	500.000000000	2.237319481	127.212816019	0.000000000	0.000000000	0.000000000	0.000000000	0.000000000
100.000000000	500.000000000	2.116711316	127.212816019	0.000000000	0.000000000	0.000000000	0.000000000	0.000000000
200.000000000	500.000000000	1.864430073	127.212816019	0.000000000	0.000000000	0.000000000	0.000000000	0.000000000
300.000000000	500.000000000	1.511645907	127.212816019	0.000000000	0.000000000	0.000000000	0.000000000	0.000000000
400.000000000	500.000000000	1.221254869	127.212816019	0.000000000	0.000000000	0.000000000	0.000000000	0.000000000
500.000000000	500.000000000	0.875158912	127.212816019	0.000000000	0.000000000	0.000000000	0.000000000	0.000000000
600.000000000	500.000000000	0.663248987	127.212816019	0.000000000	0.000000000	0.000000000	0.000000000	0.000000000
700.000000000	500.000000000	0.494697681	127.212816019	0.000000000	0.000000000	0.000000000	0.000000000	0.000000000
800.000000000	500.000000000	0.356036309	127.212816019	0.000000000	0.000000000	0.000000000	0.000000000	0.000000000
900.000000000	500.000000000	0.279427960	127.212816019	0.000000000	0.000000000	0.000000000	0.000000000	0.000000000
1000.000000000	500.000000000	0.230457221	127.212816019	0.000000000	0.000000000	0.000000000	0.000000000	0.000000000
-1000.000000000	600.000000000	0.232783565	127.302847203	0.000000000	0.000000000	0.000000000	0.000000000	0.000000000
-900.000000000	600.000000000	0.283306273	127.302847203	0.000000000	0.000000000	0.000000000	0.000000000	0.000000000
-800.000000000	600.000000000	0.368931821	127.302847203	0.000000000	0.000000000	0.000000000	0.000000000	0.000000000
-700.000000000	600.000000000	0.497463535	127.302847203	0.000000000	0.000000000	0.000000000	0.000000000	0.000000000
-600.000000000	600.000000000	0.623372702	127.302847203	0.000000000	0.000000000	0.000000000	0.000000000	0.000000000
-500.000000000	600.000000000	0.856837934	127.302847203	0.000000000	0.000000000	0.000000000	0.000000000	0.000000000
-400.000000000	600.000000000	1.196592369	127.302847203	0.000000000	0.000000000	0.000000000	0.000000000	0.000000000
-300.000000000	600.000000000	1.497303041	127.302847203	0.000000000	0.000000000	0.000000000	0.000000000	0.000000000
-200.000000000	600.000000000	1.851751860	127.302847203	0.000000000	0.000000000	0.000000000	0.000000000	0.000000000
-100.000000000	600.000000000	2.078192059	127.302847203	0.000000000	0.000000000	0.000000000	0.000000000	0.000000000
0.000000000	600.000000000	2.208369654	127.302847203	0.000000000	0.000000000	0.000000000	0.000000000	0.000000000
100.000000000	600.000000000	2.153324418	127.302847203	0.000000000	0.000000000	0.000000000	0.000000000	0.000000000
200.000000000	600.000000000	1.957337641	127.302847203	0.000000000	0.000000000	0.000000000	0.000000000	0.000000000
300.000000000	600.000000000	1.639904233	127.302847203	0.000000000	0.000000000	0.000000000	0.000000000	0.000000000
400.000000000	600.000000000	1.266096223	127.302847203	0.000000000	0.000000000	0.000000000	0.000000000	0.000000000
500.000000000	600.000000000	0.953394969	127.302847203	0.000000000	0.000000000	0.000000000	0.000000000	0.000000000
600.000000000	600.000000000	0.668159265	127.302847203	0.000000000	0.000000000	0.000000000	0.000000000	0.000000000
700.000000000	600.000000000	0.490255893	127.302847203	0.000000000	0.000000000	0.000000000	0.000000000	0.000000000
800.000000000	600.000000000	0.378279054	127.302847203	0.000000000	0.000000000	0.000000000	0.000000000	0.000000000
900.000000000	600.000000000	0.293828752	127.302847203	0.000000000	0.000000000	0.000000000	0.000000000	0.000000000
1000.000000000	600.000000000	0.241552833	127.302847203	0.000000000	0.000000000	0.000000000	0.000000000	0.000000000
-1000.000000000	700.000000000	0.249233792	127.332845008	0.000000000	0.000000000	0.000000000	0.000000000	0.000000000
-900.000000000	700.000000000	0.322797767	127.332845008	0.000000000	0.000000000	0.000000000	0.000000000	0.000000000
-800.000000000	700.000000000	0.395587375	127.332845008	0.000000000	0.000000000	0.000000000	0.000000000	0.000000000
-700.000000000	700.000000000	0.546371503	127.332845008	0.000000000	0.000000000	0.000000000	0.000000000	0.000000000
-600.000000000	700.000000000	0.734013341	127.332845008	0.000000000	0.000000000	0.000000000	0.000000000	0.000000000
-500.000000000	700.000000000	1.006224760	127.332845008	0.000000000	0.000000000	0.000000000	0.000000000	0.000000000
-400.000000000	700.000000000	1.360933939	127.332845008	0.000000000	0.000000000	0.000000000	0.000000000	0.000000000
-300.000000000	700.000000000	1.684476778	127.332845008	0.000000000	0.000000000	0.000000000	0.000000000	0.000000000
-200.000000000	700.000000000	2.022836132	127.332845008	0.000000000	0.000000000	0.000000000	0.000000000	0.000000000
-100.000000000	700.000000000	2.268544150	127.332845008	0.000000000	0.000000000	0.000000000	0.000000000	0.000000000
0.000000000	700.000000000	2.396735179	127.332845008	0.000000000	0.000000000	0.000000000	0.000000000	0.000000000
100.000000000	700.000000000	2.307303314	127.332845008	0.000000000	0.000000000	0.000000000	0.000000000	0.000000000
200.000000000	700.000000000	2.100914656	127.332845008	0.000000000	0.000000000	0.000000000	0.000000000	0.000000000
300.000000000	700.000000000	1.774170872	127.332845008	0.000000000	0.000000000	0.000000000	0.000000000	0.000000000
400.000000000	700.000000000	1.420061824	127.332845008	0.000000000	0.000000000	0.000000000	0.000000000	0.000000000
500.000000000	700.000000000	1.078634506	127.332845008	0.000000000	0.000000000	0.000000000	0.000000000	0.000000000
600.000000000	700.000000000	0.807987900	127.332845008	0.000000000	0.000000000	0.000000000	0.000000000	0.000000000
700.000000000	700.000000000	0.665061787	127.332845008	0.000000000	0.000000000	0.000000000	0.000000000	0.000000000
800.000000000	700.000000000	0.432448254	127.332845008	0.000000000	0.000000000	0.000000000	0.000000000	0.000000000
900.000000000	700.000000000	0.327469774	127.332845008	0.000000000	0.000000000	0.000000000	0.000000000	0.000000000
1000.000000000	700.000000000	0.281269716	127.332845008	0.000000000	0.000000000	0.000000000	0.000000000	0.000000000
-1000.000000000	800.000000000	0.271526442	127.592561434	0.000000000	0.000000000	0.000000000	0.000000000	0.000000000
-900.000000000	800.000000000	0.355986402	127.592561434	0.000000000	0.000000000	0.000000000	0.000000000	0.000000000
-800.000000000	800.000000000	0.439593109	127.592561434	0.000000000	0.000000000	0.000000000	0.000000000	0.000000000
-700.000000000	800.000000000	0.596171374	127.592561434	0.000000000	0.000000000	0.000000000	0.000000000	0.000000000
-600.000000000	800.000000000	0.787781698	127.592561434	0.000000000	0.000000000	0.000000000	0.000000000	0.000000000
-500.000000000	800.000000000	1.066658251	127.592561434	0.000000000	0.000000000	0.000000000	0.000000000	0.000000000
-400.000000000	800.000000000	1.375610062	127.592561434	0.000000000	0.000000000	0.000000000	0.000000000	0.000000000
-300.000000000	800.000000000	1.734347611	127.592561434	0.000000000	0.000000000	0.000000000	0.000000000	0.000000000
-200.000000000	800.000000000	2.087957913	127.592561434	0.000000000	0.000000000	0.000000000	0.000000000	0.000000000
-100.000000000	800.000000000	2.271287481	127.592561434	0.000000000	0.000000000	0.000000000	0.000000000	0.000000000
0.000000000	800.000000000	2.408969070	127.592561434	0.000000000	0.000000000	0.000000000	0.000000000	0.000000000
100.000000000	800.000000000	2.340886546	127.592561434	0.000000000	0.000000000	0.000000000	0.000000000	0.000000000
200.000000000	800.000000000	2.119620474	127.592561434	0.000000000	0.000000000	0.000000000	0.000000000	0.000000000
300.000000000	800.000000000	1.817693762	127.592561434	0.000000000	0.000000000	0.000000000	0.000000000	0.000000000
400.000000000	800.000000000	1.545283792	127.592561434	0.000000000	0.000000000	0.000000000	0.000000000	0.000000000
500.000000000	800.000000000	1.206282536	127.592561434	0.000000000	0.000000000	0.000000000	0.000000000	0.000000000
600.000000000	800.000000000	0.779693474	127.592561434	0.000000000	0.000000000	0.000000000	0.000000000	0.000000000
700.000000000	800.000000000	0.599249555	127.592561434	0.000000000	0.000000000	0.000000000	0.000000000	0.000000000
800.000000000	800.000000000	0.485070319	127.592561434	0.000000000	0.000000000	0.000000000	0.000000000	0.000000000
900.000000000	800.000000000	0.363282589	127.592561434	0.000000000	0.000000000	0.000000000	0.000000000	0.000000000
1000.000000000	800.000000000	0.293199270	127.592561434	0.000000000	0.000000000	0.000000000	0.000000000	0.000000000
-1000.000000000	900.000000000	0.299500522	127.402815367	0.000000000	0.000000000	0.000000000	0.000000000	0.000000000
-900.000000000	900.000000000	0.386827764	127.402815367	0.000000000	0.000000000	0.000000000	0.000000000	0.000000000
-800.000000000	900.000000000	0.469090186	127.402815367	0.000000000	0.000000000	0.000000000	0.000000000	0.000000000
-700.000000000	900.000000000	0.643871904	127.402815367	0.000000000	0.000000000	0.000000000	0.000000000	0.000000000
-600.000000000	900.000000000	0.858306188	127.402815367	0.000000000	0.000000000	0.000000000	0.000000000	0.000000000
-500.000000000	900.000000000	1.127840361	127.402815367	0.000000000	0.000000000	0.000000000	0.000000000	0.000000000
-400.000000000	900.000000000	1.366209677	127.402815367	0.000000000	0.000000000	0.000000000	0.000000000	0.000000000
-300.000000000	900.000000000	1.689448244	127.402815367	0.000000000	0.000000000	0.000000000	0.000000000	0.000000000
-200.000000000	900.000000000	2.005147801	127.402815367	0.000000000	0.000000000	0.000000000	0.000000000	0.000000000
-100.000000000	900.000000000	2.192141523	127.402815367	0.000000000	0.000000000	0.000000000	0.000000000	0.000000000
0.000000000	900.000000000	2.281771368	127.402815367	0.000000000	0.000000000	0.000000000	0.000000000	0.000000000
100.000000000	900.000000000	2.258044162	127.402815367	0.000000000	0.000000000	0.000000000	0.000000000	0.000000000
200.000000000	900.000000000	2.080634327	127.402815367	0.000000000	0.000000000	0.000000000	0.000000000	0.000000000
300.000000000	900.000000000	1.726426749	127.402815367	0.000000000	0.000000000	0.000000000	0.000000000	0.000000000
400.000000000	900.000000000	1.371306954	127.402815367	0.000000000	0.000000000	0.000000000	0.000000000	0.000000000
500.000000000	900.000000000	1.097678350	127.402815367	0.000000000	0.000000000	0.000000000	0.000000000	0.000000000
600.000000000	900.000000000	0.864591346	127.402815367	0.000000000	0.000000000	0.000000000	0.000000000	0.000000000
700.000000000	900.000000000	0.659468878	127.402815367	0.000000000	0.000000000	0.000000000	0.000000000	0.000000000
800.000000000	900.000000000	0.481125999	127.402815367	0.000000000	0.000000000	0.000000000	0.000000000	0.000000000
900.000000000	900.000000000	0.399702347	127.402815367	0.000000000	0.000000000	0.000000000	0.000000000	0.000000000
1000.000000000	900.000000000	0.311441346	127.402815367	0.000000000	0.000000000	0.000000000	0.000000000	0.000000000
-1000.000000000	1000.000000000	0.301427604	127.312847171	0.000000000	0.000000000	0.000000000	0.000000000	0.000000000
-900.000000000	1000.000000000	0.368814296	127.312847171	0.000000000	0.000000000	0.000000000	0.000000000	0.000000000
-800.000000000	1000.000000000	0.496640863	127.312847171	0.000000000	0.000000000	0.000000000	0.000000000	0.000000000
-700.000000000	1000.000000000	0.660843756	127.312847171	0.000000000	0.000000000	0.000000000	0.000000000	0.000000000
-600.000000000	1000.000000000	0.835290662	127.312847171	0.000000000	0.000000000	0.000000000	0.000000000	0.000000000
-500.000000000	1000.000000000	1.058006493	127.312847171	0.000000000	0.000000000	0.000000000	0.000000000	0.000000000
-400.000000000	1000.000000000	1.413878084	127.312847171	0.000000000	0.000000000	0.000000000	0.000000000	0.000000000
-300.000000000	1000.000000000	1.725967921	127.312847171	0.000000000	0.000000000	0.000000000	0.000000000	0.000000000
-200.000000000	1000.000000000	1.941676220	127.312847171	0.000000000	0.000000000	0.000000000	0.000000000	0.000000000
-100.000000000	1000.000000000	2.140663901	127.312847171	0.000000000	0.000000000	0.000000000	0.000000000	0.000000000
0.000000000	1000.000000000	2.217063296	127.312847171	0.000000000	0.000000000	0.000000000	0.000000000	0.000000000
100.000000000	1000.000000000	1.938688767	127.312847171	0.000000000	0.000000000	0.000000000	0.000000000	0.000000000
200.000000000	1000.000000000	2.110149240	127.312847171	0.000000000	0.000000000	0.000000000	0.000000000	0.000000000
300.000000000	1000.000000000	1.796629418	127.312847171	0.000000000	0.000000000	0.000000000	0.000000000	0.000000000
400.000000000	1000.000000000	1.548994678	127.312847171	0.000000000	0.000000000	0.000000000	0.000000000	0.000000000
500.000000000	1000.000000000	1.171337419	127.312847171	0.000000000	0.000000000	0.000000000	0.000000000	0.000000000
600.000000000	1000.000000000	0.931366324	127.312847171	0.000000000	0.000000000	0.000000000	0.000000000	0.000000000
700.000000000	1000.000000000	0.700348151	127.312847171	0.000000000	0.000000000	0.000000000	0.000000000	0.000000000
800.000000000	1000.000000000	0.509982326	127.312847171	0.000000000	0.000000000	0.000000000	0.000000000	0.000000000
900.000000000	1000.000000000	0.395714559	127.312847171	0.000000000	0.000000000	0.000000000	0.000000000	0.000000000
1000.000000000	1000.000000000	0.316425679	127.312847171	0.000000000	0.000000000	0.000000000	0.000000000	0.000000000
