Set Temp (deg C)	129.000000	Laser Power (uW)	788	Laser Detuning (GHz)	12
X  Field (nT)	Z  Field (nT)	Photodiode Voltage (V)	Temperature (C) 2D	Y  Field (nT)	Photodiode Voltage (V)	Temperature (C) 1D	Frequency (Hz)	Photodiode Voltage (V)		
-1000.000000000	-1000.000000000	0.097013661	129.347798244	-1000.000000000	NaN	129.377351767	0.000000000	0.000000000
-900.000000000	-1000.000000000	0.113328652	129.347798244	-960.000000000	NaN	129.377351767	0.000000000	0.000000000
-800.000000000	-1000.000000000	0.136353815	129.347798244	-920.000000000	NaN	129.377351767	0.000000000	0.000000000
-700.000000000	-1000.000000000	0.181240167	129.347798244	-880.000000000	NaN	129.377351767	0.000000000	0.000000000
-600.000000000	-1000.000000000	0.283948633	129.347798244	-840.000000000	NaN	129.377351767	0.000000000	0.000000000
-500.000000000	-1000.000000000	0.427207943	129.347798244	-800.000000000	NaN	129.377351767	0.000000000	0.000000000
-400.000000000	-1000.000000000	0.614134940	129.347798244	-760.000000000	NaN	129.377351767	0.000000000	0.000000000
-300.000000000	-1000.000000000	0.784697077	129.347798244	-720.000000000	NaN	129.377351767	0.000000000	0.000000000
-200.000000000	-1000.000000000	1.031119080	129.347798244	-680.000000000	NaN	129.377351767	0.000000000	0.000000000
-100.000000000	-1000.000000000	1.026559866	129.347798244	-640.000000000	NaN	129.377351767	0.000000000	0.000000000
0.000000000	-1000.000000000	1.349593674	129.347798244	-600.000000000	NaN	129.377351767	0.000000000	0.000000000
100.000000000	-1000.000000000	1.151915234	129.347798244	-560.000000000	NaN	129.377351767	0.000000000	0.000000000
200.000000000	-1000.000000000	1.006934738	129.347798244	-520.000000000	NaN	129.377351767	0.000000000	0.000000000
300.000000000	-1000.000000000	0.812426472	129.347798244	-480.000000000	NaN	129.377351767	0.000000000	0.000000000
400.000000000	-1000.000000000	0.569261444	129.347798244	-440.000000000	NaN	129.377351767	0.000000000	0.000000000
500.000000000	-1000.000000000	0.399412561	129.347798244	-400.000000000	NaN	129.377351767	0.000000000	0.000000000
600.000000000	-1000.000000000	0.244882161	129.347798244	-360.000000000	NaN	129.377351767	0.000000000	0.000000000
700.000000000	-1000.000000000	0.185973350	129.347798244	-320.000000000	NaN	129.377351767	0.000000000	0.000000000
800.000000000	-1000.000000000	0.131949057	129.347798244	-280.000000000	NaN	129.377351767	0.000000000	0.000000000
900.000000000	-1000.000000000	0.111635010	129.347798244	-240.000000000	NaN	129.377351767	0.000000000	0.000000000
1000.000000000	-1000.000000000	0.095741820	129.347798244	-200.000000000	NaN	129.377351767	0.000000000	0.000000000
-1000.000000000	-900.000000000	0.094230099	129.288671290	-160.000000000	NaN	129.377351767	0.000000000	0.000000000
-900.000000000	-900.000000000	0.104229350	129.288671290	-120.000000000	NaN	129.377351767	0.000000000	0.000000000
-800.000000000	-900.000000000	0.121481318	129.288671290	-80.000000000	NaN	129.377351767	0.000000000	0.000000000
-700.000000000	-900.000000000	0.171324631	129.288671290	-40.000000000	NaN	129.377351767	0.000000000	0.000000000
-600.000000000	-900.000000000	0.252046333	129.288671290	0.000000000	NaN	129.377351767	0.000000000	0.000000000
-500.000000000	-900.000000000	0.361250861	129.288671290	40.000000000	NaN	129.377351767	0.000000000	0.000000000
-400.000000000	-900.000000000	0.527187615	129.288671290	80.000000000	NaN	129.377351767	0.000000000	0.000000000
-300.000000000	-900.000000000	0.803080840	129.288671290	120.000000000	NaN	129.377351767	0.000000000	0.000000000
-200.000000000	-900.000000000	1.339865111	129.288671290	160.000000000	NaN	129.377351767	0.000000000	0.000000000
-100.000000000	-900.000000000	1.119278761	129.288671290	200.000000000	NaN	129.377351767	0.000000000	0.000000000
0.000000000	-900.000000000	1.202826014	129.288671290	240.000000000	NaN	129.377351767	0.000000000	0.000000000
100.000000000	-900.000000000	1.141948166	129.288671290	280.000000000	NaN	129.377351767	0.000000000	0.000000000
200.000000000	-900.000000000	1.018819229	129.288671290	320.000000000	NaN	129.377351767	0.000000000	0.000000000
300.000000000	-900.000000000	0.772841573	129.288671290	360.000000000	NaN	129.377351767	0.000000000	0.000000000
400.000000000	-900.000000000	0.573994630	129.288671290	400.000000000	NaN	129.377351767	0.000000000	0.000000000
500.000000000	-900.000000000	0.389194357	129.288671290	440.000000000	NaN	129.377351767	0.000000000	0.000000000
600.000000000	-900.000000000	0.244878942	129.288671290	480.000000000	NaN	129.377351767	0.000000000	0.000000000
700.000000000	-900.000000000	0.171300482	129.288671290	520.000000000	NaN	129.377351767	0.000000000	0.000000000
800.000000000	-900.000000000	0.122902883	129.288671290	560.000000000	NaN	129.377351767	0.000000000	0.000000000
900.000000000	-900.000000000	0.106880898	129.288671290	600.000000000	NaN	129.377351767	0.000000000	0.000000000
1000.000000000	-900.000000000	0.091784621	129.288671290	640.000000000	NaN	129.377351767	0.000000000	0.000000000
-1000.000000000	-800.000000000	0.087302587	129.278814219	680.000000000	NaN	129.377351767	0.000000000	0.000000000
-900.000000000	-800.000000000	0.101014328	129.278814219	720.000000000	NaN	129.377351767	0.000000000	0.000000000
-800.000000000	-800.000000000	0.113682836	129.278814219	760.000000000	NaN	129.377351767	0.000000000	0.000000000
-700.000000000	-800.000000000	0.143880220	129.278814219	800.000000000	NaN	129.377351767	0.000000000	0.000000000
-600.000000000	-800.000000000	0.206115136	129.278814219	840.000000000	NaN	129.377351767	0.000000000	0.000000000
-500.000000000	-800.000000000	0.319426581	129.278814219	880.000000000	NaN	129.377351767	0.000000000	0.000000000
-400.000000000	-800.000000000	0.515370752	129.278814219	920.000000000	NaN	129.377351767	0.000000000	0.000000000
-300.000000000	-800.000000000	0.717909238	129.278814219	960.000000000	NaN	129.377351767	0.000000000	0.000000000
-200.000000000	-800.000000000	0.933119535	129.278814219	1000.000000000	NaN	129.377351767	0.000000000	0.000000000
-100.000000000	-800.000000000	1.132794112	129.278814219	0.000000000	0.000000000	0.000000000	0.000000000	0.000000000
0.000000000	-800.000000000	1.213804118	129.278814219	0.000000000	0.000000000	0.000000000	0.000000000	0.000000000
100.000000000	-800.000000000	1.134416920	129.278814219	0.000000000	0.000000000	0.000000000	0.000000000	0.000000000
200.000000000	-800.000000000	0.920269091	129.278814219	0.000000000	0.000000000	0.000000000	0.000000000	0.000000000
300.000000000	-800.000000000	0.692277585	129.278814219	0.000000000	0.000000000	0.000000000	0.000000000	0.000000000
400.000000000	-800.000000000	0.507649542	129.278814219	0.000000000	0.000000000	0.000000000	0.000000000	0.000000000
500.000000000	-800.000000000	0.323098824	129.278814219	0.000000000	0.000000000	0.000000000	0.000000000	0.000000000
600.000000000	-800.000000000	0.205574201	129.278814219	0.000000000	0.000000000	0.000000000	0.000000000	0.000000000
700.000000000	-800.000000000	0.148426651	129.278814219	0.000000000	0.000000000	0.000000000	0.000000000	0.000000000
800.000000000	-800.000000000	0.115888435	129.278814219	0.000000000	0.000000000	0.000000000	0.000000000	0.000000000
900.000000000	-800.000000000	0.098535041	129.278814219	0.000000000	0.000000000	0.000000000	0.000000000	0.000000000
1000.000000000	-800.000000000	0.087661601	129.278814219	0.000000000	0.000000000	0.000000000	0.000000000	0.000000000
-1000.000000000	-700.000000000	0.086093533	129.249238591	0.000000000	0.000000000	0.000000000	0.000000000	0.000000000
-900.000000000	-700.000000000	0.094012759	129.249238591	0.000000000	0.000000000	0.000000000	0.000000000	0.000000000
-800.000000000	-700.000000000	0.104171393	129.249238591	0.000000000	0.000000000	0.000000000	0.000000000	0.000000000
-700.000000000	-700.000000000	0.130891336	129.249238591	0.000000000	0.000000000	0.000000000	0.000000000	0.000000000
-600.000000000	-700.000000000	0.176112552	129.249238591	0.000000000	0.000000000	0.000000000	0.000000000	0.000000000
-500.000000000	-700.000000000	0.284747157	129.249238591	0.000000000	0.000000000	0.000000000	0.000000000	0.000000000
-400.000000000	-700.000000000	0.452710792	129.249238591	0.000000000	0.000000000	0.000000000	0.000000000	0.000000000
-300.000000000	-700.000000000	0.698375990	129.249238591	0.000000000	0.000000000	0.000000000	0.000000000	0.000000000
-200.000000000	-700.000000000	0.952459600	129.249238591	0.000000000	0.000000000	0.000000000	0.000000000	0.000000000
-100.000000000	-700.000000000	1.138266259	129.249238591	0.000000000	0.000000000	0.000000000	0.000000000	0.000000000
0.000000000	-700.000000000	1.180369115	129.249238591	0.000000000	0.000000000	0.000000000	0.000000000	0.000000000
100.000000000	-700.000000000	1.139565472	129.249238591	0.000000000	0.000000000	0.000000000	0.000000000	0.000000000
200.000000000	-700.000000000	0.895704811	129.249238591	0.000000000	0.000000000	0.000000000	0.000000000	0.000000000
300.000000000	-700.000000000	0.698052394	129.249238591	0.000000000	0.000000000	0.000000000	0.000000000	0.000000000
400.000000000	-700.000000000	0.421566760	129.249238591	0.000000000	0.000000000	0.000000000	0.000000000	0.000000000
500.000000000	-700.000000000	0.276476965	129.249238591	0.000000000	0.000000000	0.000000000	0.000000000	0.000000000
600.000000000	-700.000000000	0.181418868	129.249238591	0.000000000	0.000000000	0.000000000	0.000000000	0.000000000
700.000000000	-700.000000000	0.133331984	129.249238591	0.000000000	0.000000000	0.000000000	0.000000000	0.000000000
800.000000000	-700.000000000	0.105175986	129.249238591	0.000000000	0.000000000	0.000000000	0.000000000	0.000000000
900.000000000	-700.000000000	0.092014841	129.249238591	0.000000000	0.000000000	0.000000000	0.000000000	0.000000000
1000.000000000	-700.000000000	0.083213375	129.249238591	0.000000000	0.000000000	0.000000000	0.000000000	0.000000000
-1000.000000000	-600.000000000	0.081033535	129.229517827	0.000000000	0.000000000	0.000000000	0.000000000	0.000000000
-900.000000000	-600.000000000	0.088471394	129.229517827	0.000000000	0.000000000	0.000000000	0.000000000	0.000000000
-800.000000000	-600.000000000	0.095596926	129.229517827	0.000000000	0.000000000	0.000000000	0.000000000	0.000000000
-700.000000000	-600.000000000	0.120574929	129.229517827	0.000000000	0.000000000	0.000000000	0.000000000	0.000000000
-600.000000000	-600.000000000	0.158508009	129.229517827	0.000000000	0.000000000	0.000000000	0.000000000	0.000000000
-500.000000000	-600.000000000	0.237932109	129.229517827	0.000000000	0.000000000	0.000000000	0.000000000	0.000000000
-400.000000000	-600.000000000	0.403348831	129.229517827	0.000000000	0.000000000	0.000000000	0.000000000	0.000000000
-300.000000000	-600.000000000	0.619729437	129.229517827	0.000000000	0.000000000	0.000000000	0.000000000	0.000000000
-200.000000000	-600.000000000	0.922149487	129.229517827	0.000000000	0.000000000	0.000000000	0.000000000	0.000000000
-100.000000000	-600.000000000	1.094028642	129.229517827	0.000000000	0.000000000	0.000000000	0.000000000	0.000000000
0.000000000	-600.000000000	1.193850659	129.229517827	0.000000000	0.000000000	0.000000000	0.000000000	0.000000000
100.000000000	-600.000000000	1.099478250	129.229517827	0.000000000	0.000000000	0.000000000	0.000000000	0.000000000
200.000000000	-600.000000000	0.928698674	129.229517827	0.000000000	0.000000000	0.000000000	0.000000000	0.000000000
300.000000000	-600.000000000	0.676348965	129.229517827	0.000000000	0.000000000	0.000000000	0.000000000	0.000000000
400.000000000	-600.000000000	0.413140404	129.229517827	0.000000000	0.000000000	0.000000000	0.000000000	0.000000000
500.000000000	-600.000000000	0.244783956	129.229517827	0.000000000	0.000000000	0.000000000	0.000000000	0.000000000
600.000000000	-600.000000000	0.151537029	129.229517827	0.000000000	0.000000000	0.000000000	0.000000000	0.000000000
700.000000000	-600.000000000	0.119143705	129.229517827	0.000000000	0.000000000	0.000000000	0.000000000	0.000000000
800.000000000	-600.000000000	0.097693050	129.229517827	0.000000000	0.000000000	0.000000000	0.000000000	0.000000000
900.000000000	-600.000000000	0.088041543	129.229517827	0.000000000	0.000000000	0.000000000	0.000000000	0.000000000
1000.000000000	-600.000000000	0.080215693	129.229517827	0.000000000	0.000000000	0.000000000	0.000000000	0.000000000
-1000.000000000	-500.000000000	0.080471671	129.367501331	0.000000000	0.000000000	0.000000000	0.000000000	0.000000000
-900.000000000	-500.000000000	0.084937606	129.367501331	0.000000000	0.000000000	0.000000000	0.000000000	0.000000000
-800.000000000	-500.000000000	0.094552084	129.367501331	0.000000000	0.000000000	0.000000000	0.000000000	0.000000000
-700.000000000	-500.000000000	0.106550863	129.367501331	0.000000000	0.000000000	0.000000000	0.000000000	0.000000000
-600.000000000	-500.000000000	0.152003907	129.367501331	0.000000000	0.000000000	0.000000000	0.000000000	0.000000000
-500.000000000	-500.000000000	0.223806616	129.367501331	0.000000000	0.000000000	0.000000000	0.000000000	0.000000000
-400.000000000	-500.000000000	0.375191215	129.367501331	0.000000000	0.000000000	0.000000000	0.000000000	0.000000000
-300.000000000	-500.000000000	0.616657696	129.367501331	0.000000000	0.000000000	0.000000000	0.000000000	0.000000000
-200.000000000	-500.000000000	0.916814185	129.367501331	0.000000000	0.000000000	0.000000000	0.000000000	0.000000000
-100.000000000	-500.000000000	1.147871094	129.367501331	0.000000000	0.000000000	0.000000000	0.000000000	0.000000000
0.000000000	-500.000000000	1.237941783	129.367501331	0.000000000	0.000000000	0.000000000	0.000000000	0.000000000
100.000000000	-500.000000000	1.120882250	129.367501331	0.000000000	0.000000000	0.000000000	0.000000000	0.000000000
200.000000000	-500.000000000	0.879521816	129.367501331	0.000000000	0.000000000	0.000000000	0.000000000	0.000000000
300.000000000	-500.000000000	0.636917019	129.367501331	0.000000000	0.000000000	0.000000000	0.000000000	0.000000000
400.000000000	-500.000000000	0.384540059	129.367501331	0.000000000	0.000000000	0.000000000	0.000000000	0.000000000
500.000000000	-500.000000000	0.218582405	129.367501331	0.000000000	0.000000000	0.000000000	0.000000000	0.000000000
600.000000000	-500.000000000	0.151113618	129.367501331	0.000000000	0.000000000	0.000000000	0.000000000	0.000000000
700.000000000	-500.000000000	0.116693398	129.367501331	0.000000000	0.000000000	0.000000000	0.000000000	0.000000000
800.000000000	-500.000000000	0.091662267	129.367501331	0.000000000	0.000000000	0.000000000	0.000000000	0.000000000
900.000000000	-500.000000000	0.083495112	129.367501331	0.000000000	0.000000000	0.000000000	0.000000000	0.000000000
1000.000000000	-500.000000000	0.079687637	129.367501331	0.000000000	0.000000000	0.000000000	0.000000000	0.000000000
-1000.000000000	-400.000000000	0.078058392	129.219656341	0.000000000	0.000000000	0.000000000	0.000000000	0.000000000
-900.000000000	-400.000000000	0.082614483	129.219656341	0.000000000	0.000000000	0.000000000	0.000000000	0.000000000
-800.000000000	-400.000000000	0.087998075	129.219656341	0.000000000	0.000000000	0.000000000	0.000000000	0.000000000
-700.000000000	-400.000000000	0.102160595	129.219656341	0.000000000	0.000000000	0.000000000	0.000000000	0.000000000
-600.000000000	-400.000000000	0.130527493	129.219656341	0.000000000	0.000000000	0.000000000	0.000000000	0.000000000
-500.000000000	-400.000000000	0.179580333	129.219656341	0.000000000	0.000000000	0.000000000	0.000000000	0.000000000
-400.000000000	-400.000000000	0.326244620	129.219656341	0.000000000	0.000000000	0.000000000	0.000000000	0.000000000
-300.000000000	-400.000000000	0.541837949	129.219656341	0.000000000	0.000000000	0.000000000	0.000000000	0.000000000
-200.000000000	-400.000000000	0.835912094	129.219656341	0.000000000	0.000000000	0.000000000	0.000000000	0.000000000
-100.000000000	-400.000000000	1.093795203	129.219656341	0.000000000	0.000000000	0.000000000	0.000000000	0.000000000
0.000000000	-400.000000000	1.184775491	129.219656341	0.000000000	0.000000000	0.000000000	0.000000000	0.000000000
100.000000000	-400.000000000	1.093389500	129.219656341	0.000000000	0.000000000	0.000000000	0.000000000	0.000000000
200.000000000	-400.000000000	0.826630861	129.219656341	0.000000000	0.000000000	0.000000000	0.000000000	0.000000000
300.000000000	-400.000000000	0.523317350	129.219656341	0.000000000	0.000000000	0.000000000	0.000000000	0.000000000
400.000000000	-400.000000000	0.318199818	129.219656341	0.000000000	0.000000000	0.000000000	0.000000000	0.000000000
500.000000000	-400.000000000	0.262118033	129.219656341	0.000000000	0.000000000	0.000000000	0.000000000	0.000000000
600.000000000	-400.000000000	0.124079739	129.219656341	0.000000000	0.000000000	0.000000000	0.000000000	0.000000000
700.000000000	-400.000000000	0.100452463	129.219656341	0.000000000	0.000000000	0.000000000	0.000000000	0.000000000
800.000000000	-400.000000000	0.086698865	129.219656341	0.000000000	0.000000000	0.000000000	0.000000000	0.000000000
900.000000000	-400.000000000	0.081951193	129.219656341	0.000000000	0.000000000	0.000000000	0.000000000	0.000000000
1000.000000000	-400.000000000	0.078134058	129.219656341	0.000000000	0.000000000	0.000000000	0.000000000	0.000000000
-1000.000000000	-300.000000000	0.076735033	129.318238083	0.000000000	0.000000000	0.000000000	0.000000000	0.000000000
-900.000000000	-300.000000000	0.079062986	129.318238083	0.000000000	0.000000000	0.000000000	0.000000000	0.000000000
-800.000000000	-300.000000000	0.084681628	129.318238083	0.000000000	0.000000000	0.000000000	0.000000000	0.000000000
-700.000000000	-300.000000000	0.097055519	129.318238083	0.000000000	0.000000000	0.000000000	0.000000000	0.000000000
-600.000000000	-300.000000000	0.115514932	129.318238083	0.000000000	0.000000000	0.000000000	0.000000000	0.000000000
-500.000000000	-300.000000000	0.171677205	129.318238083	0.000000000	0.000000000	0.000000000	0.000000000	0.000000000
-400.000000000	-300.000000000	0.294387396	129.318238083	0.000000000	0.000000000	0.000000000	0.000000000	0.000000000
-300.000000000	-300.000000000	0.487065018	129.318238083	0.000000000	0.000000000	0.000000000	0.000000000	0.000000000
-200.000000000	-300.000000000	0.797713341	129.318238083	0.000000000	0.000000000	0.000000000	0.000000000	0.000000000
-100.000000000	-300.000000000	1.103094149	129.318238083	0.000000000	0.000000000	0.000000000	0.000000000	0.000000000
0.000000000	-300.000000000	1.211804586	129.318238083	0.000000000	0.000000000	0.000000000	0.000000000	0.000000000
100.000000000	-300.000000000	1.089308331	129.318238083	0.000000000	0.000000000	0.000000000	0.000000000	0.000000000
200.000000000	-300.000000000	0.835528931	129.318238083	0.000000000	0.000000000	0.000000000	0.000000000	0.000000000
300.000000000	-300.000000000	0.512579155	129.318238083	0.000000000	0.000000000	0.000000000	0.000000000	0.000000000
400.000000000	-300.000000000	0.286307176	129.318238083	0.000000000	0.000000000	0.000000000	0.000000000	0.000000000
500.000000000	-300.000000000	0.173126139	129.318238083	0.000000000	0.000000000	0.000000000	0.000000000	0.000000000
600.000000000	-300.000000000	0.116703057	129.318238083	0.000000000	0.000000000	0.000000000	0.000000000	0.000000000
700.000000000	-300.000000000	0.095756309	129.318238083	0.000000000	0.000000000	0.000000000	0.000000000	0.000000000
800.000000000	-300.000000000	0.084383791	129.318238083	0.000000000	0.000000000	0.000000000	0.000000000	0.000000000
900.000000000	-300.000000000	0.079413950	129.318238083	0.000000000	0.000000000	0.000000000	0.000000000	0.000000000
1000.000000000	-300.000000000	0.076237565	129.318238083	0.000000000	0.000000000	0.000000000	0.000000000	0.000000000
-1000.000000000	-200.000000000	0.075060710	129.249238591	0.000000000	0.000000000	0.000000000	0.000000000	0.000000000
-900.000000000	-200.000000000	0.078138888	129.249238591	0.000000000	0.000000000	0.000000000	0.000000000	0.000000000
-800.000000000	-200.000000000	0.082851142	129.249238591	0.000000000	0.000000000	0.000000000	0.000000000	0.000000000
-700.000000000	-200.000000000	0.090346957	129.249238591	0.000000000	0.000000000	0.000000000	0.000000000	0.000000000
-600.000000000	-200.000000000	0.109133185	129.249238591	0.000000000	0.000000000	0.000000000	0.000000000	0.000000000
-500.000000000	-200.000000000	0.149344309	129.249238591	0.000000000	0.000000000	0.000000000	0.000000000	0.000000000
-400.000000000	-200.000000000	0.238498803	129.249238591	0.000000000	0.000000000	0.000000000	0.000000000	0.000000000
-300.000000000	-200.000000000	0.427773027	129.249238591	0.000000000	0.000000000	0.000000000	0.000000000	0.000000000
-200.000000000	-200.000000000	0.767139208	129.249238591	0.000000000	0.000000000	0.000000000	0.000000000	0.000000000
-100.000000000	-200.000000000	1.089463083	129.249238591	0.000000000	0.000000000	0.000000000	0.000000000	0.000000000
0.000000000	-200.000000000	1.182186725	129.249238591	0.000000000	0.000000000	0.000000000	0.000000000	0.000000000
100.000000000	-200.000000000	1.068738276	129.249238591	0.000000000	0.000000000	0.000000000	0.000000000	0.000000000
200.000000000	-200.000000000	0.752606394	129.249238591	0.000000000	0.000000000	0.000000000	0.000000000	0.000000000
300.000000000	-200.000000000	0.452899154	129.249238591	0.000000000	0.000000000	0.000000000	0.000000000	0.000000000
400.000000000	-200.000000000	0.264521652	129.249238591	0.000000000	0.000000000	0.000000000	0.000000000	0.000000000
500.000000000	-200.000000000	0.154259414	129.249238591	0.000000000	0.000000000	0.000000000	0.000000000	0.000000000
600.000000000	-200.000000000	0.111155252	129.249238591	0.000000000	0.000000000	0.000000000	0.000000000	0.000000000
700.000000000	-200.000000000	0.091407899	129.249238591	0.000000000	0.000000000	0.000000000	0.000000000	0.000000000
800.000000000	-200.000000000	0.082902659	129.249238591	0.000000000	0.000000000	0.000000000	0.000000000	0.000000000
900.000000000	-200.000000000	0.077794364	129.249238591	0.000000000	0.000000000	0.000000000	0.000000000	0.000000000
1000.000000000	-200.000000000	0.075234582	129.249238591	0.000000000	0.000000000	0.000000000	0.000000000	0.000000000
-1000.000000000	-100.000000000	0.074474696	129.190067476	0.000000000	0.000000000	0.000000000	0.000000000	0.000000000
-900.000000000	-100.000000000	0.076083013	129.190067476	0.000000000	0.000000000	0.000000000	0.000000000	0.000000000
-800.000000000	-100.000000000	0.079871169	129.190067476	0.000000000	0.000000000	0.000000000	0.000000000	0.000000000
-700.000000000	-100.000000000	0.088271763	129.190067476	0.000000000	0.000000000	0.000000000	0.000000000	0.000000000
-600.000000000	-100.000000000	0.103558011	129.190067476	0.000000000	0.000000000	0.000000000	0.000000000	0.000000000
-500.000000000	-100.000000000	0.139124498	129.190067476	0.000000000	0.000000000	0.000000000	0.000000000	0.000000000
-400.000000000	-100.000000000	0.211894772	129.190067476	0.000000000	0.000000000	0.000000000	0.000000000	0.000000000
-300.000000000	-100.000000000	0.444205559	129.190067476	0.000000000	0.000000000	0.000000000	0.000000000	0.000000000
-200.000000000	-100.000000000	0.684498416	129.190067476	0.000000000	0.000000000	0.000000000	0.000000000	0.000000000
-100.000000000	-100.000000000	1.019065547	129.190067476	0.000000000	0.000000000	0.000000000	0.000000000	0.000000000
0.000000000	-100.000000000	1.192818695	129.190067476	0.000000000	0.000000000	0.000000000	0.000000000	0.000000000
100.000000000	-100.000000000	1.038998070	129.190067476	0.000000000	0.000000000	0.000000000	0.000000000	0.000000000
200.000000000	-100.000000000	0.685226104	129.190067476	0.000000000	0.000000000	0.000000000	0.000000000	0.000000000
300.000000000	-100.000000000	0.409426304	129.190067476	0.000000000	0.000000000	0.000000000	0.000000000	0.000000000
400.000000000	-100.000000000	0.222880909	129.190067476	0.000000000	0.000000000	0.000000000	0.000000000	0.000000000
500.000000000	-100.000000000	0.137614387	129.190067476	0.000000000	0.000000000	0.000000000	0.000000000	0.000000000
600.000000000	-100.000000000	0.101941645	129.190067476	0.000000000	0.000000000	0.000000000	0.000000000	0.000000000
700.000000000	-100.000000000	0.088146188	129.190067476	0.000000000	0.000000000	0.000000000	0.000000000	0.000000000
800.000000000	-100.000000000	0.080206033	129.190067476	0.000000000	0.000000000	0.000000000	0.000000000	0.000000000
900.000000000	-100.000000000	0.076609458	129.190067476	0.000000000	0.000000000	0.000000000	0.000000000	0.000000000
1000.000000000	-100.000000000	0.074070605	129.190067476	0.000000000	0.000000000	0.000000000	0.000000000	0.000000000
-1000.000000000	0.000000000	0.073289791	129.209794121	0.000000000	0.000000000	0.000000000	0.000000000	0.000000000
-900.000000000	0.000000000	0.076021835	129.209794121	0.000000000	0.000000000	0.000000000	0.000000000	0.000000000
-800.000000000	0.000000000	0.079111283	129.209794121	0.000000000	0.000000000	0.000000000	0.000000000	0.000000000
-700.000000000	0.000000000	0.085309499	129.209794121	0.000000000	0.000000000	0.000000000	0.000000000	0.000000000
-600.000000000	0.000000000	0.102278120	129.209794121	0.000000000	0.000000000	0.000000000	0.000000000	0.000000000
-500.000000000	0.000000000	0.127409066	129.209794121	0.000000000	0.000000000	0.000000000	0.000000000	0.000000000
-400.000000000	0.000000000	0.204616295	129.209794121	0.000000000	0.000000000	0.000000000	0.000000000	0.000000000
-300.000000000	0.000000000	0.378169579	129.209794121	0.000000000	0.000000000	0.000000000	0.000000000	0.000000000
-200.000000000	0.000000000	0.666449522	129.209794121	0.000000000	0.000000000	0.000000000	0.000000000	0.000000000
-100.000000000	0.000000000	1.002996854	129.209794121	0.000000000	0.000000000	0.000000000	0.000000000	0.000000000
0.000000000	0.000000000	1.238896471	129.209794121	0.000000000	0.000000000	0.000000000	0.000000000	0.000000000
100.000000000	0.000000000	1.061983016	129.209794121	0.000000000	0.000000000	0.000000000	0.000000000	0.000000000
200.000000000	0.000000000	0.705710818	129.209794121	0.000000000	0.000000000	0.000000000	0.000000000	0.000000000
300.000000000	0.000000000	0.411437102	129.209794121	0.000000000	0.000000000	0.000000000	0.000000000	0.000000000
400.000000000	0.000000000	0.219097582	129.209794121	0.000000000	0.000000000	0.000000000	0.000000000	0.000000000
500.000000000	0.000000000	0.137133020	129.209794121	0.000000000	0.000000000	0.000000000	0.000000000	0.000000000
600.000000000	0.000000000	0.101230058	129.209794121	0.000000000	0.000000000	0.000000000	0.000000000	0.000000000
700.000000000	0.000000000	0.086483135	129.209794121	0.000000000	0.000000000	0.000000000	0.000000000	0.000000000
800.000000000	0.000000000	0.079933956	129.209794121	0.000000000	0.000000000	0.000000000	0.000000000	0.000000000
900.000000000	0.000000000	0.075896261	129.209794121	0.000000000	0.000000000	0.000000000	0.000000000	0.000000000
1000.000000000	0.000000000	0.073677783	129.209794121	0.000000000	0.000000000	0.000000000	0.000000000	0.000000000
-1000.000000000	100.000000000	0.074054506	129.367501331	0.000000000	0.000000000	0.000000000	0.000000000	0.000000000
-900.000000000	100.000000000	0.075770687	129.367501331	0.000000000	0.000000000	0.000000000	0.000000000	0.000000000
-800.000000000	100.000000000	0.079029177	129.367501331	0.000000000	0.000000000	0.000000000	0.000000000	0.000000000
-700.000000000	100.000000000	0.085866533	129.367501331	0.000000000	0.000000000	0.000000000	0.000000000	0.000000000
-600.000000000	100.000000000	0.098444885	129.367501331	0.000000000	0.000000000	0.000000000	0.000000000	0.000000000
-500.000000000	100.000000000	0.130825329	129.367501331	0.000000000	0.000000000	0.000000000	0.000000000	0.000000000
-400.000000000	100.000000000	0.202980610	129.367501331	0.000000000	0.000000000	0.000000000	0.000000000	0.000000000
-300.000000000	100.000000000	0.379352875	129.367501331	0.000000000	0.000000000	0.000000000	0.000000000	0.000000000
-200.000000000	100.000000000	0.696028715	129.367501331	0.000000000	0.000000000	0.000000000	0.000000000	0.000000000
-100.000000000	100.000000000	1.047656263	129.367501331	0.000000000	0.000000000	0.000000000	0.000000000	0.000000000
0.000000000	100.000000000	1.306257516	129.367501331	0.000000000	0.000000000	0.000000000	0.000000000	0.000000000
100.000000000	100.000000000	1.078727882	129.367501331	0.000000000	0.000000000	0.000000000	0.000000000	0.000000000
200.000000000	100.000000000	0.717868990	129.367501331	0.000000000	0.000000000	0.000000000	0.000000000	0.000000000
300.000000000	100.000000000	0.410348791	129.367501331	0.000000000	0.000000000	0.000000000	0.000000000	0.000000000
400.000000000	100.000000000	0.222449448	129.367501331	0.000000000	0.000000000	0.000000000	0.000000000	0.000000000
500.000000000	100.000000000	0.135349221	129.367501331	0.000000000	0.000000000	0.000000000	0.000000000	0.000000000
600.000000000	100.000000000	0.102382765	129.367501331	0.000000000	0.000000000	0.000000000	0.000000000	0.000000000
700.000000000	100.000000000	0.087431381	129.367501331	0.000000000	0.000000000	0.000000000	0.000000000	0.000000000
800.000000000	100.000000000	0.080415324	129.367501331	0.000000000	0.000000000	0.000000000	0.000000000	0.000000000
900.000000000	100.000000000	0.076525742	129.367501331	0.000000000	0.000000000	0.000000000	0.000000000	0.000000000
1000.000000000	100.000000000	0.074397420	129.367501331	0.000000000	0.000000000	0.000000000	0.000000000	0.000000000
-1000.000000000	200.000000000	0.074944795	129.485657821	0.000000000	0.000000000	0.000000000	0.000000000	0.000000000
-900.000000000	200.000000000	0.076860607	129.485657821	0.000000000	0.000000000	0.000000000	0.000000000	0.000000000
-800.000000000	200.000000000	0.080800096	129.485657821	0.000000000	0.000000000	0.000000000	0.000000000	0.000000000
-700.000000000	200.000000000	0.087640672	129.485657821	0.000000000	0.000000000	0.000000000	0.000000000	0.000000000
-600.000000000	200.000000000	0.100479832	129.485657821	0.000000000	0.000000000	0.000000000	0.000000000	0.000000000
-500.000000000	200.000000000	0.130516223	129.485657821	0.000000000	0.000000000	0.000000000	0.000000000	0.000000000
-400.000000000	200.000000000	0.207547971	129.485657821	0.000000000	0.000000000	0.000000000	0.000000000	0.000000000
-300.000000000	200.000000000	0.369913876	129.485657821	0.000000000	0.000000000	0.000000000	0.000000000	0.000000000
-200.000000000	200.000000000	0.682218760	129.485657821	0.000000000	0.000000000	0.000000000	0.000000000	0.000000000
-100.000000000	200.000000000	1.027060451	129.485657821	0.000000000	0.000000000	0.000000000	0.000000000	0.000000000
0.000000000	200.000000000	1.237585989	129.485657821	0.000000000	0.000000000	0.000000000	0.000000000	0.000000000
100.000000000	200.000000000	1.068322916	129.485657821	0.000000000	0.000000000	0.000000000	0.000000000	0.000000000
200.000000000	200.000000000	0.721663588	129.485657821	0.000000000	0.000000000	0.000000000	0.000000000	0.000000000
300.000000000	200.000000000	0.409384446	129.485657821	0.000000000	0.000000000	0.000000000	0.000000000	0.000000000
400.000000000	200.000000000	0.222895398	129.485657821	0.000000000	0.000000000	0.000000000	0.000000000	0.000000000
500.000000000	200.000000000	0.138602882	129.485657821	0.000000000	0.000000000	0.000000000	0.000000000	0.000000000
600.000000000	200.000000000	0.103921854	129.485657821	0.000000000	0.000000000	0.000000000	0.000000000	0.000000000
700.000000000	200.000000000	0.088984960	129.485657821	0.000000000	0.000000000	0.000000000	0.000000000	0.000000000
800.000000000	200.000000000	0.082331136	129.485657821	0.000000000	0.000000000	0.000000000	0.000000000	0.000000000
900.000000000	200.000000000	0.077799194	129.485657821	0.000000000	0.000000000	0.000000000	0.000000000	0.000000000
1000.000000000	200.000000000	0.074772533	129.485657821	0.000000000	0.000000000	0.000000000	0.000000000	0.000000000
-1000.000000000	300.000000000	0.074759653	129.318238083	0.000000000	0.000000000	0.000000000	0.000000000	0.000000000
-900.000000000	300.000000000	0.077274358	129.318238083	0.000000000	0.000000000	0.000000000	0.000000000	0.000000000
-800.000000000	300.000000000	0.081060904	129.318238083	0.000000000	0.000000000	0.000000000	0.000000000	0.000000000
-700.000000000	300.000000000	0.088471394	129.318238083	0.000000000	0.000000000	0.000000000	0.000000000	0.000000000
-600.000000000	300.000000000	0.101523064	129.318238083	0.000000000	0.000000000	0.000000000	0.000000000	0.000000000
-500.000000000	300.000000000	0.130191018	129.318238083	0.000000000	0.000000000	0.000000000	0.000000000	0.000000000
-400.000000000	300.000000000	0.202175647	129.318238083	0.000000000	0.000000000	0.000000000	0.000000000	0.000000000
-300.000000000	300.000000000	0.364514182	129.318238083	0.000000000	0.000000000	0.000000000	0.000000000	0.000000000
-200.000000000	300.000000000	0.647814616	129.318238083	0.000000000	0.000000000	0.000000000	0.000000000	0.000000000
-100.000000000	300.000000000	0.988790848	129.318238083	0.000000000	0.000000000	0.000000000	0.000000000	0.000000000
0.000000000	300.000000000	1.185480639	129.318238083	0.000000000	0.000000000	0.000000000	0.000000000	0.000000000
100.000000000	300.000000000	1.038793608	129.318238083	0.000000000	0.000000000	0.000000000	0.000000000	0.000000000
200.000000000	300.000000000	0.712833137	129.318238083	0.000000000	0.000000000	0.000000000	0.000000000	0.000000000
300.000000000	300.000000000	0.401568252	129.318238083	0.000000000	0.000000000	0.000000000	0.000000000	0.000000000
400.000000000	300.000000000	0.217709825	129.318238083	0.000000000	0.000000000	0.000000000	0.000000000	0.000000000
500.000000000	300.000000000	0.135814490	129.318238083	0.000000000	0.000000000	0.000000000	0.000000000	0.000000000
600.000000000	300.000000000	0.103060544	129.318238083	0.000000000	0.000000000	0.000000000	0.000000000	0.000000000
700.000000000	300.000000000	0.088049593	129.318238083	0.000000000	0.000000000	0.000000000	0.000000000	0.000000000
800.000000000	300.000000000	0.080812975	129.318238083	0.000000000	0.000000000	0.000000000	0.000000000	0.000000000
900.000000000	300.000000000	0.077246989	129.318238083	0.000000000	0.000000000	0.000000000	0.000000000	0.000000000
1000.000000000	300.000000000	0.075203993	129.318238083	0.000000000	0.000000000	0.000000000	0.000000000	0.000000000
-1000.000000000	400.000000000	0.074484356	129.111131529	0.000000000	0.000000000	0.000000000	0.000000000	0.000000000
-900.000000000	400.000000000	0.077448230	129.111131529	0.000000000	0.000000000	0.000000000	0.000000000	0.000000000
-800.000000000	400.000000000	0.081389329	129.111131529	0.000000000	0.000000000	0.000000000	0.000000000	0.000000000
-700.000000000	400.000000000	0.088794989	129.111131529	0.000000000	0.000000000	0.000000000	0.000000000	0.000000000
-600.000000000	400.000000000	0.101399100	129.111131529	0.000000000	0.000000000	0.000000000	0.000000000	0.000000000
-500.000000000	400.000000000	0.131945838	129.111131529	0.000000000	0.000000000	0.000000000	0.000000000	0.000000000
-400.000000000	400.000000000	0.202953241	129.111131529	0.000000000	0.000000000	0.000000000	0.000000000	0.000000000
-300.000000000	400.000000000	0.360634259	129.111131529	0.000000000	0.000000000	0.000000000	0.000000000	0.000000000
-200.000000000	400.000000000	0.657182781	129.111131529	0.000000000	0.000000000	0.000000000	0.000000000	0.000000000
-100.000000000	400.000000000	0.986963579	129.111131529	0.000000000	0.000000000	0.000000000	0.000000000	0.000000000
0.000000000	400.000000000	1.168924131	129.111131529	0.000000000	0.000000000	0.000000000	0.000000000	0.000000000
100.000000000	400.000000000	1.026260317	129.111131529	0.000000000	0.000000000	0.000000000	0.000000000	0.000000000
200.000000000	400.000000000	0.706750832	129.111131529	0.000000000	0.000000000	0.000000000	0.000000000	0.000000000
300.000000000	400.000000000	0.408693787	129.111131529	0.000000000	0.000000000	0.000000000	0.000000000	0.000000000
400.000000000	400.000000000	0.224767742	129.111131529	0.000000000	0.000000000	0.000000000	0.000000000	0.000000000
500.000000000	400.000000000	0.139522150	129.111131529	0.000000000	0.000000000	0.000000000	0.000000000	0.000000000
600.000000000	400.000000000	0.104314676	129.111131529	0.000000000	0.000000000	0.000000000	0.000000000	0.000000000
700.000000000	400.000000000	0.088567989	129.111131529	0.000000000	0.000000000	0.000000000	0.000000000	0.000000000
800.000000000	400.000000000	0.081917385	129.111131529	0.000000000	0.000000000	0.000000000	0.000000000	0.000000000
900.000000000	400.000000000	0.077779875	129.111131529	0.000000000	0.000000000	0.000000000	0.000000000	0.000000000
1000.000000000	400.000000000	0.074672717	129.111131529	0.000000000	0.000000000	0.000000000	0.000000000	0.000000000
-1000.000000000	500.000000000	0.075030121	129.091390207	0.000000000	0.000000000	0.000000000	0.000000000	0.000000000
-900.000000000	500.000000000	0.077399932	129.091390207	0.000000000	0.000000000	0.000000000	0.000000000	0.000000000
-800.000000000	500.000000000	0.081807910	129.091390207	0.000000000	0.000000000	0.000000000	0.000000000	0.000000000
-700.000000000	500.000000000	0.088569599	129.091390207	0.000000000	0.000000000	0.000000000	0.000000000	0.000000000
-600.000000000	500.000000000	0.104787994	129.091390207	0.000000000	0.000000000	0.000000000	0.000000000	0.000000000
-500.000000000	500.000000000	0.137464664	129.091390207	0.000000000	0.000000000	0.000000000	0.000000000	0.000000000
-400.000000000	500.000000000	0.218527668	129.091390207	0.000000000	0.000000000	0.000000000	0.000000000	0.000000000
-300.000000000	500.000000000	0.394268845	129.091390207	0.000000000	0.000000000	0.000000000	0.000000000	0.000000000
-200.000000000	500.000000000	0.708101560	129.091390207	0.000000000	0.000000000	0.000000000	0.000000000	0.000000000
-100.000000000	500.000000000	1.036447942	129.091390207	0.000000000	0.000000000	0.000000000	0.000000000	0.000000000
0.000000000	500.000000000	1.194596056	129.091390207	0.000000000	0.000000000	0.000000000	0.000000000	0.000000000
100.000000000	500.000000000	1.089672175	129.091390207	0.000000000	0.000000000	0.000000000	0.000000000	0.000000000
200.000000000	500.000000000	0.775572008	129.091390207	0.000000000	0.000000000	0.000000000	0.000000000	0.000000000
300.000000000	500.000000000	0.472654566	129.091390207	0.000000000	0.000000000	0.000000000	0.000000000	0.000000000
400.000000000	500.000000000	0.263397924	129.091390207	0.000000000	0.000000000	0.000000000	0.000000000	0.000000000
500.000000000	500.000000000	0.153839223	129.091390207	0.000000000	0.000000000	0.000000000	0.000000000	0.000000000
600.000000000	500.000000000	0.112183995	129.091390207	0.000000000	0.000000000	0.000000000	0.000000000	0.000000000
700.000000000	500.000000000	0.093117640	129.091390207	0.000000000	0.000000000	0.000000000	0.000000000	0.000000000
800.000000000	500.000000000	0.083129659	129.091390207	0.000000000	0.000000000	0.000000000	0.000000000	0.000000000
900.000000000	500.000000000	0.078063222	129.091390207	0.000000000	0.000000000	0.000000000	0.000000000	0.000000000
1000.000000000	500.000000000	0.075930070	129.091390207	0.000000000	0.000000000	0.000000000	0.000000000	0.000000000
-1000.000000000	600.000000000	0.075683751	129.347798244	0.000000000	0.000000000	0.000000000	0.000000000	0.000000000
-900.000000000	600.000000000	0.078723291	129.347798244	0.000000000	0.000000000	0.000000000	0.000000000	0.000000000
-800.000000000	600.000000000	0.084229238	129.347798244	0.000000000	0.000000000	0.000000000	0.000000000	0.000000000
-700.000000000	600.000000000	0.092819804	129.347798244	0.000000000	0.000000000	0.000000000	0.000000000	0.000000000
-600.000000000	600.000000000	0.109856042	129.347798244	0.000000000	0.000000000	0.000000000	0.000000000	0.000000000
-500.000000000	600.000000000	0.149168827	129.347798244	0.000000000	0.000000000	0.000000000	0.000000000	0.000000000
-400.000000000	600.000000000	0.242203244	129.347798244	0.000000000	0.000000000	0.000000000	0.000000000	0.000000000
-300.000000000	600.000000000	0.437505034	129.347798244	0.000000000	0.000000000	0.000000000	0.000000000	0.000000000
-200.000000000	600.000000000	0.758229921	129.347798244	0.000000000	0.000000000	0.000000000	0.000000000	0.000000000
-100.000000000	600.000000000	1.061472670	129.347798244	0.000000000	0.000000000	0.000000000	0.000000000	0.000000000
0.000000000	600.000000000	1.186393470	129.347798244	0.000000000	0.000000000	0.000000000	0.000000000	0.000000000
100.000000000	600.000000000	1.107706595	129.347798244	0.000000000	0.000000000	0.000000000	0.000000000	0.000000000
200.000000000	600.000000000	0.829473994	129.347798244	0.000000000	0.000000000	0.000000000	0.000000000	0.000000000
300.000000000	600.000000000	0.495171000	129.347798244	0.000000000	0.000000000	0.000000000	0.000000000	0.000000000
400.000000000	600.000000000	0.265025559	129.347798244	0.000000000	0.000000000	0.000000000	0.000000000	0.000000000
500.000000000	600.000000000	0.162565023	129.347798244	0.000000000	0.000000000	0.000000000	0.000000000	0.000000000
600.000000000	600.000000000	0.114901550	129.347798244	0.000000000	0.000000000	0.000000000	0.000000000	0.000000000
700.000000000	600.000000000	0.096182939	129.347798244	0.000000000	0.000000000	0.000000000	0.000000000	0.000000000
800.000000000	600.000000000	0.085198414	129.347798244	0.000000000	0.000000000	0.000000000	0.000000000	0.000000000
900.000000000	600.000000000	0.079677977	129.347798244	0.000000000	0.000000000	0.000000000	0.000000000	0.000000000
1000.000000000	600.000000000	0.075896261	129.347798244	0.000000000	0.000000000	0.000000000	0.000000000	0.000000000
-1000.000000000	700.000000000	0.077478818	129.347798244	0.000000000	0.000000000	0.000000000	0.000000000	0.000000000
-900.000000000	700.000000000	0.082022030	129.347798244	0.000000000	0.000000000	0.000000000	0.000000000	0.000000000
-800.000000000	700.000000000	0.086850198	129.347798244	0.000000000	0.000000000	0.000000000	0.000000000	0.000000000
-700.000000000	700.000000000	0.097398434	129.347798244	0.000000000	0.000000000	0.000000000	0.000000000	0.000000000
-600.000000000	700.000000000	0.139216264	129.347798244	0.000000000	0.000000000	0.000000000	0.000000000	0.000000000
-500.000000000	700.000000000	0.157065515	129.347798244	0.000000000	0.000000000	0.000000000	0.000000000	0.000000000
-400.000000000	700.000000000	0.250668236	129.347798244	0.000000000	0.000000000	0.000000000	0.000000000	0.000000000
-300.000000000	700.000000000	0.435019308	129.347798244	0.000000000	0.000000000	0.000000000	0.000000000	0.000000000
-200.000000000	700.000000000	0.740151996	129.347798244	0.000000000	0.000000000	0.000000000	0.000000000	0.000000000
-100.000000000	700.000000000	1.020628788	129.347798244	0.000000000	0.000000000	0.000000000	0.000000000	0.000000000
0.000000000	700.000000000	1.194204844	129.347798244	0.000000000	0.000000000	0.000000000	0.000000000	0.000000000
100.000000000	700.000000000	1.100573002	129.347798244	0.000000000	0.000000000	0.000000000	0.000000000	0.000000000
200.000000000	700.000000000	0.842657692	129.347798244	0.000000000	0.000000000	0.000000000	0.000000000	0.000000000
300.000000000	700.000000000	0.536913184	129.347798244	0.000000000	0.000000000	0.000000000	0.000000000	0.000000000
400.000000000	700.000000000	0.292119010	129.347798244	0.000000000	0.000000000	0.000000000	0.000000000	0.000000000
500.000000000	700.000000000	0.180803877	129.347798244	0.000000000	0.000000000	0.000000000	0.000000000	0.000000000
600.000000000	700.000000000	0.124697950	129.347798244	0.000000000	0.000000000	0.000000000	0.000000000	0.000000000
700.000000000	700.000000000	0.101782262	129.347798244	0.000000000	0.000000000	0.000000000	0.000000000	0.000000000
800.000000000	700.000000000	0.088136529	129.347798244	0.000000000	0.000000000	0.000000000	0.000000000	0.000000000
900.000000000	700.000000000	0.081099542	129.347798244	0.000000000	0.000000000	0.000000000	0.000000000	0.000000000
1000.000000000	700.000000000	0.077853931	129.347798244	0.000000000	0.000000000	0.000000000	0.000000000	0.000000000
-1000.000000000	800.000000000	0.079525034	129.249238591	0.000000000	0.000000000	0.000000000	0.000000000	0.000000000
-900.000000000	800.000000000	0.082888170	129.249238591	0.000000000	0.000000000	0.000000000	0.000000000	0.000000000
-800.000000000	800.000000000	0.088629166	129.249238591	0.000000000	0.000000000	0.000000000	0.000000000	0.000000000
-700.000000000	800.000000000	0.100368747	129.249238591	0.000000000	0.000000000	0.000000000	0.000000000	0.000000000
-600.000000000	800.000000000	0.122284671	129.249238591	0.000000000	0.000000000	0.000000000	0.000000000	0.000000000
-500.000000000	800.000000000	0.170835214	129.249238591	0.000000000	0.000000000	0.000000000	0.000000000	0.000000000
-400.000000000	800.000000000	0.278550550	129.249238591	0.000000000	0.000000000	0.000000000	0.000000000	0.000000000
-300.000000000	800.000000000	0.477695245	129.249238591	0.000000000	0.000000000	0.000000000	0.000000000	0.000000000
-200.000000000	800.000000000	0.762637851	129.249238591	0.000000000	0.000000000	0.000000000	0.000000000	0.000000000
-100.000000000	800.000000000	1.037953226	129.249238591	0.000000000	0.000000000	0.000000000	0.000000000	0.000000000
0.000000000	800.000000000	1.165069962	129.249238591	0.000000000	0.000000000	0.000000000	0.000000000	0.000000000
100.000000000	800.000000000	1.085027532	129.249238591	0.000000000	0.000000000	0.000000000	0.000000000	0.000000000
200.000000000	800.000000000	0.817983941	129.249238591	0.000000000	0.000000000	0.000000000	0.000000000	0.000000000
300.000000000	800.000000000	0.539725726	129.249238591	0.000000000	0.000000000	0.000000000	0.000000000	0.000000000
400.000000000	800.000000000	0.315928211	129.249238591	0.000000000	0.000000000	0.000000000	0.000000000	0.000000000
500.000000000	800.000000000	0.191807722	129.249238591	0.000000000	0.000000000	0.000000000	0.000000000	0.000000000
600.000000000	800.000000000	0.135830589	129.249238591	0.000000000	0.000000000	0.000000000	0.000000000	0.000000000
700.000000000	800.000000000	0.106449438	129.249238591	0.000000000	0.000000000	0.000000000	0.000000000	0.000000000
800.000000000	800.000000000	0.090454822	129.249238591	0.000000000	0.000000000	0.000000000	0.000000000	0.000000000
900.000000000	800.000000000	0.083673814	129.249238591	0.000000000	0.000000000	0.000000000	0.000000000	0.000000000
1000.000000000	800.000000000	0.079296425	129.249238591	0.000000000	0.000000000	0.000000000	0.000000000	0.000000000
-1000.000000000	900.000000000	0.079782623	129.219656341	0.000000000	0.000000000	0.000000000	0.000000000	0.000000000
-900.000000000	900.000000000	0.083994189	129.219656341	0.000000000	0.000000000	0.000000000	0.000000000	0.000000000
-800.000000000	900.000000000	0.094109355	129.219656341	0.000000000	0.000000000	0.000000000	0.000000000	0.000000000
-700.000000000	900.000000000	0.106686097	129.219656341	0.000000000	0.000000000	0.000000000	0.000000000	0.000000000
-600.000000000	900.000000000	0.130144330	129.219656341	0.000000000	0.000000000	0.000000000	0.000000000	0.000000000
-500.000000000	900.000000000	0.196396012	129.219656341	0.000000000	0.000000000	0.000000000	0.000000000	0.000000000
-400.000000000	900.000000000	0.308260132	129.219656341	0.000000000	0.000000000	0.000000000	0.000000000	0.000000000
-300.000000000	900.000000000	0.511518196	129.219656341	0.000000000	0.000000000	0.000000000	0.000000000	0.000000000
-200.000000000	900.000000000	0.795254982	129.219656341	0.000000000	0.000000000	0.000000000	0.000000000	0.000000000
-100.000000000	900.000000000	1.048169831	129.219656341	0.000000000	0.000000000	0.000000000	0.000000000	0.000000000
0.000000000	900.000000000	1.167536373	129.219656341	0.000000000	0.000000000	0.000000000	0.000000000	0.000000000
100.000000000	900.000000000	1.067540489	129.219656341	0.000000000	0.000000000	0.000000000	0.000000000	0.000000000
200.000000000	900.000000000	0.850385345	129.219656341	0.000000000	0.000000000	0.000000000	0.000000000	0.000000000
300.000000000	900.000000000	0.559239649	129.219656341	0.000000000	0.000000000	0.000000000	0.000000000	0.000000000
400.000000000	900.000000000	0.340186583	129.219656341	0.000000000	0.000000000	0.000000000	0.000000000	0.000000000
500.000000000	900.000000000	0.211983318	129.219656341	0.000000000	0.000000000	0.000000000	0.000000000	0.000000000
600.000000000	900.000000000	0.148038659	129.219656341	0.000000000	0.000000000	0.000000000	0.000000000	0.000000000
700.000000000	900.000000000	0.115439265	129.219656341	0.000000000	0.000000000	0.000000000	0.000000000	0.000000000
800.000000000	900.000000000	0.095350608	129.219656341	0.000000000	0.000000000	0.000000000	0.000000000	0.000000000
900.000000000	900.000000000	0.084680018	129.219656341	0.000000000	0.000000000	0.000000000	0.000000000	0.000000000
1000.000000000	900.000000000	0.080407274	129.219656341	0.000000000	0.000000000	0.000000000	0.000000000	0.000000000
-1000.000000000	1000.000000000	0.081559981	129.259097870	0.000000000	0.000000000	0.000000000	0.000000000	0.000000000
-900.000000000	1000.000000000	0.086694035	129.259097870	0.000000000	0.000000000	0.000000000	0.000000000	0.000000000
-800.000000000	1000.000000000	0.096372911	129.259097870	0.000000000	0.000000000	0.000000000	0.000000000	0.000000000
-700.000000000	1000.000000000	0.117074950	129.259097870	0.000000000	0.000000000	0.000000000	0.000000000	0.000000000
-600.000000000	1000.000000000	0.151432384	129.259097870	0.000000000	0.000000000	0.000000000	0.000000000	0.000000000
-500.000000000	1000.000000000	0.213366244	129.259097870	0.000000000	0.000000000	0.000000000	0.000000000	0.000000000
-400.000000000	1000.000000000	0.336973170	129.259097870	0.000000000	0.000000000	0.000000000	0.000000000	0.000000000
-300.000000000	1000.000000000	0.552088354	129.259097870	0.000000000	0.000000000	0.000000000	0.000000000	0.000000000
-200.000000000	1000.000000000	0.860188195	129.259097870	0.000000000	0.000000000	0.000000000	0.000000000	0.000000000
-100.000000000	1000.000000000	1.086489347	129.259097870	0.000000000	0.000000000	0.000000000	0.000000000	0.000000000
0.000000000	1000.000000000	1.210405558	129.259097870	0.000000000	0.000000000	0.000000000	0.000000000	0.000000000
100.000000000	1000.000000000	1.129237781	129.259097870	0.000000000	0.000000000	0.000000000	0.000000000	0.000000000
200.000000000	1000.000000000	0.908901391	129.259097870	0.000000000	0.000000000	0.000000000	0.000000000	0.000000000
300.000000000	1000.000000000	0.627593931	129.259097870	0.000000000	0.000000000	0.000000000	0.000000000	0.000000000
400.000000000	1000.000000000	0.391601196	129.259097870	0.000000000	0.000000000	0.000000000	0.000000000	0.000000000
500.000000000	1000.000000000	0.240361488	129.259097870	0.000000000	0.000000000	0.000000000	0.000000000	0.000000000
600.000000000	1000.000000000	0.167030958	129.259097870	0.000000000	0.000000000	0.000000000	0.000000000	0.000000000
700.000000000	1000.000000000	0.117511240	129.259097870	0.000000000	0.000000000	0.000000000	0.000000000	0.000000000
800.000000000	1000.000000000	0.101999602	129.259097870	0.000000000	0.000000000	0.000000000	0.000000000	0.000000000
900.000000000	1000.000000000	0.092492989	129.259097870	0.000000000	0.000000000	0.000000000	0.000000000	0.000000000
1000.000000000	1000.000000000	0.084306515	129.259097870	0.000000000	0.000000000	0.000000000	0.000000000	0.000000000
