Set Temp (deg C)	126.000000	Laser Power (uW)	1167	Laser Detuning (GHz)	11
X  Field (nT)	Z  Field (nT)	Photodiode Voltage (V)	Temperature (C) 2D	Y  Field (nT)	Photodiode Voltage (V)	Temperature (C) 1D	Frequency (Hz)	Photodiode Voltage (V)		
-1000.000000000	-1000.000000000	0.352711811	126.470427831	-1000.000000000	NaN	126.480485259	0.000000000	0.000000000
-900.000000000	-1000.000000000	0.505313539	126.470427831	-960.000000000	NaN	126.480485259	0.000000000	0.000000000
-800.000000000	-1000.000000000	0.618496232	126.470427831	-920.000000000	NaN	126.480485259	0.000000000	0.000000000
-700.000000000	-1000.000000000	0.835522491	126.470427831	-880.000000000	NaN	126.480485259	0.000000000	0.000000000
-600.000000000	-1000.000000000	1.179356470	126.470427831	-840.000000000	NaN	126.480485259	0.000000000	0.000000000
-500.000000000	-1000.000000000	1.420285603	126.470427831	-800.000000000	NaN	126.480485259	0.000000000	0.000000000
-400.000000000	-1000.000000000	1.745712118	126.470427831	-760.000000000	NaN	126.480485259	0.000000000	0.000000000
-300.000000000	-1000.000000000	2.043914979	126.470427831	-720.000000000	NaN	126.480485259	0.000000000	0.000000000
-200.000000000	-1000.000000000	2.313031459	126.470427831	-680.000000000	NaN	126.480485259	0.000000000	0.000000000
-100.000000000	-1000.000000000	2.376176308	126.470427831	-640.000000000	NaN	126.480485259	0.000000000	0.000000000
0.000000000	-1000.000000000	2.488277691	126.470427831	-600.000000000	NaN	126.480485259	0.000000000	0.000000000
100.000000000	-1000.000000000	2.341529834	126.470427831	-560.000000000	NaN	126.480485259	0.000000000	0.000000000
200.000000000	-1000.000000000	2.274607161	126.470427831	-520.000000000	NaN	126.480485259	0.000000000	0.000000000
300.000000000	-1000.000000000	2.041830117	126.470427831	-480.000000000	NaN	126.480485259	0.000000000	0.000000000
400.000000000	-1000.000000000	1.656172588	126.470427831	-440.000000000	NaN	126.480485259	0.000000000	0.000000000
500.000000000	-1000.000000000	1.387819767	126.470427831	-400.000000000	NaN	126.480485259	0.000000000	0.000000000
600.000000000	-1000.000000000	1.089868586	126.470427831	-360.000000000	NaN	126.480485259	0.000000000	0.000000000
700.000000000	-1000.000000000	0.870002314	126.470427831	-320.000000000	NaN	126.480485259	0.000000000	0.000000000
800.000000000	-1000.000000000	0.642997714	126.470427831	-280.000000000	NaN	126.480485259	0.000000000	0.000000000
900.000000000	-1000.000000000	0.438754337	126.470427831	-240.000000000	NaN	126.480485259	0.000000000	0.000000000
1000.000000000	-1000.000000000	0.349205391	126.470427831	-200.000000000	NaN	126.480485259	0.000000000	0.000000000
-1000.000000000	-900.000000000	0.327680674	126.400006682	-160.000000000	NaN	126.480485259	0.000000000	0.000000000
-900.000000000	-900.000000000	0.411963548	126.400006682	-120.000000000	NaN	126.480485259	0.000000000	0.000000000
-800.000000000	-900.000000000	0.563758714	126.400006682	-80.000000000	NaN	126.480485259	0.000000000	0.000000000
-700.000000000	-900.000000000	0.767187506	126.400006682	-40.000000000	NaN	126.480485259	0.000000000	0.000000000
-600.000000000	-900.000000000	1.013380890	126.400006682	0.000000000	NaN	126.480485259	0.000000000	0.000000000
-500.000000000	-900.000000000	1.413063459	126.400006682	40.000000000	NaN	126.480485259	0.000000000	0.000000000
-400.000000000	-900.000000000	1.616534480	126.400006682	80.000000000	NaN	126.480485259	0.000000000	0.000000000
-300.000000000	-900.000000000	1.768758678	126.400006682	120.000000000	NaN	126.480485259	0.000000000	0.000000000
-200.000000000	-900.000000000	2.163932274	126.400006682	160.000000000	NaN	126.480485259	0.000000000	0.000000000
-100.000000000	-900.000000000	2.336299841	126.400006682	200.000000000	NaN	126.480485259	0.000000000	0.000000000
0.000000000	-900.000000000	2.386157903	126.400006682	240.000000000	NaN	126.480485259	0.000000000	0.000000000
100.000000000	-900.000000000	2.382158832	126.400006682	280.000000000	NaN	126.480485259	0.000000000	0.000000000
200.000000000	-900.000000000	2.196011803	126.400006682	320.000000000	NaN	126.480485259	0.000000000	0.000000000
300.000000000	-900.000000000	1.950595247	126.400006682	360.000000000	NaN	126.480485259	0.000000000	0.000000000
400.000000000	-900.000000000	1.566367436	126.400006682	400.000000000	NaN	126.480485259	0.000000000	0.000000000
500.000000000	-900.000000000	1.299988453	126.400006682	440.000000000	NaN	126.480485259	0.000000000	0.000000000
600.000000000	-900.000000000	0.987042466	126.400006682	480.000000000	NaN	126.480485259	0.000000000	0.000000000
700.000000000	-900.000000000	0.800817282	126.400006682	520.000000000	NaN	126.480485259	0.000000000	0.000000000
800.000000000	-900.000000000	0.584455935	126.400006682	560.000000000	NaN	126.480485259	0.000000000	0.000000000
900.000000000	-900.000000000	0.418467652	126.400006682	600.000000000	NaN	126.480485259	0.000000000	0.000000000
1000.000000000	-900.000000000	0.301925071	126.400006682	640.000000000	NaN	126.480485259	0.000000000	0.000000000
-1000.000000000	-800.000000000	0.312748607	126.329552050	680.000000000	NaN	126.480485259	0.000000000	0.000000000
-900.000000000	-800.000000000	0.391749310	126.329552050	720.000000000	NaN	126.480485259	0.000000000	0.000000000
-800.000000000	-800.000000000	0.550663568	126.329552050	760.000000000	NaN	126.480485259	0.000000000	0.000000000
-700.000000000	-800.000000000	0.709985175	126.329552050	800.000000000	NaN	126.480485259	0.000000000	0.000000000
-600.000000000	-800.000000000	0.933763510	126.329552050	840.000000000	NaN	126.480485259	0.000000000	0.000000000
-500.000000000	-800.000000000	1.297668547	126.329552050	880.000000000	NaN	126.480485259	0.000000000	0.000000000
-400.000000000	-800.000000000	1.572269495	126.329552050	920.000000000	NaN	126.480485259	0.000000000	0.000000000
-300.000000000	-800.000000000	1.950171832	126.329552050	960.000000000	NaN	126.480485259	0.000000000	0.000000000
-200.000000000	-800.000000000	2.195511114	126.329552050	1000.000000000	NaN	126.480485259	0.000000000	0.000000000
-100.000000000	-800.000000000	2.316850223	126.329552050	0.000000000	0.000000000	0.000000000	0.000000000	0.000000000
0.000000000	-800.000000000	2.436854752	126.329552050	0.000000000	0.000000000	0.000000000	0.000000000	0.000000000
100.000000000	-800.000000000	2.369400093	126.329552050	0.000000000	0.000000000	0.000000000	0.000000000	0.000000000
200.000000000	-800.000000000	2.234859503	126.329552050	0.000000000	0.000000000	0.000000000	0.000000000	0.000000000
300.000000000	-800.000000000	1.912354530	126.329552050	0.000000000	0.000000000	0.000000000	0.000000000	0.000000000
400.000000000	-800.000000000	1.559839169	126.329552050	0.000000000	0.000000000	0.000000000	0.000000000	0.000000000
500.000000000	-800.000000000	1.189848377	126.329552050	0.000000000	0.000000000	0.000000000	0.000000000	0.000000000
600.000000000	-800.000000000	0.967354656	126.329552050	0.000000000	0.000000000	0.000000000	0.000000000	0.000000000
700.000000000	-800.000000000	0.709365355	126.329552050	0.000000000	0.000000000	0.000000000	0.000000000	0.000000000
800.000000000	-800.000000000	0.498149365	126.329552050	0.000000000	0.000000000	0.000000000	0.000000000	0.000000000
900.000000000	-800.000000000	0.384303399	126.329552050	0.000000000	0.000000000	0.000000000	0.000000000	0.000000000
1000.000000000	-800.000000000	0.269058425	126.329552050	0.000000000	0.000000000	0.000000000	0.000000000	0.000000000
-1000.000000000	-700.000000000	0.267978164	126.369815936	0.000000000	0.000000000	0.000000000	0.000000000	0.000000000
-900.000000000	-700.000000000	0.340011101	126.369815936	0.000000000	0.000000000	0.000000000	0.000000000	0.000000000
-800.000000000	-700.000000000	0.460201781	126.369815936	0.000000000	0.000000000	0.000000000	0.000000000	0.000000000
-700.000000000	-700.000000000	0.629144290	126.369815936	0.000000000	0.000000000	0.000000000	0.000000000	0.000000000
-600.000000000	-700.000000000	0.861579172	126.369815936	0.000000000	0.000000000	0.000000000	0.000000000	0.000000000
-500.000000000	-700.000000000	1.100775855	126.369815936	0.000000000	0.000000000	0.000000000	0.000000000	0.000000000
-400.000000000	-700.000000000	1.449868065	126.369815936	0.000000000	0.000000000	0.000000000	0.000000000	0.000000000
-300.000000000	-700.000000000	1.833955675	126.369815936	0.000000000	0.000000000	0.000000000	0.000000000	0.000000000
-200.000000000	-700.000000000	2.134674950	126.369815936	0.000000000	0.000000000	0.000000000	0.000000000	0.000000000
-100.000000000	-700.000000000	2.288563679	126.369815936	0.000000000	0.000000000	0.000000000	0.000000000	0.000000000
0.000000000	-700.000000000	2.388680671	126.369815936	0.000000000	0.000000000	0.000000000	0.000000000	0.000000000
100.000000000	-700.000000000	2.299556310	126.369815936	0.000000000	0.000000000	0.000000000	0.000000000	0.000000000
200.000000000	-700.000000000	2.186820692	126.369815936	0.000000000	0.000000000	0.000000000	0.000000000	0.000000000
300.000000000	-700.000000000	1.833199009	126.369815936	0.000000000	0.000000000	0.000000000	0.000000000	0.000000000
400.000000000	-700.000000000	1.531898829	126.369815936	0.000000000	0.000000000	0.000000000	0.000000000	0.000000000
500.000000000	-700.000000000	1.217587451	126.369815936	0.000000000	0.000000000	0.000000000	0.000000000	0.000000000
600.000000000	-700.000000000	0.863403220	126.369815936	0.000000000	0.000000000	0.000000000	0.000000000	0.000000000
700.000000000	-700.000000000	0.601313481	126.369815936	0.000000000	0.000000000	0.000000000	0.000000000	0.000000000
800.000000000	-700.000000000	0.424577324	126.369815936	0.000000000	0.000000000	0.000000000	0.000000000	0.000000000
900.000000000	-700.000000000	0.333811274	126.369815936	0.000000000	0.000000000	0.000000000	0.000000000	0.000000000
1000.000000000	-700.000000000	0.238611498	126.369815936	0.000000000	0.000000000	0.000000000	0.000000000	0.000000000
-1000.000000000	-600.000000000	0.253796323	126.349685358	0.000000000	0.000000000	0.000000000	0.000000000	0.000000000
-900.000000000	-600.000000000	0.307545325	126.349685358	0.000000000	0.000000000	0.000000000	0.000000000	0.000000000
-800.000000000	-600.000000000	0.432744481	126.349685358	0.000000000	0.000000000	0.000000000	0.000000000	0.000000000
-700.000000000	-600.000000000	0.603816917	126.349685358	0.000000000	0.000000000	0.000000000	0.000000000	0.000000000
-600.000000000	-600.000000000	0.831397858	126.349685358	0.000000000	0.000000000	0.000000000	0.000000000	0.000000000
-500.000000000	-600.000000000	1.157728687	126.349685358	0.000000000	0.000000000	0.000000000	0.000000000	0.000000000
-400.000000000	-600.000000000	1.447094157	126.349685358	0.000000000	0.000000000	0.000000000	0.000000000	0.000000000
-300.000000000	-600.000000000	1.858887081	126.349685358	0.000000000	0.000000000	0.000000000	0.000000000	0.000000000
-200.000000000	-600.000000000	2.178239747	126.349685358	0.000000000	0.000000000	0.000000000	0.000000000	0.000000000
-100.000000000	-600.000000000	2.387862824	126.349685358	0.000000000	0.000000000	0.000000000	0.000000000	0.000000000
0.000000000	-600.000000000	2.490383487	126.349685358	0.000000000	0.000000000	0.000000000	0.000000000	0.000000000
100.000000000	-600.000000000	2.428286678	126.349685358	0.000000000	0.000000000	0.000000000	0.000000000	0.000000000
200.000000000	-600.000000000	2.155592813	126.349685358	0.000000000	0.000000000	0.000000000	0.000000000	0.000000000
300.000000000	-600.000000000	1.796709909	126.349685358	0.000000000	0.000000000	0.000000000	0.000000000	0.000000000
400.000000000	-600.000000000	1.500154227	126.349685358	0.000000000	0.000000000	0.000000000	0.000000000	0.000000000
500.000000000	-600.000000000	1.161400935	126.349685358	0.000000000	0.000000000	0.000000000	0.000000000	0.000000000
600.000000000	-600.000000000	0.816572036	126.349685358	0.000000000	0.000000000	0.000000000	0.000000000	0.000000000
700.000000000	-600.000000000	0.600841773	126.349685358	0.000000000	0.000000000	0.000000000	0.000000000	0.000000000
800.000000000	-600.000000000	0.392810251	126.349685358	0.000000000	0.000000000	0.000000000	0.000000000	0.000000000
900.000000000	-600.000000000	0.295852429	126.349685358	0.000000000	0.000000000	0.000000000	0.000000000	0.000000000
1000.000000000	-600.000000000	0.238431186	126.349685358	0.000000000	0.000000000	0.000000000	0.000000000	0.000000000
-1000.000000000	-500.000000000	0.221233954	126.430191278	0.000000000	0.000000000	0.000000000	0.000000000	0.000000000
-900.000000000	-500.000000000	0.283402868	126.430191278	0.000000000	0.000000000	0.000000000	0.000000000	0.000000000
-800.000000000	-500.000000000	0.385739454	126.430191278	0.000000000	0.000000000	0.000000000	0.000000000	0.000000000
-700.000000000	-500.000000000	0.557735977	126.430191278	0.000000000	0.000000000	0.000000000	0.000000000	0.000000000
-600.000000000	-500.000000000	0.707911589	126.430191278	0.000000000	0.000000000	0.000000000	0.000000000	0.000000000
-500.000000000	-500.000000000	1.047667534	126.430191278	0.000000000	0.000000000	0.000000000	0.000000000	0.000000000
-400.000000000	-500.000000000	1.383843237	126.430191278	0.000000000	0.000000000	0.000000000	0.000000000	0.000000000
-300.000000000	-500.000000000	1.698958108	126.430191278	0.000000000	0.000000000	0.000000000	0.000000000	0.000000000
-200.000000000	-500.000000000	2.133387006	126.430191278	0.000000000	0.000000000	0.000000000	0.000000000	0.000000000
-100.000000000	-500.000000000	2.323249712	126.430191278	0.000000000	0.000000000	0.000000000	0.000000000	0.000000000
0.000000000	-500.000000000	2.450230092	126.430191278	0.000000000	0.000000000	0.000000000	0.000000000	0.000000000
100.000000000	-500.000000000	2.359168960	126.430191278	0.000000000	0.000000000	0.000000000	0.000000000	0.000000000
200.000000000	-500.000000000	2.160084527	126.430191278	0.000000000	0.000000000	0.000000000	0.000000000	0.000000000
300.000000000	-500.000000000	1.801393200	126.430191278	0.000000000	0.000000000	0.000000000	0.000000000	0.000000000
400.000000000	-500.000000000	1.377786683	126.430191278	0.000000000	0.000000000	0.000000000	0.000000000	0.000000000
500.000000000	-500.000000000	1.068630410	126.430191278	0.000000000	0.000000000	0.000000000	0.000000000	0.000000000
600.000000000	-500.000000000	0.761734681	126.430191278	0.000000000	0.000000000	0.000000000	0.000000000	0.000000000
700.000000000	-500.000000000	0.535180902	126.430191278	0.000000000	0.000000000	0.000000000	0.000000000	0.000000000
800.000000000	-500.000000000	0.371351540	126.430191278	0.000000000	0.000000000	0.000000000	0.000000000	0.000000000
900.000000000	-500.000000000	0.264307532	126.430191278	0.000000000	0.000000000	0.000000000	0.000000000	0.000000000
1000.000000000	-500.000000000	0.218641973	126.430191278	0.000000000	0.000000000	0.000000000	0.000000000	0.000000000
-1000.000000000	-400.000000000	0.210320264	126.430191278	0.000000000	0.000000000	0.000000000	0.000000000	0.000000000
-900.000000000	-400.000000000	0.249591195	126.430191278	0.000000000	0.000000000	0.000000000	0.000000000	0.000000000
-800.000000000	-400.000000000	0.357945682	126.430191278	0.000000000	0.000000000	0.000000000	0.000000000	0.000000000
-700.000000000	-400.000000000	0.490861226	126.430191278	0.000000000	0.000000000	0.000000000	0.000000000	0.000000000
-600.000000000	-400.000000000	0.652641177	126.430191278	0.000000000	0.000000000	0.000000000	0.000000000	0.000000000
-500.000000000	-400.000000000	0.915766123	126.430191278	0.000000000	0.000000000	0.000000000	0.000000000	0.000000000
-400.000000000	-400.000000000	1.367045230	126.430191278	0.000000000	0.000000000	0.000000000	0.000000000	0.000000000
-300.000000000	-400.000000000	1.719797053	126.430191278	0.000000000	0.000000000	0.000000000	0.000000000	0.000000000
-200.000000000	-400.000000000	2.078353051	126.430191278	0.000000000	0.000000000	0.000000000	0.000000000	0.000000000
-100.000000000	-400.000000000	2.362089382	126.430191278	0.000000000	0.000000000	0.000000000	0.000000000	0.000000000
0.000000000	-400.000000000	2.448565419	126.430191278	0.000000000	0.000000000	0.000000000	0.000000000	0.000000000
100.000000000	-400.000000000	2.352088467	126.430191278	0.000000000	0.000000000	0.000000000	0.000000000	0.000000000
200.000000000	-400.000000000	2.030481700	126.430191278	0.000000000	0.000000000	0.000000000	0.000000000	0.000000000
300.000000000	-400.000000000	1.708569395	126.430191278	0.000000000	0.000000000	0.000000000	0.000000000	0.000000000
400.000000000	-400.000000000	1.290172714	126.430191278	0.000000000	0.000000000	0.000000000	0.000000000	0.000000000
500.000000000	-400.000000000	0.941030721	126.430191278	0.000000000	0.000000000	0.000000000	0.000000000	0.000000000
600.000000000	-400.000000000	0.620360547	126.430191278	0.000000000	0.000000000	0.000000000	0.000000000	0.000000000
700.000000000	-400.000000000	0.465564447	126.430191278	0.000000000	0.000000000	0.000000000	0.000000000	0.000000000
800.000000000	-400.000000000	0.325095132	126.430191278	0.000000000	0.000000000	0.000000000	0.000000000	0.000000000
900.000000000	-400.000000000	0.255691206	126.430191278	0.000000000	0.000000000	0.000000000	0.000000000	0.000000000
1000.000000000	-400.000000000	0.211273340	126.430191278	0.000000000	0.000000000	0.000000000	0.000000000	0.000000000
-1000.000000000	-300.000000000	0.187105128	126.440251443	0.000000000	0.000000000	0.000000000	0.000000000	0.000000000
-900.000000000	-300.000000000	0.239023639	126.440251443	0.000000000	0.000000000	0.000000000	0.000000000	0.000000000
-800.000000000	-300.000000000	0.323554433	126.440251443	0.000000000	0.000000000	0.000000000	0.000000000	0.000000000
-700.000000000	-300.000000000	0.435640739	126.440251443	0.000000000	0.000000000	0.000000000	0.000000000	0.000000000
-600.000000000	-300.000000000	0.637982790	126.440251443	0.000000000	0.000000000	0.000000000	0.000000000	0.000000000
-500.000000000	-300.000000000	0.906275597	126.440251443	0.000000000	0.000000000	0.000000000	0.000000000	0.000000000
-400.000000000	-300.000000000	1.221037529	126.440251443	0.000000000	0.000000000	0.000000000	0.000000000	0.000000000
-300.000000000	-300.000000000	1.630632649	126.440251443	0.000000000	0.000000000	0.000000000	0.000000000	0.000000000
-200.000000000	-300.000000000	1.990045031	126.440251443	0.000000000	0.000000000	0.000000000	0.000000000	0.000000000
-100.000000000	-300.000000000	2.347220028	126.440251443	0.000000000	0.000000000	0.000000000	0.000000000	0.000000000
0.000000000	-300.000000000	2.455719972	126.440251443	0.000000000	0.000000000	0.000000000	0.000000000	0.000000000
100.000000000	-300.000000000	2.347884928	126.440251443	0.000000000	0.000000000	0.000000000	0.000000000	0.000000000
200.000000000	-300.000000000	2.050203380	126.440251443	0.000000000	0.000000000	0.000000000	0.000000000	0.000000000
300.000000000	-300.000000000	1.698892100	126.440251443	0.000000000	0.000000000	0.000000000	0.000000000	0.000000000
400.000000000	-300.000000000	1.115357088	126.440251443	0.000000000	0.000000000	0.000000000	0.000000000	0.000000000
500.000000000	-300.000000000	0.850779776	126.440251443	0.000000000	0.000000000	0.000000000	0.000000000	0.000000000
600.000000000	-300.000000000	0.617304886	126.440251443	0.000000000	0.000000000	0.000000000	0.000000000	0.000000000
700.000000000	-300.000000000	0.415864400	126.440251443	0.000000000	0.000000000	0.000000000	0.000000000	0.000000000
800.000000000	-300.000000000	0.292635796	126.440251443	0.000000000	0.000000000	0.000000000	0.000000000	0.000000000
900.000000000	-300.000000000	0.227710687	126.440251443	0.000000000	0.000000000	0.000000000	0.000000000	0.000000000
1000.000000000	-300.000000000	0.195413957	126.440251443	0.000000000	0.000000000	0.000000000	0.000000000	0.000000000
-1000.000000000	-200.000000000	0.182452441	126.349685358	0.000000000	0.000000000	0.000000000	0.000000000	0.000000000
-900.000000000	-200.000000000	0.222080775	126.349685358	0.000000000	0.000000000	0.000000000	0.000000000	0.000000000
-800.000000000	-200.000000000	0.291207791	126.349685358	0.000000000	0.000000000	0.000000000	0.000000000	0.000000000
-700.000000000	-200.000000000	0.394927305	126.349685358	0.000000000	0.000000000	0.000000000	0.000000000	0.000000000
-600.000000000	-200.000000000	0.579898232	126.349685358	0.000000000	0.000000000	0.000000000	0.000000000	0.000000000
-500.000000000	-200.000000000	0.837443135	126.349685358	0.000000000	0.000000000	0.000000000	0.000000000	0.000000000
-400.000000000	-200.000000000	1.166761997	126.349685358	0.000000000	0.000000000	0.000000000	0.000000000	0.000000000
-300.000000000	-200.000000000	1.465300854	126.349685358	0.000000000	0.000000000	0.000000000	0.000000000	0.000000000
-200.000000000	-200.000000000	1.867767461	126.349685358	0.000000000	0.000000000	0.000000000	0.000000000	0.000000000
-100.000000000	-200.000000000	2.209870112	126.349685358	0.000000000	0.000000000	0.000000000	0.000000000	0.000000000
0.000000000	-200.000000000	2.434222508	126.349685358	0.000000000	0.000000000	0.000000000	0.000000000	0.000000000
100.000000000	-200.000000000	2.271187663	126.349685358	0.000000000	0.000000000	0.000000000	0.000000000	0.000000000
200.000000000	-200.000000000	1.992326310	126.349685358	0.000000000	0.000000000	0.000000000	0.000000000	0.000000000
300.000000000	-200.000000000	1.492731009	126.349685358	0.000000000	0.000000000	0.000000000	0.000000000	0.000000000
400.000000000	-200.000000000	1.194760269	126.349685358	0.000000000	0.000000000	0.000000000	0.000000000	0.000000000
500.000000000	-200.000000000	0.859384840	126.349685358	0.000000000	0.000000000	0.000000000	0.000000000	0.000000000
600.000000000	-200.000000000	0.572412071	126.349685358	0.000000000	0.000000000	0.000000000	0.000000000	0.000000000
700.000000000	-200.000000000	0.406748996	126.349685358	0.000000000	0.000000000	0.000000000	0.000000000	0.000000000
800.000000000	-200.000000000	0.277921069	126.349685358	0.000000000	0.000000000	0.000000000	0.000000000	0.000000000
900.000000000	-200.000000000	0.225253940	126.349685358	0.000000000	0.000000000	0.000000000	0.000000000	0.000000000
1000.000000000	-200.000000000	0.180116438	126.349685358	0.000000000	0.000000000	0.000000000	0.000000000	0.000000000
-1000.000000000	-100.000000000	0.174119463	126.450310923	0.000000000	0.000000000	0.000000000	0.000000000	0.000000000
-900.000000000	-100.000000000	0.207702524	126.450310923	0.000000000	0.000000000	0.000000000	0.000000000	0.000000000
-800.000000000	-100.000000000	0.258824123	126.450310923	0.000000000	0.000000000	0.000000000	0.000000000	0.000000000
-700.000000000	-100.000000000	0.355389119	126.450310923	0.000000000	0.000000000	0.000000000	0.000000000	0.000000000
-600.000000000	-100.000000000	0.522090586	126.450310923	0.000000000	0.000000000	0.000000000	0.000000000	0.000000000
-500.000000000	-100.000000000	0.766657840	126.450310923	0.000000000	0.000000000	0.000000000	0.000000000	0.000000000
-400.000000000	-100.000000000	1.106518467	126.450310923	0.000000000	0.000000000	0.000000000	0.000000000	0.000000000
-300.000000000	-100.000000000	1.507390862	126.450310923	0.000000000	0.000000000	0.000000000	0.000000000	0.000000000
-200.000000000	-100.000000000	1.904469080	126.450310923	0.000000000	0.000000000	0.000000000	0.000000000	0.000000000
-100.000000000	-100.000000000	2.287248364	126.450310923	0.000000000	0.000000000	0.000000000	0.000000000	0.000000000
0.000000000	-100.000000000	2.547153072	126.450310923	0.000000000	0.000000000	0.000000000	0.000000000	0.000000000
100.000000000	-100.000000000	2.331568249	126.450310923	0.000000000	0.000000000	0.000000000	0.000000000	0.000000000
200.000000000	-100.000000000	1.993916915	126.450310923	0.000000000	0.000000000	0.000000000	0.000000000	0.000000000
300.000000000	-100.000000000	1.520650247	126.450310923	0.000000000	0.000000000	0.000000000	0.000000000	0.000000000
400.000000000	-100.000000000	1.153663618	126.450310923	0.000000000	0.000000000	0.000000000	0.000000000	0.000000000
500.000000000	-100.000000000	0.806115553	126.450310923	0.000000000	0.000000000	0.000000000	0.000000000	0.000000000
600.000000000	-100.000000000	0.559701698	126.450310923	0.000000000	0.000000000	0.000000000	0.000000000	0.000000000
700.000000000	-100.000000000	0.365758655	126.450310923	0.000000000	0.000000000	0.000000000	0.000000000	0.000000000
800.000000000	-100.000000000	0.267859029	126.450310923	0.000000000	0.000000000	0.000000000	0.000000000	0.000000000
900.000000000	-100.000000000	0.204274991	126.450310923	0.000000000	0.000000000	0.000000000	0.000000000	0.000000000
1000.000000000	-100.000000000	0.175697191	126.450310923	0.000000000	0.000000000	0.000000000	0.000000000	0.000000000
-1000.000000000	0.000000000	0.167003589	126.500598059	0.000000000	0.000000000	0.000000000	0.000000000	0.000000000
-900.000000000	0.000000000	0.197355528	126.500598059	0.000000000	0.000000000	0.000000000	0.000000000	0.000000000
-800.000000000	0.000000000	0.249905131	126.500598059	0.000000000	0.000000000	0.000000000	0.000000000	0.000000000
-700.000000000	0.000000000	0.348179868	126.500598059	0.000000000	0.000000000	0.000000000	0.000000000	0.000000000
-600.000000000	0.000000000	0.501581728	126.500598059	0.000000000	0.000000000	0.000000000	0.000000000	0.000000000
-500.000000000	0.000000000	0.731975173	126.500598059	0.000000000	0.000000000	0.000000000	0.000000000	0.000000000
-400.000000000	0.000000000	1.076416026	126.500598059	0.000000000	0.000000000	0.000000000	0.000000000	0.000000000
-300.000000000	0.000000000	1.557292638	126.500598059	0.000000000	0.000000000	0.000000000	0.000000000	0.000000000
-200.000000000	0.000000000	1.815861655	126.500598059	0.000000000	0.000000000	0.000000000	0.000000000	0.000000000
-100.000000000	0.000000000	2.215310079	126.500598059	0.000000000	0.000000000	0.000000000	0.000000000	0.000000000
0.000000000	0.000000000	2.481820241	126.500598059	0.000000000	0.000000000	0.000000000	0.000000000	0.000000000
100.000000000	0.000000000	2.258448253	126.500598059	0.000000000	0.000000000	0.000000000	0.000000000	0.000000000
200.000000000	0.000000000	1.885892073	126.500598059	0.000000000	0.000000000	0.000000000	0.000000000	0.000000000
300.000000000	0.000000000	1.467332584	126.500598059	0.000000000	0.000000000	0.000000000	0.000000000	0.000000000
400.000000000	0.000000000	1.096646386	126.500598059	0.000000000	0.000000000	0.000000000	0.000000000	0.000000000
500.000000000	0.000000000	0.754296816	126.500598059	0.000000000	0.000000000	0.000000000	0.000000000	0.000000000
600.000000000	0.000000000	0.523212705	126.500598059	0.000000000	0.000000000	0.000000000	0.000000000	0.000000000
700.000000000	0.000000000	0.350966651	126.500598059	0.000000000	0.000000000	0.000000000	0.000000000	0.000000000
800.000000000	0.000000000	0.256821374	126.500598059	0.000000000	0.000000000	0.000000000	0.000000000	0.000000000
900.000000000	0.000000000	0.203951396	126.500598059	0.000000000	0.000000000	0.000000000	0.000000000	0.000000000
1000.000000000	0.000000000	0.166776590	126.500598059	0.000000000	0.000000000	0.000000000	0.000000000	0.000000000
-1000.000000000	100.000000000	0.166312931	126.440251443	0.000000000	0.000000000	0.000000000	0.000000000	0.000000000
-900.000000000	100.000000000	0.198379441	126.440251443	0.000000000	0.000000000	0.000000000	0.000000000	0.000000000
-800.000000000	100.000000000	0.247337299	126.440251443	0.000000000	0.000000000	0.000000000	0.000000000	0.000000000
-700.000000000	100.000000000	0.336469263	126.440251443	0.000000000	0.000000000	0.000000000	0.000000000	0.000000000
-600.000000000	100.000000000	0.484039966	126.440251443	0.000000000	0.000000000	0.000000000	0.000000000	0.000000000
-500.000000000	100.000000000	0.705601343	126.440251443	0.000000000	0.000000000	0.000000000	0.000000000	0.000000000
-400.000000000	100.000000000	0.996455716	126.440251443	0.000000000	0.000000000	0.000000000	0.000000000	0.000000000
-300.000000000	100.000000000	1.394686113	126.440251443	0.000000000	0.000000000	0.000000000	0.000000000	0.000000000
-200.000000000	100.000000000	1.787584818	126.440251443	0.000000000	0.000000000	0.000000000	0.000000000	0.000000000
-100.000000000	100.000000000	2.145065463	126.440251443	0.000000000	0.000000000	0.000000000	0.000000000	0.000000000
0.000000000	100.000000000	2.401753343	126.440251443	0.000000000	0.000000000	0.000000000	0.000000000	0.000000000
100.000000000	100.000000000	2.236031539	126.440251443	0.000000000	0.000000000	0.000000000	0.000000000	0.000000000
200.000000000	100.000000000	1.862990805	126.440251443	0.000000000	0.000000000	0.000000000	0.000000000	0.000000000
300.000000000	100.000000000	1.452825515	126.440251443	0.000000000	0.000000000	0.000000000	0.000000000	0.000000000
400.000000000	100.000000000	1.023209502	126.440251443	0.000000000	0.000000000	0.000000000	0.000000000	0.000000000
500.000000000	100.000000000	0.736734119	126.440251443	0.000000000	0.000000000	0.000000000	0.000000000	0.000000000
600.000000000	100.000000000	0.485487290	126.440251443	0.000000000	0.000000000	0.000000000	0.000000000	0.000000000
700.000000000	100.000000000	0.335284357	126.440251443	0.000000000	0.000000000	0.000000000	0.000000000	0.000000000
800.000000000	100.000000000	0.245157458	126.440251443	0.000000000	0.000000000	0.000000000	0.000000000	0.000000000
900.000000000	100.000000000	0.198286065	126.440251443	0.000000000	0.000000000	0.000000000	0.000000000	0.000000000
1000.000000000	100.000000000	0.167196780	126.440251443	0.000000000	0.000000000	0.000000000	0.000000000	0.000000000
-1000.000000000	200.000000000	0.160481778	126.309416015	0.000000000	0.000000000	0.000000000	0.000000000	0.000000000
-900.000000000	200.000000000	0.187597765	126.309416015	0.000000000	0.000000000	0.000000000	0.000000000	0.000000000
-800.000000000	200.000000000	0.234626931	126.309416015	0.000000000	0.000000000	0.000000000	0.000000000	0.000000000
-700.000000000	200.000000000	0.315174766	126.309416015	0.000000000	0.000000000	0.000000000	0.000000000	0.000000000
-600.000000000	200.000000000	0.446926325	126.309416015	0.000000000	0.000000000	0.000000000	0.000000000	0.000000000
-500.000000000	200.000000000	0.650936264	126.309416015	0.000000000	0.000000000	0.000000000	0.000000000	0.000000000
-400.000000000	200.000000000	0.968731144	126.309416015	0.000000000	0.000000000	0.000000000	0.000000000	0.000000000
-300.000000000	200.000000000	1.321188002	126.309416015	0.000000000	0.000000000	0.000000000	0.000000000	0.000000000
-200.000000000	200.000000000	1.768362239	126.309416015	0.000000000	0.000000000	0.000000000	0.000000000	0.000000000
-100.000000000	200.000000000	2.151423086	126.309416015	0.000000000	0.000000000	0.000000000	0.000000000	0.000000000
0.000000000	200.000000000	2.391306481	126.309416015	0.000000000	0.000000000	0.000000000	0.000000000	0.000000000
100.000000000	200.000000000	2.225851924	126.309416015	0.000000000	0.000000000	0.000000000	0.000000000	0.000000000
200.000000000	200.000000000	1.806942636	126.309416015	0.000000000	0.000000000	0.000000000	0.000000000	0.000000000
300.000000000	200.000000000	1.404873751	126.309416015	0.000000000	0.000000000	0.000000000	0.000000000	0.000000000
400.000000000	200.000000000	1.012786828	126.309416015	0.000000000	0.000000000	0.000000000	0.000000000	0.000000000
500.000000000	200.000000000	0.690318303	126.309416015	0.000000000	0.000000000	0.000000000	0.000000000	0.000000000
600.000000000	200.000000000	0.468586279	126.309416015	0.000000000	0.000000000	0.000000000	0.000000000	0.000000000
700.000000000	200.000000000	0.323509355	126.309416015	0.000000000	0.000000000	0.000000000	0.000000000	0.000000000
800.000000000	200.000000000	0.236996742	126.309416015	0.000000000	0.000000000	0.000000000	0.000000000	0.000000000
900.000000000	200.000000000	0.186757384	126.309416015	0.000000000	0.000000000	0.000000000	0.000000000	0.000000000
1000.000000000	200.000000000	0.159766971	126.309416015	0.000000000	0.000000000	0.000000000	0.000000000	0.000000000
-1000.000000000	300.000000000	0.156360367	126.279206849	0.000000000	0.000000000	0.000000000	0.000000000	0.000000000
-900.000000000	300.000000000	0.181988782	126.279206849	0.000000000	0.000000000	0.000000000	0.000000000	0.000000000
-800.000000000	300.000000000	0.226831667	126.279206849	0.000000000	0.000000000	0.000000000	0.000000000	0.000000000
-700.000000000	300.000000000	0.303287069	126.279206849	0.000000000	0.000000000	0.000000000	0.000000000	0.000000000
-600.000000000	300.000000000	0.432393517	126.279206849	0.000000000	0.000000000	0.000000000	0.000000000	0.000000000
-500.000000000	300.000000000	0.643686762	126.279206849	0.000000000	0.000000000	0.000000000	0.000000000	0.000000000
-400.000000000	300.000000000	0.954874493	126.279206849	0.000000000	0.000000000	0.000000000	0.000000000	0.000000000
-300.000000000	300.000000000	1.376931809	126.279206849	0.000000000	0.000000000	0.000000000	0.000000000	0.000000000
-200.000000000	300.000000000	1.811730569	126.279206849	0.000000000	0.000000000	0.000000000	0.000000000	0.000000000
-100.000000000	300.000000000	2.238679877	126.279206849	0.000000000	0.000000000	0.000000000	0.000000000	0.000000000
0.000000000	300.000000000	2.441690997	126.279206849	0.000000000	0.000000000	0.000000000	0.000000000	0.000000000
100.000000000	300.000000000	2.254172269	126.279206849	0.000000000	0.000000000	0.000000000	0.000000000	0.000000000
200.000000000	300.000000000	1.865375103	126.279206849	0.000000000	0.000000000	0.000000000	0.000000000	0.000000000
300.000000000	300.000000000	1.441758847	126.279206849	0.000000000	0.000000000	0.000000000	0.000000000	0.000000000
400.000000000	300.000000000	1.019649951	126.279206849	0.000000000	0.000000000	0.000000000	0.000000000	0.000000000
500.000000000	300.000000000	0.701460611	126.279206849	0.000000000	0.000000000	0.000000000	0.000000000	0.000000000
600.000000000	300.000000000	0.463384606	126.279206849	0.000000000	0.000000000	0.000000000	0.000000000	0.000000000
700.000000000	300.000000000	0.318858277	126.279206849	0.000000000	0.000000000	0.000000000	0.000000000	0.000000000
800.000000000	300.000000000	0.232920409	126.279206849	0.000000000	0.000000000	0.000000000	0.000000000	0.000000000
900.000000000	300.000000000	0.185833286	126.279206849	0.000000000	0.000000000	0.000000000	0.000000000	0.000000000
1000.000000000	300.000000000	0.158707640	126.279206849	0.000000000	0.000000000	0.000000000	0.000000000	0.000000000
-1000.000000000	400.000000000	0.158347016	126.440251443	0.000000000	0.000000000	0.000000000	0.000000000	0.000000000
-900.000000000	400.000000000	0.184347324	126.440251443	0.000000000	0.000000000	0.000000000	0.000000000	0.000000000
-800.000000000	400.000000000	0.228415835	126.440251443	0.000000000	0.000000000	0.000000000	0.000000000	0.000000000
-700.000000000	400.000000000	0.307360183	126.440251443	0.000000000	0.000000000	0.000000000	0.000000000	0.000000000
-600.000000000	400.000000000	0.443748330	126.440251443	0.000000000	0.000000000	0.000000000	0.000000000	0.000000000
-500.000000000	400.000000000	0.665879608	126.440251443	0.000000000	0.000000000	0.000000000	0.000000000	0.000000000
-400.000000000	400.000000000	0.977672684	126.440251443	0.000000000	0.000000000	0.000000000	0.000000000	0.000000000
-300.000000000	400.000000000	1.404897897	126.440251443	0.000000000	0.000000000	0.000000000	0.000000000	0.000000000
-200.000000000	400.000000000	1.836707050	126.440251443	0.000000000	0.000000000	0.000000000	0.000000000	0.000000000
-100.000000000	400.000000000	2.237519117	126.440251443	0.000000000	0.000000000	0.000000000	0.000000000	0.000000000
0.000000000	400.000000000	2.447219514	126.440251443	0.000000000	0.000000000	0.000000000	0.000000000	0.000000000
100.000000000	400.000000000	2.305439010	126.440251443	0.000000000	0.000000000	0.000000000	0.000000000	0.000000000
200.000000000	400.000000000	1.932034337	126.440251443	0.000000000	0.000000000	0.000000000	0.000000000	0.000000000
300.000000000	400.000000000	1.481939479	126.440251443	0.000000000	0.000000000	0.000000000	0.000000000	0.000000000
400.000000000	400.000000000	1.042071422	126.440251443	0.000000000	0.000000000	0.000000000	0.000000000	0.000000000
500.000000000	400.000000000	0.713145464	126.440251443	0.000000000	0.000000000	0.000000000	0.000000000	0.000000000
600.000000000	400.000000000	0.475024376	126.440251443	0.000000000	0.000000000	0.000000000	0.000000000	0.000000000
700.000000000	400.000000000	0.321814102	126.440251443	0.000000000	0.000000000	0.000000000	0.000000000	0.000000000
800.000000000	400.000000000	0.236779402	126.440251443	0.000000000	0.000000000	0.000000000	0.000000000	0.000000000
900.000000000	400.000000000	0.189206081	126.440251443	0.000000000	0.000000000	0.000000000	0.000000000	0.000000000
1000.000000000	400.000000000	0.162223719	126.440251443	0.000000000	0.000000000	0.000000000	0.000000000	0.000000000
-1000.000000000	500.000000000	0.161388167	126.460369720	0.000000000	0.000000000	0.000000000	0.000000000	0.000000000
-900.000000000	500.000000000	0.190582568	126.460369720	0.000000000	0.000000000	0.000000000	0.000000000	0.000000000
-800.000000000	500.000000000	0.235948680	126.460369720	0.000000000	0.000000000	0.000000000	0.000000000	0.000000000
-700.000000000	500.000000000	0.322338938	126.460369720	0.000000000	0.000000000	0.000000000	0.000000000	0.000000000
-600.000000000	500.000000000	0.465583766	126.460369720	0.000000000	0.000000000	0.000000000	0.000000000	0.000000000
-500.000000000	500.000000000	0.692309783	126.460369720	0.000000000	0.000000000	0.000000000	0.000000000	0.000000000
-400.000000000	500.000000000	1.035404709	126.460369720	0.000000000	0.000000000	0.000000000	0.000000000	0.000000000
-300.000000000	500.000000000	1.466688611	126.460369720	0.000000000	0.000000000	0.000000000	0.000000000	0.000000000
-200.000000000	500.000000000	1.908408581	126.460369720	0.000000000	0.000000000	0.000000000	0.000000000	0.000000000
-100.000000000	500.000000000	2.276304031	126.460369720	0.000000000	0.000000000	0.000000000	0.000000000	0.000000000
0.000000000	500.000000000	2.480673969	126.460369720	0.000000000	0.000000000	0.000000000	0.000000000	0.000000000
100.000000000	500.000000000	2.338449103	126.460369720	0.000000000	0.000000000	0.000000000	0.000000000	0.000000000
200.000000000	500.000000000	2.004152863	126.460369720	0.000000000	0.000000000	0.000000000	0.000000000	0.000000000
300.000000000	500.000000000	1.530416084	126.460369720	0.000000000	0.000000000	0.000000000	0.000000000	0.000000000
400.000000000	500.000000000	1.101875434	126.460369720	0.000000000	0.000000000	0.000000000	0.000000000	0.000000000
500.000000000	500.000000000	0.750990026	126.460369720	0.000000000	0.000000000	0.000000000	0.000000000	0.000000000
600.000000000	500.000000000	0.497841868	126.460369720	0.000000000	0.000000000	0.000000000	0.000000000	0.000000000
700.000000000	500.000000000	0.343882974	126.460369720	0.000000000	0.000000000	0.000000000	0.000000000	0.000000000
800.000000000	500.000000000	0.251663171	126.460369720	0.000000000	0.000000000	0.000000000	0.000000000	0.000000000
900.000000000	500.000000000	0.199565957	126.460369720	0.000000000	0.000000000	0.000000000	0.000000000	0.000000000
1000.000000000	500.000000000	0.168062921	126.460369720	0.000000000	0.000000000	0.000000000	0.000000000	0.000000000
-1000.000000000	600.000000000	0.167840751	126.530762120	0.000000000	0.000000000	0.000000000	0.000000000	0.000000000
-900.000000000	600.000000000	0.198002718	126.530762120	0.000000000	0.000000000	0.000000000	0.000000000	0.000000000
-800.000000000	600.000000000	0.243668277	126.530762120	0.000000000	0.000000000	0.000000000	0.000000000	0.000000000
-700.000000000	600.000000000	0.329100629	126.530762120	0.000000000	0.000000000	0.000000000	0.000000000	0.000000000
-600.000000000	600.000000000	0.470851446	126.530762120	0.000000000	0.000000000	0.000000000	0.000000000	0.000000000
-500.000000000	600.000000000	0.691435594	126.530762120	0.000000000	0.000000000	0.000000000	0.000000000	0.000000000
-400.000000000	600.000000000	1.052065857	126.530762120	0.000000000	0.000000000	0.000000000	0.000000000	0.000000000
-300.000000000	600.000000000	1.453471088	126.530762120	0.000000000	0.000000000	0.000000000	0.000000000	0.000000000
-200.000000000	600.000000000	1.885423585	126.530762120	0.000000000	0.000000000	0.000000000	0.000000000	0.000000000
-100.000000000	600.000000000	2.263638680	126.530762120	0.000000000	0.000000000	0.000000000	0.000000000	0.000000000
0.000000000	600.000000000	2.464070706	126.530762120	0.000000000	0.000000000	0.000000000	0.000000000	0.000000000
100.000000000	600.000000000	2.295227196	126.530762120	0.000000000	0.000000000	0.000000000	0.000000000	0.000000000
200.000000000	600.000000000	1.979971677	126.530762120	0.000000000	0.000000000	0.000000000	0.000000000	0.000000000
300.000000000	600.000000000	1.542406843	126.530762120	0.000000000	0.000000000	0.000000000	0.000000000	0.000000000
400.000000000	600.000000000	1.113484628	126.530762120	0.000000000	0.000000000	0.000000000	0.000000000	0.000000000
500.000000000	600.000000000	0.759921903	126.530762120	0.000000000	0.000000000	0.000000000	0.000000000	0.000000000
600.000000000	600.000000000	0.506250516	126.530762120	0.000000000	0.000000000	0.000000000	0.000000000	0.000000000
700.000000000	600.000000000	0.354572886	126.530762120	0.000000000	0.000000000	0.000000000	0.000000000	0.000000000
800.000000000	600.000000000	0.254097379	126.530762120	0.000000000	0.000000000	0.000000000	0.000000000	0.000000000
900.000000000	600.000000000	0.203090085	126.530762120	0.000000000	0.000000000	0.000000000	0.000000000	0.000000000
1000.000000000	600.000000000	0.170458491	126.530762120	0.000000000	0.000000000	0.000000000	0.000000000	0.000000000
-1000.000000000	700.000000000	0.172377523	126.440251443	0.000000000	0.000000000	0.000000000	0.000000000	0.000000000
-900.000000000	700.000000000	0.204154246	126.440251443	0.000000000	0.000000000	0.000000000	0.000000000	0.000000000
-800.000000000	700.000000000	0.257787330	126.440251443	0.000000000	0.000000000	0.000000000	0.000000000	0.000000000
-700.000000000	700.000000000	0.346603750	126.440251443	0.000000000	0.000000000	0.000000000	0.000000000	0.000000000
-600.000000000	700.000000000	0.496935479	126.440251443	0.000000000	0.000000000	0.000000000	0.000000000	0.000000000
-500.000000000	700.000000000	0.731332812	126.440251443	0.000000000	0.000000000	0.000000000	0.000000000	0.000000000
-400.000000000	700.000000000	1.064257845	126.440251443	0.000000000	0.000000000	0.000000000	0.000000000	0.000000000
-300.000000000	700.000000000	1.460830078	126.440251443	0.000000000	0.000000000	0.000000000	0.000000000	0.000000000
-200.000000000	700.000000000	1.904911811	126.440251443	0.000000000	0.000000000	0.000000000	0.000000000	0.000000000
-100.000000000	700.000000000	2.268054730	126.440251443	0.000000000	0.000000000	0.000000000	0.000000000	0.000000000
0.000000000	700.000000000	2.426060138	126.440251443	0.000000000	0.000000000	0.000000000	0.000000000	0.000000000
100.000000000	700.000000000	2.271173172	126.440251443	0.000000000	0.000000000	0.000000000	0.000000000	0.000000000
200.000000000	700.000000000	2.000961977	126.440251443	0.000000000	0.000000000	0.000000000	0.000000000	0.000000000
300.000000000	700.000000000	1.571276115	126.440251443	0.000000000	0.000000000	0.000000000	0.000000000	0.000000000
400.000000000	700.000000000	1.155466739	126.440251443	0.000000000	0.000000000	0.000000000	0.000000000	0.000000000
500.000000000	700.000000000	0.803882584	126.440251443	0.000000000	0.000000000	0.000000000	0.000000000	0.000000000
600.000000000	700.000000000	0.539537364	126.440251443	0.000000000	0.000000000	0.000000000	0.000000000	0.000000000
700.000000000	700.000000000	0.372853602	126.440251443	0.000000000	0.000000000	0.000000000	0.000000000	0.000000000
800.000000000	700.000000000	0.270615223	126.440251443	0.000000000	0.000000000	0.000000000	0.000000000	0.000000000
900.000000000	700.000000000	0.215842311	126.440251443	0.000000000	0.000000000	0.000000000	0.000000000	0.000000000
1000.000000000	700.000000000	0.178348739	126.440251443	0.000000000	0.000000000	0.000000000	0.000000000	0.000000000
-1000.000000000	800.000000000	0.180808706	126.369815936	0.000000000	0.000000000	0.000000000	0.000000000	0.000000000
-900.000000000	800.000000000	0.211191234	126.369815936	0.000000000	0.000000000	0.000000000	0.000000000	0.000000000
-800.000000000	800.000000000	0.268214823	126.369815936	0.000000000	0.000000000	0.000000000	0.000000000	0.000000000
-700.000000000	800.000000000	0.365216110	126.369815936	0.000000000	0.000000000	0.000000000	0.000000000	0.000000000
-600.000000000	800.000000000	0.512503472	126.369815936	0.000000000	0.000000000	0.000000000	0.000000000	0.000000000
-500.000000000	800.000000000	0.755964702	126.369815936	0.000000000	0.000000000	0.000000000	0.000000000	0.000000000
-400.000000000	800.000000000	1.092690792	126.369815936	0.000000000	0.000000000	0.000000000	0.000000000	0.000000000
-300.000000000	800.000000000	1.515947641	126.369815936	0.000000000	0.000000000	0.000000000	0.000000000	0.000000000
-200.000000000	800.000000000	1.925369219	126.369815936	0.000000000	0.000000000	0.000000000	0.000000000	0.000000000
-100.000000000	800.000000000	2.274975837	126.369815936	0.000000000	0.000000000	0.000000000	0.000000000	0.000000000
0.000000000	800.000000000	2.390422620	126.369815936	0.000000000	0.000000000	0.000000000	0.000000000	0.000000000
100.000000000	800.000000000	2.329026156	126.369815936	0.000000000	0.000000000	0.000000000	0.000000000	0.000000000
200.000000000	800.000000000	2.035544942	126.369815936	0.000000000	0.000000000	0.000000000	0.000000000	0.000000000
300.000000000	800.000000000	1.635370670	126.369815936	0.000000000	0.000000000	0.000000000	0.000000000	0.000000000
400.000000000	800.000000000	1.178234349	126.369815936	0.000000000	0.000000000	0.000000000	0.000000000	0.000000000
500.000000000	800.000000000	0.831673154	126.369815936	0.000000000	0.000000000	0.000000000	0.000000000	0.000000000
600.000000000	800.000000000	0.558275303	126.369815936	0.000000000	0.000000000	0.000000000	0.000000000	0.000000000
700.000000000	800.000000000	0.395843353	126.369815936	0.000000000	0.000000000	0.000000000	0.000000000	0.000000000
800.000000000	800.000000000	0.282887692	126.369815936	0.000000000	0.000000000	0.000000000	0.000000000	0.000000000
900.000000000	800.000000000	0.217967413	126.369815936	0.000000000	0.000000000	0.000000000	0.000000000	0.000000000
1000.000000000	800.000000000	0.181642648	126.369815936	0.000000000	0.000000000	0.000000000	0.000000000	0.000000000
-1000.000000000	900.000000000	0.188067864	126.410068898	0.000000000	0.000000000	0.000000000	0.000000000	0.000000000
-900.000000000	900.000000000	0.221491542	126.410068898	0.000000000	0.000000000	0.000000000	0.000000000	0.000000000
-800.000000000	900.000000000	0.296498010	126.410068898	0.000000000	0.000000000	0.000000000	0.000000000	0.000000000
-700.000000000	900.000000000	0.382431055	126.410068898	0.000000000	0.000000000	0.000000000	0.000000000	0.000000000
-600.000000000	900.000000000	0.549238783	126.410068898	0.000000000	0.000000000	0.000000000	0.000000000	0.000000000
-500.000000000	900.000000000	0.801329239	126.410068898	0.000000000	0.000000000	0.000000000	0.000000000	0.000000000
-400.000000000	900.000000000	1.117040961	126.410068898	0.000000000	0.000000000	0.000000000	0.000000000	0.000000000
-300.000000000	900.000000000	1.553190157	126.410068898	0.000000000	0.000000000	0.000000000	0.000000000	0.000000000
-200.000000000	900.000000000	1.946770045	126.410068898	0.000000000	0.000000000	0.000000000	0.000000000	0.000000000
-100.000000000	900.000000000	2.278227904	126.410068898	0.000000000	0.000000000	0.000000000	0.000000000	0.000000000
0.000000000	900.000000000	2.397573953	126.410068898	0.000000000	0.000000000	0.000000000	0.000000000	0.000000000
100.000000000	900.000000000	2.322116318	126.410068898	0.000000000	0.000000000	0.000000000	0.000000000	0.000000000
200.000000000	900.000000000	2.065819724	126.410068898	0.000000000	0.000000000	0.000000000	0.000000000	0.000000000
300.000000000	900.000000000	1.628697505	126.410068898	0.000000000	0.000000000	0.000000000	0.000000000	0.000000000
400.000000000	900.000000000	1.197279807	126.410068898	0.000000000	0.000000000	0.000000000	0.000000000	0.000000000
500.000000000	900.000000000	0.846300957	126.410068898	0.000000000	0.000000000	0.000000000	0.000000000	0.000000000
600.000000000	900.000000000	0.602194111	126.410068898	0.000000000	0.000000000	0.000000000	0.000000000	0.000000000
700.000000000	900.000000000	0.417950865	126.410068898	0.000000000	0.000000000	0.000000000	0.000000000	0.000000000
800.000000000	900.000000000	0.311795530	126.410068898	0.000000000	0.000000000	0.000000000	0.000000000	0.000000000
900.000000000	900.000000000	0.237090118	126.410068898	0.000000000	0.000000000	0.000000000	0.000000000	0.000000000
1000.000000000	900.000000000	0.197838506	126.410068898	0.000000000	0.000000000	0.000000000	0.000000000	0.000000000
-1000.000000000	1000.000000000	0.192773678	126.369815936	0.000000000	0.000000000	0.000000000	0.000000000	0.000000000
-900.000000000	1000.000000000	0.239081597	126.369815936	0.000000000	0.000000000	0.000000000	0.000000000	0.000000000
-800.000000000	1000.000000000	0.294252162	126.369815936	0.000000000	0.000000000	0.000000000	0.000000000	0.000000000
-700.000000000	1000.000000000	0.398274342	126.369815936	0.000000000	0.000000000	0.000000000	0.000000000	0.000000000
-600.000000000	1000.000000000	0.568784906	126.369815936	0.000000000	0.000000000	0.000000000	0.000000000	0.000000000
-500.000000000	1000.000000000	0.818764755	126.369815936	0.000000000	0.000000000	0.000000000	0.000000000	0.000000000
-400.000000000	1000.000000000	1.204281389	126.369815936	0.000000000	0.000000000	0.000000000	0.000000000	0.000000000
-300.000000000	1000.000000000	1.580399591	126.369815936	0.000000000	0.000000000	0.000000000	0.000000000	0.000000000
-200.000000000	1000.000000000	1.987979484	126.369815936	0.000000000	0.000000000	0.000000000	0.000000000	0.000000000
-100.000000000	1000.000000000	2.322750632	126.369815936	0.000000000	0.000000000	0.000000000	0.000000000	0.000000000
0.000000000	1000.000000000	2.449404195	126.369815936	0.000000000	0.000000000	0.000000000	0.000000000	0.000000000
100.000000000	1000.000000000	2.361910681	126.369815936	0.000000000	0.000000000	0.000000000	0.000000000	0.000000000
200.000000000	1000.000000000	2.100307708	126.369815936	0.000000000	0.000000000	0.000000000	0.000000000	0.000000000
300.000000000	1000.000000000	1.704496270	126.369815936	0.000000000	0.000000000	0.000000000	0.000000000	0.000000000
400.000000000	1000.000000000	1.301579064	126.369815936	0.000000000	0.000000000	0.000000000	0.000000000	0.000000000
500.000000000	1000.000000000	0.938176319	126.369815936	0.000000000	0.000000000	0.000000000	0.000000000	0.000000000
600.000000000	1000.000000000	0.619834082	126.369815936	0.000000000	0.000000000	0.000000000	0.000000000	0.000000000
700.000000000	1000.000000000	0.431963667	126.369815936	0.000000000	0.000000000	0.000000000	0.000000000	0.000000000
800.000000000	1000.000000000	0.311290013	126.369815936	0.000000000	0.000000000	0.000000000	0.000000000	0.000000000
900.000000000	1000.000000000	0.241763734	126.369815936	0.000000000	0.000000000	0.000000000	0.000000000	0.000000000
1000.000000000	1000.000000000	0.211126837	126.369815936	0.000000000	0.000000000	0.000000000	0.000000000	0.000000000
