Set Temp (deg C)	125.000000	Laser Power (uW)	650.000000	Laser Detuning (GHz)	10.000000
X  Field (nT)	Z  Field (nT)	Photodiode Voltage (V)	Temperature (C) 2D	Y  Field (nT)	Photodiode Voltage (V)	Temperature (C) 1D	Frequency (Hz)	Photodiode Voltage (V)		
-1000.000000000	-1000.000000000	2.020762537	125.441006457	-1000.000000000	NaN	125.441006457	0.000000000	0.000000000
-900.000000000	-1000.000000000	2.023497812	125.441006457	-960.000000000	NaN	125.441006457	0.000000000	0.000000000
-800.000000000	-1000.000000000	2.022913407	125.441006457	-920.000000000	NaN	125.441006457	0.000000000	0.000000000
-700.000000000	-1000.000000000	2.025548866	125.441006457	-880.000000000	NaN	125.441006457	0.000000000	0.000000000
-600.000000000	-1000.000000000	2.026941458	125.441006457	-840.000000000	NaN	125.441006457	0.000000000	0.000000000
-500.000000000	-1000.000000000	2.028517582	125.441006457	-800.000000000	NaN	125.441006457	0.000000000	0.000000000
-400.000000000	-1000.000000000	2.030538048	125.441006457	-760.000000000	NaN	125.441006457	0.000000000	0.000000000
-300.000000000	-1000.000000000	2.031471809	125.441006457	-720.000000000	NaN	125.441006457	0.000000000	0.000000000
-200.000000000	-1000.000000000	2.032498946	125.441006457	-680.000000000	NaN	125.441006457	0.000000000	0.000000000
-100.000000000	-1000.000000000	2.035361406	125.441006457	-640.000000000	NaN	125.441006457	0.000000000	0.000000000
0.000000000	-1000.000000000	2.036567246	125.441006457	-600.000000000	NaN	125.441006457	0.000000000	0.000000000
100.000000000	-1000.000000000	2.038436377	125.441006457	-560.000000000	NaN	125.441006457	0.000000000	0.000000000
200.000000000	-1000.000000000	2.039824139	125.441006457	-520.000000000	NaN	125.441006457	0.000000000	0.000000000
300.000000000	-1000.000000000	2.040023771	125.441006457	-480.000000000	NaN	125.441006457	0.000000000	0.000000000
400.000000000	-1000.000000000	2.041113695	125.441006457	-440.000000000	NaN	125.441006457	0.000000000	0.000000000
500.000000000	-1000.000000000	2.041786647	125.441006457	-400.000000000	NaN	125.441006457	0.000000000	0.000000000
600.000000000	-1000.000000000	2.043240417	125.441006457	-360.000000000	NaN	125.441006457	0.000000000	0.000000000
700.000000000	-1000.000000000	2.043757205	125.441006457	-320.000000000	NaN	125.441006457	0.000000000	0.000000000
800.000000000	-1000.000000000	2.045153017	125.441006457	-280.000000000	NaN	125.441006457	0.000000000	0.000000000
900.000000000	-1000.000000000	2.046437743	125.441006457	-240.000000000	NaN	125.441006457	0.000000000	0.000000000
1000.000000000	-1000.000000000	2.046643814	125.441006457	-200.000000000	NaN	125.441006457	0.000000000	0.000000000
-1000.000000000	-900.000000000	1.418608657	125.400494548	-160.000000000	NaN	125.441006457	0.000000000	0.000000000
-900.000000000	-900.000000000	1.550751160	125.400494548	-120.000000000	NaN	125.441006457	0.000000000	0.000000000
-800.000000000	-900.000000000	1.230330039	125.400494548	-80.000000000	NaN	125.441006457	0.000000000	0.000000000
-700.000000000	-900.000000000	1.436573263	125.400494548	-40.000000000	NaN	125.441006457	0.000000000	0.000000000
-600.000000000	-900.000000000	1.563442192	125.400494548	0.000000000	NaN	125.441006457	0.000000000	0.000000000
-500.000000000	-900.000000000	1.687598433	125.400494548	40.000000000	NaN	125.441006457	0.000000000	0.000000000
-400.000000000	-900.000000000	1.809817971	125.400494548	80.000000000	NaN	125.441006457	0.000000000	0.000000000
-300.000000000	-900.000000000	1.920209383	125.400494548	120.000000000	NaN	125.441006457	0.000000000	0.000000000
-200.000000000	-900.000000000	1.658663512	125.400494548	160.000000000	NaN	125.441006457	0.000000000	0.000000000
-100.000000000	-900.000000000	0.998836799	125.400494548	200.000000000	NaN	125.441006457	0.000000000	0.000000000
0.000000000	-900.000000000	1.002140372	125.400494548	240.000000000	NaN	125.441006457	0.000000000	0.000000000
100.000000000	-900.000000000	1.003127258	125.400494548	280.000000000	NaN	125.441006457	0.000000000	0.000000000
200.000000000	-900.000000000	1.633213571	125.400494548	320.000000000	NaN	125.441006457	0.000000000	0.000000000
300.000000000	-900.000000000	1.839897962	125.400494548	360.000000000	NaN	125.441006457	0.000000000	0.000000000
400.000000000	-900.000000000	1.479062533	125.400494548	400.000000000	NaN	125.441006457	0.000000000	0.000000000
500.000000000	-900.000000000	1.350116822	125.400494548	440.000000000	NaN	125.441006457	0.000000000	0.000000000
600.000000000	-900.000000000	1.238200981	125.400494548	480.000000000	NaN	125.441006457	0.000000000	0.000000000
700.000000000	-900.000000000	1.148928818	125.400494548	520.000000000	NaN	125.441006457	0.000000000	0.000000000
800.000000000	-900.000000000	1.034772007	125.400494548	560.000000000	NaN	125.441006457	0.000000000	0.000000000
900.000000000	-900.000000000	0.946575313	125.400494548	600.000000000	NaN	125.441006457	0.000000000	0.000000000
1000.000000000	-900.000000000	0.887614923	125.400494548	640.000000000	NaN	125.441006457	0.000000000	0.000000000
-1000.000000000	-800.000000000	0.829884525	124.231271922	680.000000000	NaN	125.441006457	0.000000000	0.000000000
-900.000000000	-800.000000000	0.912700819	124.231271922	720.000000000	NaN	125.441006457	0.000000000	0.000000000
-800.000000000	-800.000000000	0.998519643	124.231271922	760.000000000	NaN	125.441006457	0.000000000	0.000000000
-700.000000000	-800.000000000	1.075799422	124.231271922	800.000000000	NaN	125.441006457	0.000000000	0.000000000
-600.000000000	-800.000000000	1.203420077	124.231271922	840.000000000	NaN	125.441006457	0.000000000	0.000000000
-500.000000000	-800.000000000	1.344454701	124.231271922	880.000000000	NaN	125.441006457	0.000000000	0.000000000
-400.000000000	-800.000000000	1.484512145	124.231271922	920.000000000	NaN	125.441006457	0.000000000	0.000000000
-300.000000000	-800.000000000	1.561061105	124.231271922	960.000000000	NaN	125.441006457	0.000000000	0.000000000
-200.000000000	-800.000000000	1.668206816	124.231271922	1000.000000000	NaN	125.441006457	0.000000000	0.000000000
-100.000000000	-800.000000000	1.729013908	124.231271922	0.000000000	0.000000000	0.000000000	0.000000000	0.000000000
0.000000000	-800.000000000	1.761194823	124.231271922	0.000000000	0.000000000	0.000000000	0.000000000	0.000000000
100.000000000	-800.000000000	1.732059898	124.231271922	0.000000000	0.000000000	0.000000000	0.000000000	0.000000000
200.000000000	-800.000000000	1.666772367	124.231271922	0.000000000	0.000000000	0.000000000	0.000000000	0.000000000
300.000000000	-800.000000000	1.554231781	124.231271922	0.000000000	0.000000000	0.000000000	0.000000000	0.000000000
400.000000000	-800.000000000	1.465730703	124.231271922	0.000000000	0.000000000	0.000000000	0.000000000	0.000000000
500.000000000	-800.000000000	1.340061203	124.231271922	0.000000000	0.000000000	0.000000000	0.000000000	0.000000000
600.000000000	-800.000000000	1.184286073	124.231271922	0.000000000	0.000000000	0.000000000	0.000000000	0.000000000
700.000000000	-800.000000000	1.094727351	124.231271922	0.000000000	0.000000000	0.000000000	0.000000000	0.000000000
800.000000000	-800.000000000	0.968710214	124.231271922	0.000000000	0.000000000	0.000000000	0.000000000	0.000000000
900.000000000	-800.000000000	0.858185443	124.231271922	0.000000000	0.000000000	0.000000000	0.000000000	0.000000000
1000.000000000	-800.000000000	0.806149362	124.231271922	0.000000000	0.000000000	0.000000000	0.000000000	0.000000000
-1000.000000000	-700.000000000	0.745001095	122.878723710	0.000000000	0.000000000	0.000000000	0.000000000	0.000000000
-900.000000000	-700.000000000	0.800453438	122.878723710	0.000000000	0.000000000	0.000000000	0.000000000	0.000000000
-800.000000000	-700.000000000	0.878211335	122.878723710	0.000000000	0.000000000	0.000000000	0.000000000	0.000000000
-700.000000000	-700.000000000	0.979309981	122.878723710	0.000000000	0.000000000	0.000000000	0.000000000	0.000000000
-600.000000000	-700.000000000	1.085805127	122.878723710	0.000000000	0.000000000	0.000000000	0.000000000	0.000000000
-500.000000000	-700.000000000	1.251236578	122.878723710	0.000000000	0.000000000	0.000000000	0.000000000	0.000000000
-400.000000000	-700.000000000	1.365731529	122.878723710	0.000000000	0.000000000	0.000000000	0.000000000	0.000000000
-300.000000000	-700.000000000	1.528171840	122.878723710	0.000000000	0.000000000	0.000000000	0.000000000	0.000000000
-200.000000000	-700.000000000	1.622929124	122.878723710	0.000000000	0.000000000	0.000000000	0.000000000	0.000000000
-100.000000000	-700.000000000	1.710182545	122.878723710	0.000000000	0.000000000	0.000000000	0.000000000	0.000000000
0.000000000	-700.000000000	1.737730075	122.878723710	0.000000000	0.000000000	0.000000000	0.000000000	0.000000000
100.000000000	-700.000000000	1.702237535	122.878723710	0.000000000	0.000000000	0.000000000	0.000000000	0.000000000
200.000000000	-700.000000000	1.628114711	122.878723710	0.000000000	0.000000000	0.000000000	0.000000000	0.000000000
300.000000000	-700.000000000	1.502588440	122.878723710	0.000000000	0.000000000	0.000000000	0.000000000	0.000000000
400.000000000	-700.000000000	1.362250861	122.878723710	0.000000000	0.000000000	0.000000000	0.000000000	0.000000000
500.000000000	-700.000000000	1.252381237	122.878723710	0.000000000	0.000000000	0.000000000	0.000000000	0.000000000
600.000000000	-700.000000000	1.076958570	122.878723710	0.000000000	0.000000000	0.000000000	0.000000000	0.000000000
700.000000000	-700.000000000	0.978841492	122.878723710	0.000000000	0.000000000	0.000000000	0.000000000	0.000000000
800.000000000	-700.000000000	0.883084587	122.878723710	0.000000000	0.000000000	0.000000000	0.000000000	0.000000000
900.000000000	-700.000000000	0.777777609	122.878723710	0.000000000	0.000000000	0.000000000	0.000000000	0.000000000
1000.000000000	-700.000000000	0.711078316	122.878723710	0.000000000	0.000000000	0.000000000	0.000000000	0.000000000
-1000.000000000	-600.000000000	0.671593240	122.466708542	0.000000000	0.000000000	0.000000000	0.000000000	0.000000000
-900.000000000	-600.000000000	0.729204488	122.466708542	0.000000000	0.000000000	0.000000000	0.000000000	0.000000000
-800.000000000	-600.000000000	0.764065856	122.466708542	0.000000000	0.000000000	0.000000000	0.000000000	0.000000000
-700.000000000	-600.000000000	0.864047191	122.466708542	0.000000000	0.000000000	0.000000000	0.000000000	0.000000000
-600.000000000	-600.000000000	1.001725010	122.466708542	0.000000000	0.000000000	0.000000000	0.000000000	0.000000000
-500.000000000	-600.000000000	1.122786795	122.466708542	0.000000000	0.000000000	0.000000000	0.000000000	0.000000000
-400.000000000	-600.000000000	1.294373019	122.466708542	0.000000000	0.000000000	0.000000000	0.000000000	0.000000000
-300.000000000	-600.000000000	1.460469452	122.466708542	0.000000000	0.000000000	0.000000000	0.000000000	0.000000000
-200.000000000	-600.000000000	1.585997318	122.466708542	0.000000000	0.000000000	0.000000000	0.000000000	0.000000000
-100.000000000	-600.000000000	1.674461397	122.466708542	0.000000000	0.000000000	0.000000000	0.000000000	0.000000000
0.000000000	-600.000000000	1.712050065	122.466708542	0.000000000	0.000000000	0.000000000	0.000000000	0.000000000
100.000000000	-600.000000000	1.673134814	122.466708542	0.000000000	0.000000000	0.000000000	0.000000000	0.000000000
200.000000000	-600.000000000	1.582457081	122.466708542	0.000000000	0.000000000	0.000000000	0.000000000	0.000000000
300.000000000	-600.000000000	1.421188774	122.466708542	0.000000000	0.000000000	0.000000000	0.000000000	0.000000000
400.000000000	-600.000000000	1.293241238	122.466708542	0.000000000	0.000000000	0.000000000	0.000000000	0.000000000
500.000000000	-600.000000000	1.094629145	122.466708542	0.000000000	0.000000000	0.000000000	0.000000000	0.000000000
600.000000000	-600.000000000	0.954085628	122.466708542	0.000000000	0.000000000	0.000000000	0.000000000	0.000000000
700.000000000	-600.000000000	0.845697234	122.466708542	0.000000000	0.000000000	0.000000000	0.000000000	0.000000000
800.000000000	-600.000000000	0.769674843	122.466708542	0.000000000	0.000000000	0.000000000	0.000000000	0.000000000
900.000000000	-600.000000000	0.676121965	122.466708542	0.000000000	0.000000000	0.000000000	0.000000000	0.000000000
1000.000000000	-600.000000000	0.624895693	122.466708542	0.000000000	0.000000000	0.000000000	0.000000000	0.000000000
-1000.000000000	-500.000000000	0.574108934	123.269219475	0.000000000	0.000000000	0.000000000	0.000000000	0.000000000
-900.000000000	-500.000000000	0.621213789	123.269219475	0.000000000	0.000000000	0.000000000	0.000000000	0.000000000
-800.000000000	-500.000000000	0.664588446	123.269219475	0.000000000	0.000000000	0.000000000	0.000000000	0.000000000
-700.000000000	-500.000000000	0.767750980	123.269219475	0.000000000	0.000000000	0.000000000	0.000000000	0.000000000
-600.000000000	-500.000000000	0.877771825	123.269219475	0.000000000	0.000000000	0.000000000	0.000000000	0.000000000
-500.000000000	-500.000000000	0.997486069	123.269219475	0.000000000	0.000000000	0.000000000	0.000000000	0.000000000
-400.000000000	-500.000000000	1.177274832	123.269219475	0.000000000	0.000000000	0.000000000	0.000000000	0.000000000
-300.000000000	-500.000000000	1.343575680	123.269219475	0.000000000	0.000000000	0.000000000	0.000000000	0.000000000
-200.000000000	-500.000000000	1.515928321	123.269219475	0.000000000	0.000000000	0.000000000	0.000000000	0.000000000
-100.000000000	-500.000000000	1.636547528	123.269219475	0.000000000	0.000000000	0.000000000	0.000000000	0.000000000
0.000000000	-500.000000000	1.683774847	123.269219475	0.000000000	0.000000000	0.000000000	0.000000000	0.000000000
100.000000000	-500.000000000	1.634519015	123.269219475	0.000000000	0.000000000	0.000000000	0.000000000	0.000000000
200.000000000	-500.000000000	1.518599195	123.269219475	0.000000000	0.000000000	0.000000000	0.000000000	0.000000000
300.000000000	-500.000000000	1.380624986	123.269219475	0.000000000	0.000000000	0.000000000	0.000000000	0.000000000
400.000000000	-500.000000000	1.177173407	123.269219475	0.000000000	0.000000000	0.000000000	0.000000000	0.000000000
500.000000000	-500.000000000	0.990389506	123.269219475	0.000000000	0.000000000	0.000000000	0.000000000	0.000000000
600.000000000	-500.000000000	0.835607817	123.269219475	0.000000000	0.000000000	0.000000000	0.000000000	0.000000000
700.000000000	-500.000000000	0.722500750	123.269219475	0.000000000	0.000000000	0.000000000	0.000000000	0.000000000
800.000000000	-500.000000000	0.669384420	123.269219475	0.000000000	0.000000000	0.000000000	0.000000000	0.000000000
900.000000000	-500.000000000	0.618270843	123.269219475	0.000000000	0.000000000	0.000000000	0.000000000	0.000000000
1000.000000000	-500.000000000	0.561248838	123.269219475	0.000000000	0.000000000	0.000000000	0.000000000	0.000000000
-1000.000000000	-400.000000000	0.514760589	123.750947659	0.000000000	0.000000000	0.000000000	0.000000000	0.000000000
-900.000000000	-400.000000000	0.539754703	123.750947659	0.000000000	0.000000000	0.000000000	0.000000000	0.000000000
-800.000000000	-400.000000000	0.580770812	123.750947659	0.000000000	0.000000000	0.000000000	0.000000000	0.000000000
-700.000000000	-400.000000000	0.633022605	123.750947659	0.000000000	0.000000000	0.000000000	0.000000000	0.000000000
-600.000000000	-400.000000000	0.721079185	123.750947659	0.000000000	0.000000000	0.000000000	0.000000000	0.000000000
-500.000000000	-400.000000000	0.878591278	123.750947659	0.000000000	0.000000000	0.000000000	0.000000000	0.000000000
-400.000000000	-400.000000000	1.053616218	123.750947659	0.000000000	0.000000000	0.000000000	0.000000000	0.000000000
-300.000000000	-400.000000000	1.222911486	123.750947659	0.000000000	0.000000000	0.000000000	0.000000000	0.000000000
-200.000000000	-400.000000000	1.422457399	123.750947659	0.000000000	0.000000000	0.000000000	0.000000000	0.000000000
-100.000000000	-400.000000000	1.581611867	123.750947659	0.000000000	0.000000000	0.000000000	0.000000000	0.000000000
0.000000000	-400.000000000	1.653313346	123.750947659	0.000000000	0.000000000	0.000000000	0.000000000	0.000000000
100.000000000	-400.000000000	1.591627244	123.750947659	0.000000000	0.000000000	0.000000000	0.000000000	0.000000000
200.000000000	-400.000000000	1.445231465	123.750947659	0.000000000	0.000000000	0.000000000	0.000000000	0.000000000
300.000000000	-400.000000000	1.225629046	123.750947659	0.000000000	0.000000000	0.000000000	0.000000000	0.000000000
400.000000000	-400.000000000	1.052445801	123.750947659	0.000000000	0.000000000	0.000000000	0.000000000	0.000000000
500.000000000	-400.000000000	0.874558409	123.750947659	0.000000000	0.000000000	0.000000000	0.000000000	0.000000000
600.000000000	-400.000000000	0.717587252	123.750947659	0.000000000	0.000000000	0.000000000	0.000000000	0.000000000
700.000000000	-400.000000000	0.629485595	123.750947659	0.000000000	0.000000000	0.000000000	0.000000000	0.000000000
800.000000000	-400.000000000	0.568709239	123.750947659	0.000000000	0.000000000	0.000000000	0.000000000	0.000000000
900.000000000	-400.000000000	0.524793653	123.750947659	0.000000000	0.000000000	0.000000000	0.000000000	0.000000000
1000.000000000	-400.000000000	0.501201785	123.750947659	0.000000000	0.000000000	0.000000000	0.000000000	0.000000000
-1000.000000000	-300.000000000	0.466401608	124.190448390	0.000000000	0.000000000	0.000000000	0.000000000	0.000000000
-900.000000000	-300.000000000	0.490003135	124.190448390	0.000000000	0.000000000	0.000000000	0.000000000	0.000000000
-800.000000000	-300.000000000	0.516888912	124.190448390	0.000000000	0.000000000	0.000000000	0.000000000	0.000000000
-700.000000000	-300.000000000	0.540928340	124.190448390	0.000000000	0.000000000	0.000000000	0.000000000	0.000000000
-600.000000000	-300.000000000	0.607857834	124.190448390	0.000000000	0.000000000	0.000000000	0.000000000	0.000000000
-500.000000000	-300.000000000	0.702569850	124.190448390	0.000000000	0.000000000	0.000000000	0.000000000	0.000000000
-400.000000000	-300.000000000	0.888276604	124.190448390	0.000000000	0.000000000	0.000000000	0.000000000	0.000000000
-300.000000000	-300.000000000	1.104156702	124.190448390	0.000000000	0.000000000	0.000000000	0.000000000	0.000000000
-200.000000000	-300.000000000	1.321463298	124.190448390	0.000000000	0.000000000	0.000000000	0.000000000	0.000000000
-100.000000000	-300.000000000	1.546826102	124.190448390	0.000000000	0.000000000	0.000000000	0.000000000	0.000000000
0.000000000	-300.000000000	1.614605783	124.190448390	0.000000000	0.000000000	0.000000000	0.000000000	0.000000000
100.000000000	-300.000000000	1.529129749	124.190448390	0.000000000	0.000000000	0.000000000	0.000000000	0.000000000
200.000000000	-300.000000000	1.344391913	124.190448390	0.000000000	0.000000000	0.000000000	0.000000000	0.000000000
300.000000000	-300.000000000	1.114909415	124.190448390	0.000000000	0.000000000	0.000000000	0.000000000	0.000000000
400.000000000	-300.000000000	0.864985779	124.190448390	0.000000000	0.000000000	0.000000000	0.000000000	0.000000000
500.000000000	-300.000000000	0.719477307	124.190448390	0.000000000	0.000000000	0.000000000	0.000000000	0.000000000
600.000000000	-300.000000000	0.610573781	124.190448390	0.000000000	0.000000000	0.000000000	0.000000000	0.000000000
700.000000000	-300.000000000	0.545634157	124.190448390	0.000000000	0.000000000	0.000000000	0.000000000	0.000000000
800.000000000	-300.000000000	0.509038909	124.190448390	0.000000000	0.000000000	0.000000000	0.000000000	0.000000000
900.000000000	-300.000000000	0.477184898	124.190448390	0.000000000	0.000000000	0.000000000	0.000000000	0.000000000
1000.000000000	-300.000000000	0.463820896	124.190448390	0.000000000	0.000000000	0.000000000	0.000000000	0.000000000
-1000.000000000	-200.000000000	0.433460898	124.598218514	0.000000000	0.000000000	0.000000000	0.000000000	0.000000000
-900.000000000	-200.000000000	0.437364970	124.598218514	0.000000000	0.000000000	0.000000000	0.000000000	0.000000000
-800.000000000	-200.000000000	0.450614667	124.598218514	0.000000000	0.000000000	0.000000000	0.000000000	0.000000000
-700.000000000	-200.000000000	0.480797573	124.598218514	0.000000000	0.000000000	0.000000000	0.000000000	0.000000000
-600.000000000	-200.000000000	0.506050885	124.598218514	0.000000000	0.000000000	0.000000000	0.000000000	0.000000000
-500.000000000	-200.000000000	0.595870318	124.598218514	0.000000000	0.000000000	0.000000000	0.000000000	0.000000000
-400.000000000	-200.000000000	0.722602176	124.598218514	0.000000000	0.000000000	0.000000000	0.000000000	0.000000000
-300.000000000	-200.000000000	0.941524970	124.598218514	0.000000000	0.000000000	0.000000000	0.000000000	0.000000000
-200.000000000	-200.000000000	1.216858153	124.598218514	0.000000000	0.000000000	0.000000000	0.000000000	0.000000000
-100.000000000	-200.000000000	1.453419569	124.598218514	0.000000000	0.000000000	0.000000000	0.000000000	0.000000000
0.000000000	-200.000000000	1.583912458	124.598218514	0.000000000	0.000000000	0.000000000	0.000000000	0.000000000
100.000000000	-200.000000000	1.490779604	124.598218514	0.000000000	0.000000000	0.000000000	0.000000000	0.000000000
200.000000000	-200.000000000	1.214863451	124.598218514	0.000000000	0.000000000	0.000000000	0.000000000	0.000000000
300.000000000	-200.000000000	0.958551568	124.598218514	0.000000000	0.000000000	0.000000000	0.000000000	0.000000000
400.000000000	-200.000000000	0.718263422	124.598218514	0.000000000	0.000000000	0.000000000	0.000000000	0.000000000
500.000000000	-200.000000000	0.576668718	124.598218514	0.000000000	0.000000000	0.000000000	0.000000000	0.000000000
600.000000000	-200.000000000	0.515060035	124.598218514	0.000000000	0.000000000	0.000000000	0.000000000	0.000000000
700.000000000	-200.000000000	0.475397879	124.598218514	0.000000000	0.000000000	0.000000000	0.000000000	0.000000000
800.000000000	-200.000000000	0.450629156	124.598218514	0.000000000	0.000000000	0.000000000	0.000000000	0.000000000
900.000000000	-200.000000000	0.439992371	124.598218514	0.000000000	0.000000000	0.000000000	0.000000000	0.000000000
1000.000000000	-200.000000000	0.423685424	124.598218514	0.000000000	0.000000000	0.000000000	0.000000000	0.000000000
-1000.000000000	-100.000000000	0.409785317	124.822049030	0.000000000	0.000000000	0.000000000	0.000000000	0.000000000
-900.000000000	-100.000000000	0.412145470	124.822049030	0.000000000	0.000000000	0.000000000	0.000000000	0.000000000
-800.000000000	-100.000000000	0.426142172	124.822049030	0.000000000	0.000000000	0.000000000	0.000000000	0.000000000
-700.000000000	-100.000000000	0.436527809	124.822049030	0.000000000	0.000000000	0.000000000	0.000000000	0.000000000
-600.000000000	-100.000000000	0.460831262	124.822049030	0.000000000	0.000000000	0.000000000	0.000000000	0.000000000
-500.000000000	-100.000000000	0.498786895	124.822049030	0.000000000	0.000000000	0.000000000	0.000000000	0.000000000
-400.000000000	-100.000000000	0.588334249	124.822049030	0.000000000	0.000000000	0.000000000	0.000000000	0.000000000
-300.000000000	-100.000000000	0.740284009	124.822049030	0.000000000	0.000000000	0.000000000	0.000000000	0.000000000
-200.000000000	-100.000000000	1.042665486	124.822049030	0.000000000	0.000000000	0.000000000	0.000000000	0.000000000
-100.000000000	-100.000000000	1.380236994	124.822049030	0.000000000	0.000000000	0.000000000	0.000000000	0.000000000
0.000000000	-100.000000000	1.602259225	124.822049030	0.000000000	0.000000000	0.000000000	0.000000000	0.000000000
100.000000000	-100.000000000	1.428922877	124.822049030	0.000000000	0.000000000	0.000000000	0.000000000	0.000000000
200.000000000	-100.000000000	1.091984033	124.822049030	0.000000000	0.000000000	0.000000000	0.000000000	0.000000000
300.000000000	-100.000000000	0.789164626	124.822049030	0.000000000	0.000000000	0.000000000	0.000000000	0.000000000
400.000000000	-100.000000000	0.596680111	124.822049030	0.000000000	0.000000000	0.000000000	0.000000000	0.000000000
500.000000000	-100.000000000	0.501935912	124.822049030	0.000000000	0.000000000	0.000000000	0.000000000	0.000000000
600.000000000	-100.000000000	0.462502366	124.822049030	0.000000000	0.000000000	0.000000000	0.000000000	0.000000000
700.000000000	-100.000000000	0.434005053	124.822049030	0.000000000	0.000000000	0.000000000	0.000000000	0.000000000
800.000000000	-100.000000000	0.422342745	124.822049030	0.000000000	0.000000000	0.000000000	0.000000000	0.000000000
900.000000000	-100.000000000	0.407750370	124.822049030	0.000000000	0.000000000	0.000000000	0.000000000	0.000000000
1000.000000000	-100.000000000	0.406154933	124.822049030	0.000000000	0.000000000	0.000000000	0.000000000	0.000000000
-1000.000000000	0.000000000	0.397235939	125.278895010	0.000000000	0.000000000	0.000000000	0.000000000	0.000000000
-900.000000000	0.000000000	0.401028926	125.278895010	0.000000000	0.000000000	0.000000000	0.000000000	0.000000000
-800.000000000	0.000000000	0.406682989	125.278895010	0.000000000	0.000000000	0.000000000	0.000000000	0.000000000
-700.000000000	0.000000000	0.414029084	125.278895010	0.000000000	0.000000000	0.000000000	0.000000000	0.000000000
-600.000000000	0.000000000	0.427576616	125.278895010	0.000000000	0.000000000	0.000000000	0.000000000	0.000000000
-500.000000000	0.000000000	0.450840057	125.278895010	0.000000000	0.000000000	0.000000000	0.000000000	0.000000000
-400.000000000	0.000000000	0.491344204	125.278895010	0.000000000	0.000000000	0.000000000	0.000000000	0.000000000
-300.000000000	0.000000000	0.598124216	125.278895010	0.000000000	0.000000000	0.000000000	0.000000000	0.000000000
-200.000000000	0.000000000	0.872309340	125.278895010	0.000000000	0.000000000	0.000000000	0.000000000	0.000000000
-100.000000000	0.000000000	1.281437240	125.278895010	0.000000000	0.000000000	0.000000000	0.000000000	0.000000000
0.000000000	0.000000000	1.634622051	125.278895010	0.000000000	0.000000000	0.000000000	0.000000000	0.000000000
100.000000000	0.000000000	1.353172472	125.278895010	0.000000000	0.000000000	0.000000000	0.000000000	0.000000000
200.000000000	0.000000000	0.945825088	125.278895010	0.000000000	0.000000000	0.000000000	0.000000000	0.000000000
300.000000000	0.000000000	0.633871037	125.278895010	0.000000000	0.000000000	0.000000000	0.000000000	0.000000000
400.000000000	0.000000000	0.506466246	125.278895010	0.000000000	0.000000000	0.000000000	0.000000000	0.000000000
500.000000000	0.000000000	0.457302302	125.278895010	0.000000000	0.000000000	0.000000000	0.000000000	0.000000000
600.000000000	0.000000000	0.430719193	125.278895010	0.000000000	0.000000000	0.000000000	0.000000000	0.000000000
700.000000000	0.000000000	0.416965590	125.278895010	0.000000000	0.000000000	0.000000000	0.000000000	0.000000000
800.000000000	0.000000000	0.407883994	125.278895010	0.000000000	0.000000000	0.000000000	0.000000000	0.000000000
900.000000000	0.000000000	0.401640698	125.278895010	0.000000000	0.000000000	0.000000000	0.000000000	0.000000000
1000.000000000	0.000000000	0.398626916	125.278895010	0.000000000	0.000000000	0.000000000	0.000000000	0.000000000
-1000.000000000	100.000000000	0.397197301	125.481507711	0.000000000	0.000000000	0.000000000	0.000000000	0.000000000
-900.000000000	100.000000000	0.399744205	125.481507711	0.000000000	0.000000000	0.000000000	0.000000000	0.000000000
-800.000000000	100.000000000	0.404334106	125.481507711	0.000000000	0.000000000	0.000000000	0.000000000	0.000000000
-700.000000000	100.000000000	0.409543828	125.481507711	0.000000000	0.000000000	0.000000000	0.000000000	0.000000000
-600.000000000	100.000000000	0.417768943	125.481507711	0.000000000	0.000000000	0.000000000	0.000000000	0.000000000
-500.000000000	100.000000000	0.431474249	125.481507711	0.000000000	0.000000000	0.000000000	0.000000000	0.000000000
-400.000000000	100.000000000	0.458897740	125.481507711	0.000000000	0.000000000	0.000000000	0.000000000	0.000000000
-300.000000000	100.000000000	0.520918559	125.481507711	0.000000000	0.000000000	0.000000000	0.000000000	0.000000000
-200.000000000	100.000000000	0.722644035	125.481507711	0.000000000	0.000000000	0.000000000	0.000000000	0.000000000
-100.000000000	100.000000000	1.193021547	125.481507711	0.000000000	0.000000000	0.000000000	0.000000000	0.000000000
0.000000000	100.000000000	1.626852525	125.481507711	0.000000000	0.000000000	0.000000000	0.000000000	0.000000000
100.000000000	100.000000000	1.288994247	125.481507711	0.000000000	0.000000000	0.000000000	0.000000000	0.000000000
200.000000000	100.000000000	0.789596087	125.481507711	0.000000000	0.000000000	0.000000000	0.000000000	0.000000000
300.000000000	100.000000000	0.551099858	125.481507711	0.000000000	0.000000000	0.000000000	0.000000000	0.000000000
400.000000000	100.000000000	0.471439069	125.481507711	0.000000000	0.000000000	0.000000000	0.000000000	0.000000000
500.000000000	100.000000000	0.437756183	125.481507711	0.000000000	0.000000000	0.000000000	0.000000000	0.000000000
600.000000000	100.000000000	0.420492939	125.481507711	0.000000000	0.000000000	0.000000000	0.000000000	0.000000000
700.000000000	100.000000000	0.411050719	125.481507711	0.000000000	0.000000000	0.000000000	0.000000000	0.000000000
800.000000000	100.000000000	0.405272693	125.481507711	0.000000000	0.000000000	0.000000000	0.000000000	0.000000000
900.000000000	100.000000000	0.401614940	125.481507711	0.000000000	0.000000000	0.000000000	0.000000000	0.000000000
1000.000000000	100.000000000	0.398596327	125.481507711	0.000000000	0.000000000	0.000000000	0.000000000	0.000000000
-1000.000000000	200.000000000	0.400156346	125.471383397	0.000000000	0.000000000	0.000000000	0.000000000	0.000000000
-900.000000000	200.000000000	0.404545006	125.471383397	0.000000000	0.000000000	0.000000000	0.000000000	0.000000000
-800.000000000	200.000000000	0.405432076	125.471383397	0.000000000	0.000000000	0.000000000	0.000000000	0.000000000
-700.000000000	200.000000000	0.412586589	125.471383397	0.000000000	0.000000000	0.000000000	0.000000000	0.000000000
-600.000000000	200.000000000	0.421083782	125.471383397	0.000000000	0.000000000	0.000000000	0.000000000	0.000000000
-500.000000000	200.000000000	0.434317379	125.471383397	0.000000000	0.000000000	0.000000000	0.000000000	0.000000000
-400.000000000	200.000000000	0.452441934	125.471383397	0.000000000	0.000000000	0.000000000	0.000000000	0.000000000
-300.000000000	200.000000000	0.504835390	125.471383397	0.000000000	0.000000000	0.000000000	0.000000000	0.000000000
-200.000000000	200.000000000	0.657016959	125.471383397	0.000000000	0.000000000	0.000000000	0.000000000	0.000000000
-100.000000000	200.000000000	1.130672230	125.471383397	0.000000000	0.000000000	0.000000000	0.000000000	0.000000000
0.000000000	200.000000000	1.603495653	125.471383397	0.000000000	0.000000000	0.000000000	0.000000000	0.000000000
100.000000000	200.000000000	1.256533248	125.471383397	0.000000000	0.000000000	0.000000000	0.000000000	0.000000000
200.000000000	200.000000000	0.730439303	125.471383397	0.000000000	0.000000000	0.000000000	0.000000000	0.000000000
300.000000000	200.000000000	0.534358229	125.471383397	0.000000000	0.000000000	0.000000000	0.000000000	0.000000000
400.000000000	200.000000000	0.471595232	125.471383397	0.000000000	0.000000000	0.000000000	0.000000000	0.000000000
500.000000000	200.000000000	0.443411855	125.471383397	0.000000000	0.000000000	0.000000000	0.000000000	0.000000000
600.000000000	200.000000000	0.424339054	125.471383397	0.000000000	0.000000000	0.000000000	0.000000000	0.000000000
700.000000000	200.000000000	0.414320480	125.471383397	0.000000000	0.000000000	0.000000000	0.000000000	0.000000000
800.000000000	200.000000000	0.409733800	125.471383397	0.000000000	0.000000000	0.000000000	0.000000000	0.000000000
900.000000000	200.000000000	0.403211987	125.471383397	0.000000000	0.000000000	0.000000000	0.000000000	0.000000000
1000.000000000	200.000000000	0.404554666	125.471383397	0.000000000	0.000000000	0.000000000	0.000000000	0.000000000
-1000.000000000	300.000000000	0.412198597	125.410623523	0.000000000	0.000000000	0.000000000	0.000000000	0.000000000
-900.000000000	300.000000000	0.413848772	125.410623523	0.000000000	0.000000000	0.000000000	0.000000000	0.000000000
-800.000000000	300.000000000	0.413963077	125.410623523	0.000000000	0.000000000	0.000000000	0.000000000	0.000000000
-700.000000000	300.000000000	0.425163336	125.410623523	0.000000000	0.000000000	0.000000000	0.000000000	0.000000000
-600.000000000	300.000000000	0.428827529	125.410623523	0.000000000	0.000000000	0.000000000	0.000000000	0.000000000
-500.000000000	300.000000000	0.449537626	125.410623523	0.000000000	0.000000000	0.000000000	0.000000000	0.000000000
-400.000000000	300.000000000	0.479469384	125.410623523	0.000000000	0.000000000	0.000000000	0.000000000	0.000000000
-300.000000000	300.000000000	0.523108060	125.410623523	0.000000000	0.000000000	0.000000000	0.000000000	0.000000000
-200.000000000	300.000000000	0.672950409	125.410623523	0.000000000	0.000000000	0.000000000	0.000000000	0.000000000
-100.000000000	300.000000000	1.124746083	125.410623523	0.000000000	0.000000000	0.000000000	0.000000000	0.000000000
0.000000000	300.000000000	1.587835859	125.410623523	0.000000000	0.000000000	0.000000000	0.000000000	0.000000000
100.000000000	300.000000000	1.252864218	125.410623523	0.000000000	0.000000000	0.000000000	0.000000000	0.000000000
200.000000000	300.000000000	0.748056739	125.410623523	0.000000000	0.000000000	0.000000000	0.000000000	0.000000000
300.000000000	300.000000000	0.567493745	125.410623523	0.000000000	0.000000000	0.000000000	0.000000000	0.000000000
400.000000000	300.000000000	0.492387436	125.410623523	0.000000000	0.000000000	0.000000000	0.000000000	0.000000000
500.000000000	300.000000000	0.450957581	125.410623523	0.000000000	0.000000000	0.000000000	0.000000000	0.000000000
600.000000000	300.000000000	0.445274540	125.410623523	0.000000000	0.000000000	0.000000000	0.000000000	0.000000000
700.000000000	300.000000000	0.430366619	125.410623523	0.000000000	0.000000000	0.000000000	0.000000000	0.000000000
800.000000000	300.000000000	0.416208924	125.410623523	0.000000000	0.000000000	0.000000000	0.000000000	0.000000000
900.000000000	300.000000000	0.412584980	125.410623523	0.000000000	0.000000000	0.000000000	0.000000000	0.000000000
1000.000000000	300.000000000	0.408854780	125.410623523	0.000000000	0.000000000	0.000000000	0.000000000	0.000000000
-1000.000000000	400.000000000	0.410047735	125.329573105	0.000000000	0.000000000	0.000000000	0.000000000	0.000000000
-900.000000000	400.000000000	0.421846887	125.329573105	0.000000000	0.000000000	0.000000000	0.000000000	0.000000000
-800.000000000	400.000000000	0.426090654	125.329573105	0.000000000	0.000000000	0.000000000	0.000000000	0.000000000
-700.000000000	400.000000000	0.429928719	125.329573105	0.000000000	0.000000000	0.000000000	0.000000000	0.000000000
-600.000000000	400.000000000	0.442957856	125.329573105	0.000000000	0.000000000	0.000000000	0.000000000	0.000000000
-500.000000000	400.000000000	0.468974271	125.329573105	0.000000000	0.000000000	0.000000000	0.000000000	0.000000000
-400.000000000	400.000000000	0.498675810	125.329573105	0.000000000	0.000000000	0.000000000	0.000000000	0.000000000
-300.000000000	400.000000000	0.564956500	125.329573105	0.000000000	0.000000000	0.000000000	0.000000000	0.000000000
-200.000000000	400.000000000	0.733873278	125.329573105	0.000000000	0.000000000	0.000000000	0.000000000	0.000000000
-100.000000000	400.000000000	1.141539247	125.329573105	0.000000000	0.000000000	0.000000000	0.000000000	0.000000000
0.000000000	400.000000000	1.562889988	125.329573105	0.000000000	0.000000000	0.000000000	0.000000000	0.000000000
100.000000000	400.000000000	1.263615324	125.329573105	0.000000000	0.000000000	0.000000000	0.000000000	0.000000000
200.000000000	400.000000000	0.799519681	125.329573105	0.000000000	0.000000000	0.000000000	0.000000000	0.000000000
300.000000000	400.000000000	0.614880336	125.329573105	0.000000000	0.000000000	0.000000000	0.000000000	0.000000000
400.000000000	400.000000000	0.521416027	125.329573105	0.000000000	0.000000000	0.000000000	0.000000000	0.000000000
500.000000000	400.000000000	0.481486622	125.329573105	0.000000000	0.000000000	0.000000000	0.000000000	0.000000000
600.000000000	400.000000000	0.464141271	125.329573105	0.000000000	0.000000000	0.000000000	0.000000000	0.000000000
700.000000000	400.000000000	0.437693395	125.329573105	0.000000000	0.000000000	0.000000000	0.000000000	0.000000000
800.000000000	400.000000000	0.424599862	125.329573105	0.000000000	0.000000000	0.000000000	0.000000000	0.000000000
900.000000000	400.000000000	0.421848497	125.329573105	0.000000000	0.000000000	0.000000000	0.000000000	0.000000000
1000.000000000	400.000000000	0.414037133	125.329573105	0.000000000	0.000000000	0.000000000	0.000000000	0.000000000
-1000.000000000	500.000000000	0.416144527	125.268757401	0.000000000	0.000000000	0.000000000	0.000000000	0.000000000
-900.000000000	500.000000000	0.428442757	125.268757401	0.000000000	0.000000000	0.000000000	0.000000000	0.000000000
-800.000000000	500.000000000	0.444709456	125.268757401	0.000000000	0.000000000	0.000000000	0.000000000	0.000000000
-700.000000000	500.000000000	0.458641761	125.268757401	0.000000000	0.000000000	0.000000000	0.000000000	0.000000000
-600.000000000	500.000000000	0.466755792	125.268757401	0.000000000	0.000000000	0.000000000	0.000000000	0.000000000
-500.000000000	500.000000000	0.500969956	125.268757401	0.000000000	0.000000000	0.000000000	0.000000000	0.000000000
-400.000000000	500.000000000	0.556621908	125.268757401	0.000000000	0.000000000	0.000000000	0.000000000	0.000000000
-300.000000000	500.000000000	0.630369445	125.268757401	0.000000000	0.000000000	0.000000000	0.000000000	0.000000000
-200.000000000	500.000000000	0.820529235	125.268757401	0.000000000	0.000000000	0.000000000	0.000000000	0.000000000
-100.000000000	500.000000000	1.192004072	125.268757401	0.000000000	0.000000000	0.000000000	0.000000000	0.000000000
0.000000000	500.000000000	1.554223732	125.268757401	0.000000000	0.000000000	0.000000000	0.000000000	0.000000000
100.000000000	500.000000000	1.286009438	125.268757401	0.000000000	0.000000000	0.000000000	0.000000000	0.000000000
200.000000000	500.000000000	0.870994029	125.268757401	0.000000000	0.000000000	0.000000000	0.000000000	0.000000000
300.000000000	500.000000000	0.684042807	125.268757401	0.000000000	0.000000000	0.000000000	0.000000000	0.000000000
400.000000000	500.000000000	0.567632198	125.268757401	0.000000000	0.000000000	0.000000000	0.000000000	0.000000000
500.000000000	500.000000000	0.518920640	125.268757401	0.000000000	0.000000000	0.000000000	0.000000000	0.000000000
600.000000000	500.000000000	0.469945057	125.268757401	0.000000000	0.000000000	0.000000000	0.000000000	0.000000000
700.000000000	500.000000000	0.465371255	125.268757401	0.000000000	0.000000000	0.000000000	0.000000000	0.000000000
800.000000000	500.000000000	0.437612899	125.268757401	0.000000000	0.000000000	0.000000000	0.000000000	0.000000000
900.000000000	500.000000000	0.436886822	125.268757401	0.000000000	0.000000000	0.000000000	0.000000000	0.000000000
1000.000000000	500.000000000	0.421489484	125.268757401	0.000000000	0.000000000	0.000000000	0.000000000	0.000000000
-1000.000000000	600.000000000	0.435215718	125.278895010	0.000000000	0.000000000	0.000000000	0.000000000	0.000000000
-900.000000000	600.000000000	0.442618161	125.278895010	0.000000000	0.000000000	0.000000000	0.000000000	0.000000000
-800.000000000	600.000000000	0.463719470	125.278895010	0.000000000	0.000000000	0.000000000	0.000000000	0.000000000
-700.000000000	600.000000000	0.480314595	125.278895010	0.000000000	0.000000000	0.000000000	0.000000000	0.000000000
-600.000000000	600.000000000	0.506749593	125.278895010	0.000000000	0.000000000	0.000000000	0.000000000	0.000000000
-500.000000000	600.000000000	0.533403542	125.278895010	0.000000000	0.000000000	0.000000000	0.000000000	0.000000000
-400.000000000	600.000000000	0.611352986	125.278895010	0.000000000	0.000000000	0.000000000	0.000000000	0.000000000
-300.000000000	600.000000000	0.712937782	125.278895010	0.000000000	0.000000000	0.000000000	0.000000000	0.000000000
-200.000000000	600.000000000	0.925984335	125.278895010	0.000000000	0.000000000	0.000000000	0.000000000	0.000000000
-100.000000000	600.000000000	1.263721577	125.278895010	0.000000000	0.000000000	0.000000000	0.000000000	0.000000000
0.000000000	600.000000000	1.570872021	125.278895010	0.000000000	0.000000000	0.000000000	0.000000000	0.000000000
100.000000000	600.000000000	1.353188568	125.278895010	0.000000000	0.000000000	0.000000000	0.000000000	0.000000000
200.000000000	600.000000000	0.982913000	125.278895010	0.000000000	0.000000000	0.000000000	0.000000000	0.000000000
300.000000000	600.000000000	0.750069147	125.278895010	0.000000000	0.000000000	0.000000000	0.000000000	0.000000000
400.000000000	600.000000000	0.643958840	125.278895010	0.000000000	0.000000000	0.000000000	0.000000000	0.000000000
500.000000000	600.000000000	0.568004091	125.278895010	0.000000000	0.000000000	0.000000000	0.000000000	0.000000000
600.000000000	600.000000000	0.509079157	125.278895010	0.000000000	0.000000000	0.000000000	0.000000000	0.000000000
700.000000000	600.000000000	0.478672470	125.278895010	0.000000000	0.000000000	0.000000000	0.000000000	0.000000000
800.000000000	600.000000000	0.460393362	125.278895010	0.000000000	0.000000000	0.000000000	0.000000000	0.000000000
900.000000000	600.000000000	0.453818421	125.278895010	0.000000000	0.000000000	0.000000000	0.000000000	0.000000000
1000.000000000	600.000000000	0.449053038	125.278895010	0.000000000	0.000000000	0.000000000	0.000000000	0.000000000
-1000.000000000	700.000000000	0.454501030	125.471383397	0.000000000	0.000000000	0.000000000	0.000000000	0.000000000
-900.000000000	700.000000000	0.475911446	125.471383397	0.000000000	0.000000000	0.000000000	0.000000000	0.000000000
-800.000000000	700.000000000	0.479480653	125.471383397	0.000000000	0.000000000	0.000000000	0.000000000	0.000000000
-700.000000000	700.000000000	0.507153685	125.471383397	0.000000000	0.000000000	0.000000000	0.000000000	0.000000000
-600.000000000	700.000000000	0.557441361	125.471383397	0.000000000	0.000000000	0.000000000	0.000000000	0.000000000
-500.000000000	700.000000000	0.602574054	125.471383397	0.000000000	0.000000000	0.000000000	0.000000000	0.000000000
-400.000000000	700.000000000	0.689994708	125.471383397	0.000000000	0.000000000	0.000000000	0.000000000	0.000000000
-300.000000000	700.000000000	0.832833912	125.471383397	0.000000000	0.000000000	0.000000000	0.000000000	0.000000000
-200.000000000	700.000000000	1.039693558	125.471383397	0.000000000	0.000000000	0.000000000	0.000000000	0.000000000
-100.000000000	700.000000000	1.333417025	125.471383397	0.000000000	0.000000000	0.000000000	0.000000000	0.000000000
0.000000000	700.000000000	1.590047902	125.471383397	0.000000000	0.000000000	0.000000000	0.000000000	0.000000000
100.000000000	700.000000000	1.433268077	125.471383397	0.000000000	0.000000000	0.000000000	0.000000000	0.000000000
200.000000000	700.000000000	1.090602714	125.471383397	0.000000000	0.000000000	0.000000000	0.000000000	0.000000000
300.000000000	700.000000000	0.856844374	125.471383397	0.000000000	0.000000000	0.000000000	0.000000000	0.000000000
400.000000000	700.000000000	0.734676631	125.471383397	0.000000000	0.000000000	0.000000000	0.000000000	0.000000000
500.000000000	700.000000000	0.626050010	125.471383397	0.000000000	0.000000000	0.000000000	0.000000000	0.000000000
600.000000000	700.000000000	0.558832337	125.471383397	0.000000000	0.000000000	0.000000000	0.000000000	0.000000000
700.000000000	700.000000000	0.538864414	125.471383397	0.000000000	0.000000000	0.000000000	0.000000000	0.000000000
800.000000000	700.000000000	0.506028346	125.471383397	0.000000000	0.000000000	0.000000000	0.000000000	0.000000000
900.000000000	700.000000000	0.478680520	125.471383397	0.000000000	0.000000000	0.000000000	0.000000000	0.000000000
1000.000000000	700.000000000	0.468016365	125.471383397	0.000000000	0.000000000	0.000000000	0.000000000	0.000000000
-1000.000000000	800.000000000	0.485145985	125.491631358	0.000000000	0.000000000	0.000000000	0.000000000	0.000000000
-900.000000000	800.000000000	0.503974079	125.491631358	0.000000000	0.000000000	0.000000000	0.000000000	0.000000000
-800.000000000	800.000000000	0.526645069	125.491631358	0.000000000	0.000000000	0.000000000	0.000000000	0.000000000
-700.000000000	800.000000000	0.545415207	125.491631358	0.000000000	0.000000000	0.000000000	0.000000000	0.000000000
-600.000000000	800.000000000	0.607133367	125.491631358	0.000000000	0.000000000	0.000000000	0.000000000	0.000000000
-500.000000000	800.000000000	0.676476149	125.491631358	0.000000000	0.000000000	0.000000000	0.000000000	0.000000000
-400.000000000	800.000000000	0.771865955	125.491631358	0.000000000	0.000000000	0.000000000	0.000000000	0.000000000
-300.000000000	800.000000000	0.903358408	125.491631358	0.000000000	0.000000000	0.000000000	0.000000000	0.000000000
-200.000000000	800.000000000	1.133066190	125.491631358	0.000000000	0.000000000	0.000000000	0.000000000	0.000000000
-100.000000000	800.000000000	1.407755521	125.491631358	0.000000000	0.000000000	0.000000000	0.000000000	0.000000000
0.000000000	800.000000000	1.594880914	125.491631358	0.000000000	0.000000000	0.000000000	0.000000000	0.000000000
100.000000000	800.000000000	1.467350293	125.491631358	0.000000000	0.000000000	0.000000000	0.000000000	0.000000000
200.000000000	800.000000000	1.190237980	125.491631358	0.000000000	0.000000000	0.000000000	0.000000000	0.000000000
300.000000000	800.000000000	0.982470269	125.491631358	0.000000000	0.000000000	0.000000000	0.000000000	0.000000000
400.000000000	800.000000000	0.826370052	125.491631358	0.000000000	0.000000000	0.000000000	0.000000000	0.000000000
500.000000000	800.000000000	0.700484995	125.491631358	0.000000000	0.000000000	0.000000000	0.000000000	0.000000000
600.000000000	800.000000000	0.617791084	125.491631358	0.000000000	0.000000000	0.000000000	0.000000000	0.000000000
700.000000000	800.000000000	0.543436607	125.491631358	0.000000000	0.000000000	0.000000000	0.000000000	0.000000000
800.000000000	800.000000000	0.540068639	125.491631358	0.000000000	0.000000000	0.000000000	0.000000000	0.000000000
900.000000000	800.000000000	0.511933557	125.491631358	0.000000000	0.000000000	0.000000000	0.000000000	0.000000000
1000.000000000	800.000000000	0.500594843	125.491631358	0.000000000	0.000000000	0.000000000	0.000000000	0.000000000
-1000.000000000	900.000000000	0.513945966	125.461258416	0.000000000	0.000000000	0.000000000	0.000000000	0.000000000
-900.000000000	900.000000000	0.529637923	125.461258416	0.000000000	0.000000000	0.000000000	0.000000000	0.000000000
-800.000000000	900.000000000	0.571347910	125.461258416	0.000000000	0.000000000	0.000000000	0.000000000	0.000000000
-700.000000000	900.000000000	0.620413656	125.461258416	0.000000000	0.000000000	0.000000000	0.000000000	0.000000000
-600.000000000	900.000000000	0.646999992	125.461258416	0.000000000	0.000000000	0.000000000	0.000000000	0.000000000
-500.000000000	900.000000000	0.729624679	125.461258416	0.000000000	0.000000000	0.000000000	0.000000000	0.000000000
-400.000000000	900.000000000	0.864922991	125.461258416	0.000000000	0.000000000	0.000000000	0.000000000	0.000000000
-300.000000000	900.000000000	0.987710586	125.461258416	0.000000000	0.000000000	0.000000000	0.000000000	0.000000000
-200.000000000	900.000000000	1.207176041	125.461258416	0.000000000	0.000000000	0.000000000	0.000000000	0.000000000
-100.000000000	900.000000000	1.442018046	125.461258416	0.000000000	0.000000000	0.000000000	0.000000000	0.000000000
0.000000000	900.000000000	1.602429878	125.461258416	0.000000000	0.000000000	0.000000000	0.000000000	0.000000000
100.000000000	900.000000000	1.488123219	125.461258416	0.000000000	0.000000000	0.000000000	0.000000000	0.000000000
200.000000000	900.000000000	1.277439783	125.461258416	0.000000000	0.000000000	0.000000000	0.000000000	0.000000000
300.000000000	900.000000000	1.060658046	125.461258416	0.000000000	0.000000000	0.000000000	0.000000000	0.000000000
400.000000000	900.000000000	0.914822704	125.461258416	0.000000000	0.000000000	0.000000000	0.000000000	0.000000000
500.000000000	900.000000000	0.745826996	125.461258416	0.000000000	0.000000000	0.000000000	0.000000000	0.000000000
600.000000000	900.000000000	0.689767712	125.461258416	0.000000000	0.000000000	0.000000000	0.000000000	0.000000000
700.000000000	900.000000000	0.629327822	125.461258416	0.000000000	0.000000000	0.000000000	0.000000000	0.000000000
800.000000000	900.000000000	0.572849972	125.461258416	0.000000000	0.000000000	0.000000000	0.000000000	0.000000000
900.000000000	900.000000000	0.542277459	125.461258416	0.000000000	0.000000000	0.000000000	0.000000000	0.000000000
1000.000000000	900.000000000	0.511505317	125.461258416	0.000000000	0.000000000	0.000000000	0.000000000	0.000000000
-1000.000000000	1000.000000000	0.535187341	125.370103631	0.000000000	0.000000000	0.000000000	0.000000000	0.000000000
-900.000000000	1000.000000000	0.559605102	125.370103631	0.000000000	0.000000000	0.000000000	0.000000000	0.000000000
-800.000000000	1000.000000000	0.589461198	125.370103631	0.000000000	0.000000000	0.000000000	0.000000000	0.000000000
-700.000000000	1000.000000000	0.640256007	125.370103631	0.000000000	0.000000000	0.000000000	0.000000000	0.000000000
-600.000000000	1000.000000000	0.710406976	125.370103631	0.000000000	0.000000000	0.000000000	0.000000000	0.000000000
-500.000000000	1000.000000000	0.814124943	125.370103631	0.000000000	0.000000000	0.000000000	0.000000000	0.000000000
-400.000000000	1000.000000000	0.936964043	125.370103631	0.000000000	0.000000000	0.000000000	0.000000000	0.000000000
-300.000000000	1000.000000000	1.070509197	125.370103631	0.000000000	0.000000000	0.000000000	0.000000000	0.000000000
-200.000000000	1000.000000000	1.269274223	125.370103631	0.000000000	0.000000000	0.000000000	0.000000000	0.000000000
-100.000000000	1000.000000000	1.465139859	125.370103631	0.000000000	0.000000000	0.000000000	0.000000000	0.000000000
0.000000000	1000.000000000	1.586691198	125.370103631	0.000000000	0.000000000	0.000000000	0.000000000	0.000000000
100.000000000	1000.000000000	1.516404861	125.370103631	0.000000000	0.000000000	0.000000000	0.000000000	0.000000000
200.000000000	1000.000000000	1.306455539	125.370103631	0.000000000	0.000000000	0.000000000	0.000000000	0.000000000
300.000000000	1000.000000000	1.107267084	125.370103631	0.000000000	0.000000000	0.000000000	0.000000000	0.000000000
400.000000000	1000.000000000	0.973142346	125.370103631	0.000000000	0.000000000	0.000000000	0.000000000	0.000000000
500.000000000	1000.000000000	0.803848779	125.370103631	0.000000000	0.000000000	0.000000000	0.000000000	0.000000000
600.000000000	1000.000000000	0.729056375	125.370103631	0.000000000	0.000000000	0.000000000	0.000000000	0.000000000
700.000000000	1000.000000000	0.669447207	125.370103631	0.000000000	0.000000000	0.000000000	0.000000000	0.000000000
800.000000000	1000.000000000	0.609326088	125.370103631	0.000000000	0.000000000	0.000000000	0.000000000	0.000000000
900.000000000	1000.000000000	0.573946332	125.370103631	0.000000000	0.000000000	0.000000000	0.000000000	0.000000000
1000.000000000	1000.000000000	0.538941690	125.370103631	0.000000000	0.000000000	0.000000000	0.000000000	0.000000000
