Set Temp (deg C)	125.000000	Laser Power (uW)	450.000000	Laser Detuning (GHz)	10.000000
X  Field (nT)	Z  Field (nT)	Photodiode Voltage (V)	Temperature (C) 2D	Y  Field (nT)	Photodiode Voltage (V)	Temperature (C) 1D	Frequency (Hz)	Photodiode Voltage (V)		
-1000.000000000	-1000.000000000	0.627185009	125.461258416	-1000.000000000	NaN	125.461258416	0.000000000	0.000000000
-900.000000000	-1000.000000000	0.680232109	125.461258416	-960.000000000	NaN	125.461258416	0.000000000	0.000000000
-800.000000000	-1000.000000000	0.745741662	125.461258416	-920.000000000	NaN	125.461258416	0.000000000	0.000000000
-700.000000000	-1000.000000000	0.818951506	125.461258416	-880.000000000	NaN	125.461258416	0.000000000	0.000000000
-600.000000000	-1000.000000000	0.902291026	125.461258416	-840.000000000	NaN	125.461258416	0.000000000	0.000000000
-500.000000000	-1000.000000000	0.987118132	125.461258416	-800.000000000	NaN	125.461258416	0.000000000	0.000000000
-400.000000000	-1000.000000000	1.070448020	125.461258416	-760.000000000	NaN	125.461258416	0.000000000	0.000000000
-300.000000000	-1000.000000000	1.147196533	125.461258416	-720.000000000	NaN	125.461258416	0.000000000	0.000000000
-200.000000000	-1000.000000000	1.208636246	125.461258416	-680.000000000	NaN	125.461258416	0.000000000	0.000000000
-100.000000000	-1000.000000000	1.249026144	125.461258416	-640.000000000	NaN	125.461258416	0.000000000	0.000000000
0.000000000	-1000.000000000	1.264858187	125.461258416	-600.000000000	NaN	125.461258416	0.000000000	0.000000000
100.000000000	-1000.000000000	1.254804180	125.461258416	-560.000000000	NaN	125.461258416	0.000000000	0.000000000
200.000000000	-1000.000000000	1.218303869	125.461258416	-520.000000000	NaN	125.461258416	0.000000000	0.000000000
300.000000000	-1000.000000000	1.186963385	125.461258416	-480.000000000	NaN	125.461258416	0.000000000	0.000000000
400.000000000	-1000.000000000	1.092252938	125.461258416	-440.000000000	NaN	125.461258416	0.000000000	0.000000000
500.000000000	-1000.000000000	1.271544222	125.461258416	-400.000000000	NaN	125.461258416	0.000000000	0.000000000
600.000000000	-1000.000000000	1.273047896	125.461258416	-360.000000000	NaN	125.461258416	0.000000000	0.000000000
700.000000000	-1000.000000000	1.273926918	125.461258416	-320.000000000	NaN	125.461258416	0.000000000	0.000000000
800.000000000	-1000.000000000	1.275332386	125.461258416	-280.000000000	NaN	125.461258416	0.000000000	0.000000000
900.000000000	-1000.000000000	1.275747747	125.461258416	-240.000000000	NaN	125.461258416	0.000000000	0.000000000
1000.000000000	-1000.000000000	1.277579847	125.461258416	-200.000000000	NaN	125.461258416	0.000000000	0.000000000
-1000.000000000	-900.000000000	1.296168089	124.771206216	-160.000000000	NaN	125.461258416	0.000000000	0.000000000
-900.000000000	-900.000000000	1.297230643	124.771206216	-120.000000000	NaN	125.461258416	0.000000000	0.000000000
-800.000000000	-900.000000000	1.297829536	124.771206216	-80.000000000	NaN	125.461258416	0.000000000	0.000000000
-700.000000000	-900.000000000	1.298399451	124.771206216	-40.000000000	NaN	125.461258416	0.000000000	0.000000000
-600.000000000	-900.000000000	1.298863111	124.771206216	0.000000000	NaN	125.461258416	0.000000000	0.000000000
-500.000000000	-900.000000000	1.299291352	124.771206216	40.000000000	NaN	125.461258416	0.000000000	0.000000000
-400.000000000	-900.000000000	1.300791806	124.771206216	80.000000000	NaN	125.461258416	0.000000000	0.000000000
-300.000000000	-900.000000000	1.301041345	124.771206216	120.000000000	NaN	125.461258416	0.000000000	0.000000000
-200.000000000	-900.000000000	1.301928416	124.771206216	160.000000000	NaN	125.461258416	0.000000000	0.000000000
-100.000000000	-900.000000000	1.302487062	124.771206216	200.000000000	NaN	125.461258416	0.000000000	0.000000000
0.000000000	-900.000000000	1.303324225	124.771206216	240.000000000	NaN	125.461258416	0.000000000	0.000000000
100.000000000	-900.000000000	1.303990736	124.771206216	280.000000000	NaN	125.461258416	0.000000000	0.000000000
200.000000000	-900.000000000	1.304338480	124.771206216	320.000000000	NaN	125.461258416	0.000000000	0.000000000
300.000000000	-900.000000000	1.304816629	124.771206216	360.000000000	NaN	125.461258416	0.000000000	0.000000000
400.000000000	-900.000000000	1.305834105	124.771206216	400.000000000	NaN	125.461258416	0.000000000	0.000000000
500.000000000	-900.000000000	1.306040176	124.771206216	440.000000000	NaN	125.461258416	0.000000000	0.000000000
600.000000000	-900.000000000	1.307097899	124.771206216	480.000000000	NaN	125.461258416	0.000000000	0.000000000
700.000000000	-900.000000000	1.306946566	124.771206216	520.000000000	NaN	125.461258416	0.000000000	0.000000000
800.000000000	-900.000000000	1.232864120	124.771206216	560.000000000	NaN	125.461258416	0.000000000	0.000000000
900.000000000	-900.000000000	0.556039160	124.771206216	600.000000000	NaN	125.461258416	0.000000000	0.000000000
1000.000000000	-900.000000000	0.962104683	124.771206216	640.000000000	NaN	125.461258416	0.000000000	0.000000000
-1000.000000000	-800.000000000	0.468645846	123.464128494	680.000000000	NaN	125.461258416	0.000000000	0.000000000
-900.000000000	-800.000000000	0.511231629	123.464128494	720.000000000	NaN	125.461258416	0.000000000	0.000000000
-800.000000000	-800.000000000	0.545711433	123.464128494	760.000000000	NaN	125.461258416	0.000000000	0.000000000
-700.000000000	-800.000000000	0.592854924	123.464128494	800.000000000	NaN	125.461258416	0.000000000	0.000000000
-600.000000000	-800.000000000	0.680748896	123.464128494	840.000000000	NaN	125.461258416	0.000000000	0.000000000
-500.000000000	-800.000000000	0.747702554	123.464128494	880.000000000	NaN	125.461258416	0.000000000	0.000000000
-400.000000000	-800.000000000	0.833143018	123.464128494	920.000000000	NaN	125.461258416	0.000000000	0.000000000
-300.000000000	-800.000000000	0.907235114	123.464128494	960.000000000	NaN	125.461258416	0.000000000	0.000000000
-200.000000000	-800.000000000	0.968719873	123.464128494	1000.000000000	NaN	125.461258416	0.000000000	0.000000000
-100.000000000	-800.000000000	1.019286107	123.464128494	0.000000000	0.000000000	0.000000000	0.000000000	0.000000000
0.000000000	-800.000000000	1.040535550	123.464128494	0.000000000	0.000000000	0.000000000	0.000000000	0.000000000
100.000000000	-800.000000000	1.024423388	123.464128494	0.000000000	0.000000000	0.000000000	0.000000000	0.000000000
200.000000000	-800.000000000	0.981140469	123.464128494	0.000000000	0.000000000	0.000000000	0.000000000	0.000000000
300.000000000	-800.000000000	0.912270968	123.464128494	0.000000000	0.000000000	0.000000000	0.000000000	0.000000000
400.000000000	-800.000000000	0.812779043	123.464128494	0.000000000	0.000000000	0.000000000	0.000000000	0.000000000
500.000000000	-800.000000000	0.744197742	123.464128494	0.000000000	0.000000000	0.000000000	0.000000000	0.000000000
600.000000000	-800.000000000	0.655503627	123.464128494	0.000000000	0.000000000	0.000000000	0.000000000	0.000000000
700.000000000	-800.000000000	0.588744781	123.464128494	0.000000000	0.000000000	0.000000000	0.000000000	0.000000000
800.000000000	-800.000000000	0.548248678	123.464128494	0.000000000	0.000000000	0.000000000	0.000000000	0.000000000
900.000000000	-800.000000000	0.488191967	123.464128494	0.000000000	0.000000000	0.000000000	0.000000000	0.000000000
1000.000000000	-800.000000000	0.464109073	123.464128494	0.000000000	0.000000000	0.000000000	0.000000000	0.000000000
-1000.000000000	-700.000000000	0.432448254	122.415137480	0.000000000	0.000000000	0.000000000	0.000000000	0.000000000
-900.000000000	-700.000000000	0.466589970	122.415137480	0.000000000	0.000000000	0.000000000	0.000000000	0.000000000
-800.000000000	-700.000000000	0.487953698	122.415137480	0.000000000	0.000000000	0.000000000	0.000000000	0.000000000
-700.000000000	-700.000000000	0.539774023	122.415137480	0.000000000	0.000000000	0.000000000	0.000000000	0.000000000
-600.000000000	-700.000000000	0.588979830	122.415137480	0.000000000	0.000000000	0.000000000	0.000000000	0.000000000
-500.000000000	-700.000000000	0.664441943	122.415137480	0.000000000	0.000000000	0.000000000	0.000000000	0.000000000
-400.000000000	-700.000000000	0.765772379	122.415137480	0.000000000	0.000000000	0.000000000	0.000000000	0.000000000
-300.000000000	-700.000000000	0.855691666	122.415137480	0.000000000	0.000000000	0.000000000	0.000000000	0.000000000
-200.000000000	-700.000000000	0.954719939	122.415137480	0.000000000	0.000000000	0.000000000	0.000000000	0.000000000
-100.000000000	-700.000000000	0.997912700	122.415137480	0.000000000	0.000000000	0.000000000	0.000000000	0.000000000
0.000000000	-700.000000000	1.020978142	122.415137480	0.000000000	0.000000000	0.000000000	0.000000000	0.000000000
100.000000000	-700.000000000	1.005788469	122.415137480	0.000000000	0.000000000	0.000000000	0.000000000	0.000000000
200.000000000	-700.000000000	0.944944456	122.415137480	0.000000000	0.000000000	0.000000000	0.000000000	0.000000000
300.000000000	-700.000000000	0.850707329	122.415137480	0.000000000	0.000000000	0.000000000	0.000000000	0.000000000
400.000000000	-700.000000000	0.776964595	122.415137480	0.000000000	0.000000000	0.000000000	0.000000000	0.000000000
500.000000000	-700.000000000	0.670646603	122.415137480	0.000000000	0.000000000	0.000000000	0.000000000	0.000000000
600.000000000	-700.000000000	0.600558425	122.415137480	0.000000000	0.000000000	0.000000000	0.000000000	0.000000000
700.000000000	-700.000000000	0.517284954	122.415137480	0.000000000	0.000000000	0.000000000	0.000000000	0.000000000
800.000000000	-700.000000000	0.482798712	122.415137480	0.000000000	0.000000000	0.000000000	0.000000000	0.000000000
900.000000000	-700.000000000	0.450812688	122.415137480	0.000000000	0.000000000	0.000000000	0.000000000	0.000000000
1000.000000000	-700.000000000	0.414317261	122.415137480	0.000000000	0.000000000	0.000000000	0.000000000	0.000000000
-1000.000000000	-600.000000000	0.380154618	122.559497839	0.000000000	0.000000000	0.000000000	0.000000000	0.000000000
-900.000000000	-600.000000000	0.399137263	122.559497839	0.000000000	0.000000000	0.000000000	0.000000000	0.000000000
-800.000000000	-600.000000000	0.426525334	122.559497839	0.000000000	0.000000000	0.000000000	0.000000000	0.000000000
-700.000000000	-600.000000000	0.462061246	122.559497839	0.000000000	0.000000000	0.000000000	0.000000000	0.000000000
-600.000000000	-600.000000000	0.525973729	122.559497839	0.000000000	0.000000000	0.000000000	0.000000000	0.000000000
-500.000000000	-600.000000000	0.592111138	122.559497839	0.000000000	0.000000000	0.000000000	0.000000000	0.000000000
-400.000000000	-600.000000000	0.684767274	122.559497839	0.000000000	0.000000000	0.000000000	0.000000000	0.000000000
-300.000000000	-600.000000000	0.790829291	122.559497839	0.000000000	0.000000000	0.000000000	0.000000000	0.000000000
-200.000000000	-600.000000000	0.904744556	122.559497839	0.000000000	0.000000000	0.000000000	0.000000000	0.000000000
-100.000000000	-600.000000000	0.964445515	122.559497839	0.000000000	0.000000000	0.000000000	0.000000000	0.000000000
0.000000000	-600.000000000	0.996515283	122.559497839	0.000000000	0.000000000	0.000000000	0.000000000	0.000000000
100.000000000	-600.000000000	0.968565320	122.559497839	0.000000000	0.000000000	0.000000000	0.000000000	0.000000000
200.000000000	-600.000000000	0.909163808	122.559497839	0.000000000	0.000000000	0.000000000	0.000000000	0.000000000
300.000000000	-600.000000000	0.782815072	122.559497839	0.000000000	0.000000000	0.000000000	0.000000000	0.000000000
400.000000000	-600.000000000	0.698844478	122.559497839	0.000000000	0.000000000	0.000000000	0.000000000	0.000000000
500.000000000	-600.000000000	0.582272874	122.559497839	0.000000000	0.000000000	0.000000000	0.000000000	0.000000000
600.000000000	-600.000000000	0.513870300	122.559497839	0.000000000	0.000000000	0.000000000	0.000000000	0.000000000
700.000000000	-600.000000000	0.452963550	122.559497839	0.000000000	0.000000000	0.000000000	0.000000000	0.000000000
800.000000000	-600.000000000	0.428560282	122.559497839	0.000000000	0.000000000	0.000000000	0.000000000	0.000000000
900.000000000	-600.000000000	0.397582074	122.559497839	0.000000000	0.000000000	0.000000000	0.000000000	0.000000000
1000.000000000	-600.000000000	0.381833772	122.559497839	0.000000000	0.000000000	0.000000000	0.000000000	0.000000000
-1000.000000000	-500.000000000	0.352908222	122.909585004	0.000000000	0.000000000	0.000000000	0.000000000	0.000000000
-900.000000000	-500.000000000	0.359017893	122.909585004	0.000000000	0.000000000	0.000000000	0.000000000	0.000000000
-800.000000000	-500.000000000	0.385900446	122.909585004	0.000000000	0.000000000	0.000000000	0.000000000	0.000000000
-700.000000000	-500.000000000	0.405036034	122.909585004	0.000000000	0.000000000	0.000000000	0.000000000	0.000000000
-600.000000000	-500.000000000	0.455875907	122.909585004	0.000000000	0.000000000	0.000000000	0.000000000	0.000000000
-500.000000000	-500.000000000	0.519339221	122.909585004	0.000000000	0.000000000	0.000000000	0.000000000	0.000000000
-400.000000000	-500.000000000	0.601088091	122.909585004	0.000000000	0.000000000	0.000000000	0.000000000	0.000000000
-300.000000000	-500.000000000	0.716424884	122.909585004	0.000000000	0.000000000	0.000000000	0.000000000	0.000000000
-200.000000000	-500.000000000	0.836778235	122.909585004	0.000000000	0.000000000	0.000000000	0.000000000	0.000000000
-100.000000000	-500.000000000	0.936464966	122.909585004	0.000000000	0.000000000	0.000000000	0.000000000	0.000000000
0.000000000	-500.000000000	0.968953313	122.909585004	0.000000000	0.000000000	0.000000000	0.000000000	0.000000000
100.000000000	-500.000000000	0.933855272	122.909585004	0.000000000	0.000000000	0.000000000	0.000000000	0.000000000
200.000000000	-500.000000000	0.852035520	122.909585004	0.000000000	0.000000000	0.000000000	0.000000000	0.000000000
300.000000000	-500.000000000	0.727805461	122.909585004	0.000000000	0.000000000	0.000000000	0.000000000	0.000000000
400.000000000	-500.000000000	0.604415810	122.909585004	0.000000000	0.000000000	0.000000000	0.000000000	0.000000000
500.000000000	-500.000000000	0.520348645	122.909585004	0.000000000	0.000000000	0.000000000	0.000000000	0.000000000
600.000000000	-500.000000000	0.441336660	122.909585004	0.000000000	0.000000000	0.000000000	0.000000000	0.000000000
700.000000000	-500.000000000	0.397347024	122.909585004	0.000000000	0.000000000	0.000000000	0.000000000	0.000000000
800.000000000	-500.000000000	0.368870643	122.909585004	0.000000000	0.000000000	0.000000000	0.000000000	0.000000000
900.000000000	-500.000000000	0.351377182	122.909585004	0.000000000	0.000000000	0.000000000	0.000000000	0.000000000
1000.000000000	-500.000000000	0.335889689	122.909585004	0.000000000	0.000000000	0.000000000	0.000000000	0.000000000
-1000.000000000	-400.000000000	0.319833893	123.423113886	0.000000000	0.000000000	0.000000000	0.000000000	0.000000000
-900.000000000	-400.000000000	0.327397327	123.423113886	0.000000000	0.000000000	0.000000000	0.000000000	0.000000000
-800.000000000	-400.000000000	0.335426030	123.423113886	0.000000000	0.000000000	0.000000000	0.000000000	0.000000000
-700.000000000	-400.000000000	0.355410048	123.423113886	0.000000000	0.000000000	0.000000000	0.000000000	0.000000000
-600.000000000	-400.000000000	0.393393045	123.423113886	0.000000000	0.000000000	0.000000000	0.000000000	0.000000000
-500.000000000	-400.000000000	0.434219174	123.423113886	0.000000000	0.000000000	0.000000000	0.000000000	0.000000000
-400.000000000	-400.000000000	0.519321512	123.423113886	0.000000000	0.000000000	0.000000000	0.000000000	0.000000000
-300.000000000	-400.000000000	0.643488741	123.423113886	0.000000000	0.000000000	0.000000000	0.000000000	0.000000000
-200.000000000	-400.000000000	0.774150442	123.423113886	0.000000000	0.000000000	0.000000000	0.000000000	0.000000000
-100.000000000	-400.000000000	0.885723258	123.423113886	0.000000000	0.000000000	0.000000000	0.000000000	0.000000000
0.000000000	-400.000000000	0.942125472	123.423113886	0.000000000	0.000000000	0.000000000	0.000000000	0.000000000
100.000000000	-400.000000000	0.909600098	123.423113886	0.000000000	0.000000000	0.000000000	0.000000000	0.000000000
200.000000000	-400.000000000	0.800166871	123.423113886	0.000000000	0.000000000	0.000000000	0.000000000	0.000000000
300.000000000	-400.000000000	0.624209864	123.423113886	0.000000000	0.000000000	0.000000000	0.000000000	0.000000000
400.000000000	-400.000000000	0.523483173	123.423113886	0.000000000	0.000000000	0.000000000	0.000000000	0.000000000
500.000000000	-400.000000000	0.428924125	123.423113886	0.000000000	0.000000000	0.000000000	0.000000000	0.000000000
600.000000000	-400.000000000	0.378240416	123.423113886	0.000000000	0.000000000	0.000000000	0.000000000	0.000000000
700.000000000	-400.000000000	0.355864047	123.423113886	0.000000000	0.000000000	0.000000000	0.000000000	0.000000000
800.000000000	-400.000000000	0.328398701	123.423113886	0.000000000	0.000000000	0.000000000	0.000000000	0.000000000
900.000000000	-400.000000000	0.323198639	123.423113886	0.000000000	0.000000000	0.000000000	0.000000000	0.000000000
1000.000000000	-400.000000000	0.312338075	123.423113886	0.000000000	0.000000000	0.000000000	0.000000000	0.000000000
-1000.000000000	-300.000000000	0.291999875	18.937471500	0.000000000	0.000000000	0.000000000	0.000000000	0.000000000
-900.000000000	-300.000000000	0.296691201	18.937471500	0.000000000	0.000000000	0.000000000	0.000000000	0.000000000
-800.000000000	-300.000000000	0.305347775	18.937471500	0.000000000	0.000000000	0.000000000	0.000000000	0.000000000
-700.000000000	-300.000000000	0.316061835	18.937471500	0.000000000	0.000000000	0.000000000	0.000000000	0.000000000
-600.000000000	-300.000000000	0.329441934	18.937471500	0.000000000	0.000000000	0.000000000	0.000000000	0.000000000
-500.000000000	-300.000000000	0.363709219	18.937471500	0.000000000	0.000000000	0.000000000	0.000000000	0.000000000
-400.000000000	-300.000000000	0.418279290	18.937471500	0.000000000	0.000000000	0.000000000	0.000000000	0.000000000
-300.000000000	-300.000000000	0.518952839	18.937471500	0.000000000	0.000000000	0.000000000	0.000000000	0.000000000
-200.000000000	-300.000000000	0.684258538	18.937471500	0.000000000	0.000000000	0.000000000	0.000000000	0.000000000
-100.000000000	-300.000000000	0.836763746	18.937471500	0.000000000	0.000000000	0.000000000	0.000000000	0.000000000
0.000000000	-300.000000000	0.917396979	18.937471500	0.000000000	0.000000000	0.000000000	0.000000000	0.000000000
100.000000000	-300.000000000	0.864979339	18.937471500	0.000000000	0.000000000	0.000000000	0.000000000	0.000000000
200.000000000	-300.000000000	0.719173031	18.937471500	0.000000000	0.000000000	0.000000000	0.000000000	0.000000000
300.000000000	-300.000000000	0.540252171	18.937471500	0.000000000	0.000000000	0.000000000	0.000000000	0.000000000
400.000000000	-300.000000000	0.438326097	18.937471500	0.000000000	0.000000000	0.000000000	0.000000000	0.000000000
500.000000000	-300.000000000	0.368241162	18.937471500	0.000000000	0.000000000	0.000000000	0.000000000	0.000000000
600.000000000	-300.000000000	0.327770830	18.937471500	0.000000000	0.000000000	0.000000000	0.000000000	0.000000000
700.000000000	-300.000000000	0.310002072	18.937471500	0.000000000	0.000000000	0.000000000	0.000000000	0.000000000
800.000000000	-300.000000000	0.299011105	18.937471500	0.000000000	0.000000000	0.000000000	0.000000000	0.000000000
900.000000000	-300.000000000	0.296359556	18.937471500	0.000000000	0.000000000	0.000000000	0.000000000	0.000000000
1000.000000000	-300.000000000	0.285230135	18.937471500	0.000000000	0.000000000	0.000000000	0.000000000	0.000000000
-1000.000000000	-200.000000000	0.274068515	124.740692680	0.000000000	0.000000000	0.000000000	0.000000000	0.000000000
-900.000000000	-200.000000000	0.276893936	124.740692680	0.000000000	0.000000000	0.000000000	0.000000000	0.000000000
-800.000000000	-200.000000000	0.281747864	124.740692680	0.000000000	0.000000000	0.000000000	0.000000000	0.000000000
-700.000000000	-200.000000000	0.289465851	124.740692680	0.000000000	0.000000000	0.000000000	0.000000000	0.000000000
-600.000000000	-200.000000000	0.299112530	124.740692680	0.000000000	0.000000000	0.000000000	0.000000000	0.000000000
-500.000000000	-200.000000000	0.319064348	124.740692680	0.000000000	0.000000000	0.000000000	0.000000000	0.000000000
-400.000000000	-200.000000000	0.352336698	124.740692680	0.000000000	0.000000000	0.000000000	0.000000000	0.000000000
-300.000000000	-200.000000000	0.432617297	124.740692680	0.000000000	0.000000000	0.000000000	0.000000000	0.000000000
-200.000000000	-200.000000000	0.587065627	124.740692680	0.000000000	0.000000000	0.000000000	0.000000000	0.000000000
-100.000000000	-200.000000000	0.780672259	124.740692680	0.000000000	0.000000000	0.000000000	0.000000000	0.000000000
0.000000000	-200.000000000	0.895192854	124.740692680	0.000000000	0.000000000	0.000000000	0.000000000	0.000000000
100.000000000	-200.000000000	0.810583102	124.740692680	0.000000000	0.000000000	0.000000000	0.000000000	0.000000000
200.000000000	-200.000000000	0.605747220	124.740692680	0.000000000	0.000000000	0.000000000	0.000000000	0.000000000
300.000000000	-200.000000000	0.438219841	124.740692680	0.000000000	0.000000000	0.000000000	0.000000000	0.000000000
400.000000000	-200.000000000	0.357987540	124.740692680	0.000000000	0.000000000	0.000000000	0.000000000	0.000000000
500.000000000	-200.000000000	0.318800320	124.740692680	0.000000000	0.000000000	0.000000000	0.000000000	0.000000000
600.000000000	-200.000000000	0.297539632	124.740692680	0.000000000	0.000000000	0.000000000	0.000000000	0.000000000
700.000000000	-200.000000000	0.282102048	124.740692680	0.000000000	0.000000000	0.000000000	0.000000000	0.000000000
800.000000000	-200.000000000	0.277906580	124.740692680	0.000000000	0.000000000	0.000000000	0.000000000	0.000000000
900.000000000	-200.000000000	0.271772760	124.740692680	0.000000000	0.000000000	0.000000000	0.000000000	0.000000000
1000.000000000	-200.000000000	0.270808414	124.740692680	0.000000000	0.000000000	0.000000000	0.000000000	0.000000000
-1000.000000000	-100.000000000	0.263855143	124.974479168	0.000000000	0.000000000	0.000000000	0.000000000	0.000000000
-900.000000000	-100.000000000	0.264555461	124.974479168	0.000000000	0.000000000	0.000000000	0.000000000	0.000000000
-800.000000000	-100.000000000	0.266678953	124.974479168	0.000000000	0.000000000	0.000000000	0.000000000	0.000000000
-700.000000000	-100.000000000	0.271156159	124.974479168	0.000000000	0.000000000	0.000000000	0.000000000	0.000000000
-600.000000000	-100.000000000	0.273014014	124.974479168	0.000000000	0.000000000	0.000000000	0.000000000	0.000000000
-500.000000000	-100.000000000	0.282832954	124.974479168	0.000000000	0.000000000	0.000000000	0.000000000	0.000000000
-400.000000000	-100.000000000	0.298223851	124.974479168	0.000000000	0.000000000	0.000000000	0.000000000	0.000000000
-300.000000000	-100.000000000	0.343039373	124.974479168	0.000000000	0.000000000	0.000000000	0.000000000	0.000000000
-200.000000000	-100.000000000	0.453628450	124.974479168	0.000000000	0.000000000	0.000000000	0.000000000	0.000000000
-100.000000000	-100.000000000	0.697773877	124.974479168	0.000000000	0.000000000	0.000000000	0.000000000	0.000000000
0.000000000	-100.000000000	0.877219620	124.974479168	0.000000000	0.000000000	0.000000000	0.000000000	0.000000000
100.000000000	-100.000000000	0.729632729	124.974479168	0.000000000	0.000000000	0.000000000	0.000000000	0.000000000
200.000000000	-100.000000000	0.485798006	124.974479168	0.000000000	0.000000000	0.000000000	0.000000000	0.000000000
300.000000000	-100.000000000	0.348733683	124.974479168	0.000000000	0.000000000	0.000000000	0.000000000	0.000000000
400.000000000	-100.000000000	0.307593622	124.974479168	0.000000000	0.000000000	0.000000000	0.000000000	0.000000000
500.000000000	-100.000000000	0.284793845	124.974479168	0.000000000	0.000000000	0.000000000	0.000000000	0.000000000
600.000000000	-100.000000000	0.298077348	124.974479168	0.000000000	0.000000000	0.000000000	0.000000000	0.000000000
700.000000000	-100.000000000	0.268755758	124.974479168	0.000000000	0.000000000	0.000000000	0.000000000	0.000000000
800.000000000	-100.000000000	0.262195309	124.974479168	0.000000000	0.000000000	0.000000000	0.000000000	0.000000000
900.000000000	-100.000000000	0.260139433	124.974479168	0.000000000	0.000000000	0.000000000	0.000000000	0.000000000
1000.000000000	-100.000000000	0.258524676	124.974479168	0.000000000	0.000000000	0.000000000	0.000000000	0.000000000
-1000.000000000	0.000000000	0.256013191	125.299168238	0.000000000	0.000000000	0.000000000	0.000000000	0.000000000
-900.000000000	0.000000000	0.257259274	125.299168238	0.000000000	0.000000000	0.000000000	0.000000000	0.000000000
-800.000000000	0.000000000	0.258537556	125.299168238	0.000000000	0.000000000	0.000000000	0.000000000	0.000000000
-700.000000000	0.000000000	0.259661284	125.299168238	0.000000000	0.000000000	0.000000000	0.000000000	0.000000000
-600.000000000	0.000000000	0.262803861	125.299168238	0.000000000	0.000000000	0.000000000	0.000000000	0.000000000
-500.000000000	0.000000000	0.268844304	125.299168238	0.000000000	0.000000000	0.000000000	0.000000000	0.000000000
-400.000000000	0.000000000	0.277318957	125.299168238	0.000000000	0.000000000	0.000000000	0.000000000	0.000000000
-300.000000000	0.000000000	0.297655547	125.299168238	0.000000000	0.000000000	0.000000000	0.000000000	0.000000000
-200.000000000	0.000000000	0.358541355	125.299168238	0.000000000	0.000000000	0.000000000	0.000000000	0.000000000
-100.000000000	0.000000000	0.593891718	125.299168238	0.000000000	0.000000000	0.000000000	0.000000000	0.000000000
0.000000000	0.000000000	0.897757469	125.299168238	0.000000000	0.000000000	0.000000000	0.000000000	0.000000000
100.000000000	0.000000000	0.647550587	125.299168238	0.000000000	0.000000000	0.000000000	0.000000000	0.000000000
200.000000000	0.000000000	0.381420021	125.299168238	0.000000000	0.000000000	0.000000000	0.000000000	0.000000000
300.000000000	0.000000000	0.305413782	125.299168238	0.000000000	0.000000000	0.000000000	0.000000000	0.000000000
400.000000000	0.000000000	0.278434636	125.299168238	0.000000000	0.000000000	0.000000000	0.000000000	0.000000000
500.000000000	0.000000000	0.280051002	125.299168238	0.000000000	0.000000000	0.000000000	0.000000000	0.000000000
600.000000000	0.000000000	0.262596180	125.299168238	0.000000000	0.000000000	0.000000000	0.000000000	0.000000000
700.000000000	0.000000000	0.259205675	125.299168238	0.000000000	0.000000000	0.000000000	0.000000000	0.000000000
800.000000000	0.000000000	0.257656926	125.299168238	0.000000000	0.000000000	0.000000000	0.000000000	0.000000000
900.000000000	0.000000000	0.255678327	125.299168238	0.000000000	0.000000000	0.000000000	0.000000000	0.000000000
1000.000000000	0.000000000	0.254498251	125.299168238	0.000000000	0.000000000	0.000000000	0.000000000	0.000000000
-1000.000000000	100.000000000	0.257326891	125.572596516	0.000000000	0.000000000	0.000000000	0.000000000	0.000000000
-900.000000000	100.000000000	0.257613458	125.572596516	0.000000000	0.000000000	0.000000000	0.000000000	0.000000000
-800.000000000	100.000000000	0.259986490	125.572596516	0.000000000	0.000000000	0.000000000	0.000000000	0.000000000
-700.000000000	100.000000000	0.260902538	125.572596516	0.000000000	0.000000000	0.000000000	0.000000000	0.000000000
-600.000000000	100.000000000	0.262676676	125.572596516	0.000000000	0.000000000	0.000000000	0.000000000	0.000000000
-500.000000000	100.000000000	0.266421365	125.572596516	0.000000000	0.000000000	0.000000000	0.000000000	0.000000000
-400.000000000	100.000000000	0.272674319	125.572596516	0.000000000	0.000000000	0.000000000	0.000000000	0.000000000
-300.000000000	100.000000000	0.286563154	125.572596516	0.000000000	0.000000000	0.000000000	0.000000000	0.000000000
-200.000000000	100.000000000	0.324732899	125.572596516	0.000000000	0.000000000	0.000000000	0.000000000	0.000000000
-100.000000000	100.000000000	0.517737345	125.572596516	0.000000000	0.000000000	0.000000000	0.000000000	0.000000000
0.000000000	100.000000000	0.926283782	125.572596516	0.000000000	0.000000000	0.000000000	0.000000000	0.000000000
100.000000000	100.000000000	0.600492420	125.572596516	0.000000000	0.000000000	0.000000000	0.000000000	0.000000000
200.000000000	100.000000000	0.349487128	125.572596516	0.000000000	0.000000000	0.000000000	0.000000000	0.000000000
300.000000000	100.000000000	0.294033212	125.572596516	0.000000000	0.000000000	0.000000000	0.000000000	0.000000000
400.000000000	100.000000000	0.276299873	125.572596516	0.000000000	0.000000000	0.000000000	0.000000000	0.000000000
500.000000000	100.000000000	0.269187219	125.572596516	0.000000000	0.000000000	0.000000000	0.000000000	0.000000000
600.000000000	100.000000000	0.264025795	125.572596516	0.000000000	0.000000000	0.000000000	0.000000000	0.000000000
700.000000000	100.000000000	0.262349861	125.572596516	0.000000000	0.000000000	0.000000000	0.000000000	0.000000000
800.000000000	100.000000000	0.260102404	125.572596516	0.000000000	0.000000000	0.000000000	0.000000000	0.000000000
900.000000000	100.000000000	0.260063766	125.572596516	0.000000000	0.000000000	0.000000000	0.000000000	0.000000000
1000.000000000	100.000000000	0.258345975	125.572596516	0.000000000	0.000000000	0.000000000	0.000000000	0.000000000
-1000.000000000	200.000000000	0.261374246	125.430879478	0.000000000	0.000000000	0.000000000	0.000000000	0.000000000
-900.000000000	200.000000000	0.263328697	125.430879478	0.000000000	0.000000000	0.000000000	0.000000000	0.000000000
-800.000000000	200.000000000	0.264840417	125.430879478	0.000000000	0.000000000	0.000000000	0.000000000	0.000000000
-700.000000000	200.000000000	0.266447124	125.430879478	0.000000000	0.000000000	0.000000000	0.000000000	0.000000000
-600.000000000	200.000000000	0.268884552	125.430879478	0.000000000	0.000000000	0.000000000	0.000000000	0.000000000
-500.000000000	200.000000000	0.271154549	125.430879478	0.000000000	0.000000000	0.000000000	0.000000000	0.000000000
-400.000000000	200.000000000	0.281593311	125.430879478	0.000000000	0.000000000	0.000000000	0.000000000	0.000000000
-300.000000000	200.000000000	0.292949732	125.430879478	0.000000000	0.000000000	0.000000000	0.000000000	0.000000000
-200.000000000	200.000000000	0.330217918	125.430879478	0.000000000	0.000000000	0.000000000	0.000000000	0.000000000
-100.000000000	200.000000000	0.503684293	125.430879478	0.000000000	0.000000000	0.000000000	0.000000000	0.000000000
0.000000000	200.000000000	0.946736369	125.430879478	0.000000000	0.000000000	0.000000000	0.000000000	0.000000000
100.000000000	200.000000000	0.581778628	125.430879478	0.000000000	0.000000000	0.000000000	0.000000000	0.000000000
200.000000000	200.000000000	0.357548030	125.430879478	0.000000000	0.000000000	0.000000000	0.000000000	0.000000000
300.000000000	200.000000000	0.308888003	125.430879478	0.000000000	0.000000000	0.000000000	0.000000000	0.000000000
400.000000000	200.000000000	0.287018763	125.430879478	0.000000000	0.000000000	0.000000000	0.000000000	0.000000000
500.000000000	200.000000000	0.275222832	125.430879478	0.000000000	0.000000000	0.000000000	0.000000000	0.000000000
600.000000000	200.000000000	0.268606035	125.430879478	0.000000000	0.000000000	0.000000000	0.000000000	0.000000000
700.000000000	200.000000000	0.269613849	125.430879478	0.000000000	0.000000000	0.000000000	0.000000000	0.000000000
800.000000000	200.000000000	0.266862485	125.430879478	0.000000000	0.000000000	0.000000000	0.000000000	0.000000000
900.000000000	200.000000000	0.263697370	125.430879478	0.000000000	0.000000000	0.000000000	0.000000000	0.000000000
1000.000000000	200.000000000	0.261430594	125.430879478	0.000000000	0.000000000	0.000000000	0.000000000	0.000000000
-1000.000000000	300.000000000	0.265178502	125.309303857	0.000000000	0.000000000	0.000000000	0.000000000	0.000000000
-900.000000000	300.000000000	0.266564649	125.309303857	0.000000000	0.000000000	0.000000000	0.000000000	0.000000000
-800.000000000	300.000000000	0.270903400	125.309303857	0.000000000	0.000000000	0.000000000	0.000000000	0.000000000
-700.000000000	300.000000000	0.269520473	125.309303857	0.000000000	0.000000000	0.000000000	0.000000000	0.000000000
-600.000000000	300.000000000	0.274274586	125.309303857	0.000000000	0.000000000	0.000000000	0.000000000	0.000000000
-500.000000000	300.000000000	0.282646203	125.309303857	0.000000000	0.000000000	0.000000000	0.000000000	0.000000000
-400.000000000	300.000000000	0.291257699	125.309303857	0.000000000	0.000000000	0.000000000	0.000000000	0.000000000
-300.000000000	300.000000000	0.315261702	125.309303857	0.000000000	0.000000000	0.000000000	0.000000000	0.000000000
-200.000000000	300.000000000	0.413430193	125.309303857	0.000000000	0.000000000	0.000000000	0.000000000	0.000000000
-100.000000000	300.000000000	0.549823186	125.309303857	0.000000000	0.000000000	0.000000000	0.000000000	0.000000000
0.000000000	300.000000000	0.884362869	125.309303857	0.000000000	0.000000000	0.000000000	0.000000000	0.000000000
100.000000000	300.000000000	0.611180724	125.309303857	0.000000000	0.000000000	0.000000000	0.000000000	0.000000000
200.000000000	300.000000000	0.389376278	125.309303857	0.000000000	0.000000000	0.000000000	0.000000000	0.000000000
300.000000000	300.000000000	0.323670347	125.309303857	0.000000000	0.000000000	0.000000000	0.000000000	0.000000000
400.000000000	300.000000000	0.300497067	125.309303857	0.000000000	0.000000000	0.000000000	0.000000000	0.000000000
500.000000000	300.000000000	0.281068475	125.309303857	0.000000000	0.000000000	0.000000000	0.000000000	0.000000000
600.000000000	300.000000000	0.278323551	125.309303857	0.000000000	0.000000000	0.000000000	0.000000000	0.000000000
700.000000000	300.000000000	0.273389126	125.309303857	0.000000000	0.000000000	0.000000000	0.000000000	0.000000000
800.000000000	300.000000000	0.270145125	125.309303857	0.000000000	0.000000000	0.000000000	0.000000000	0.000000000
900.000000000	300.000000000	0.266614556	125.309303857	0.000000000	0.000000000	0.000000000	0.000000000	0.000000000
1000.000000000	300.000000000	0.266413316	125.309303857	0.000000000	0.000000000	0.000000000	0.000000000	0.000000000
-1000.000000000	400.000000000	0.265278317	125.339706733	0.000000000	0.000000000	0.000000000	0.000000000	0.000000000
-900.000000000	400.000000000	0.272709737	125.339706733	0.000000000	0.000000000	0.000000000	0.000000000	0.000000000
-800.000000000	400.000000000	0.275709030	125.339706733	0.000000000	0.000000000	0.000000000	0.000000000	0.000000000
-700.000000000	400.000000000	0.278969131	125.339706733	0.000000000	0.000000000	0.000000000	0.000000000	0.000000000
-600.000000000	400.000000000	0.279669449	125.339706733	0.000000000	0.000000000	0.000000000	0.000000000	0.000000000
-500.000000000	400.000000000	0.300054337	125.339706733	0.000000000	0.000000000	0.000000000	0.000000000	0.000000000
-400.000000000	400.000000000	0.306344319	125.339706733	0.000000000	0.000000000	0.000000000	0.000000000	0.000000000
-300.000000000	400.000000000	0.345431723	125.339706733	0.000000000	0.000000000	0.000000000	0.000000000	0.000000000
-200.000000000	400.000000000	0.416944661	125.339706733	0.000000000	0.000000000	0.000000000	0.000000000	0.000000000
-100.000000000	400.000000000	0.591109764	125.339706733	0.000000000	0.000000000	0.000000000	0.000000000	0.000000000
0.000000000	400.000000000	0.866210934	125.339706733	0.000000000	0.000000000	0.000000000	0.000000000	0.000000000
100.000000000	400.000000000	0.655682330	125.339706733	0.000000000	0.000000000	0.000000000	0.000000000	0.000000000
200.000000000	400.000000000	0.455722964	125.339706733	0.000000000	0.000000000	0.000000000	0.000000000	0.000000000
300.000000000	400.000000000	0.357734782	125.339706733	0.000000000	0.000000000	0.000000000	0.000000000	0.000000000
400.000000000	400.000000000	0.326016010	125.339706733	0.000000000	0.000000000	0.000000000	0.000000000	0.000000000
500.000000000	400.000000000	0.299590678	125.339706733	0.000000000	0.000000000	0.000000000	0.000000000	0.000000000
600.000000000	400.000000000	0.282866763	125.339706733	0.000000000	0.000000000	0.000000000	0.000000000	0.000000000
700.000000000	400.000000000	0.280529150	125.339706733	0.000000000	0.000000000	0.000000000	0.000000000	0.000000000
800.000000000	400.000000000	0.274514465	125.339706733	0.000000000	0.000000000	0.000000000	0.000000000	0.000000000
900.000000000	400.000000000	0.271922483	125.339706733	0.000000000	0.000000000	0.000000000	0.000000000	0.000000000
1000.000000000	400.000000000	0.267567633	125.339706733	0.000000000	0.000000000	0.000000000	0.000000000	0.000000000
-1000.000000000	500.000000000	0.268538418	125.309303857	0.000000000	0.000000000	0.000000000	0.000000000	0.000000000
-900.000000000	500.000000000	0.274886358	125.309303857	0.000000000	0.000000000	0.000000000	0.000000000	0.000000000
-800.000000000	500.000000000	0.276388419	125.309303857	0.000000000	0.000000000	0.000000000	0.000000000	0.000000000
-700.000000000	500.000000000	0.278959472	125.309303857	0.000000000	0.000000000	0.000000000	0.000000000	0.000000000
-600.000000000	500.000000000	0.320743502	125.309303857	0.000000000	0.000000000	0.000000000	0.000000000	0.000000000
-500.000000000	500.000000000	0.310462511	125.309303857	0.000000000	0.000000000	0.000000000	0.000000000	0.000000000
-400.000000000	500.000000000	0.330773343	125.309303857	0.000000000	0.000000000	0.000000000	0.000000000	0.000000000
-300.000000000	500.000000000	0.388595463	125.309303857	0.000000000	0.000000000	0.000000000	0.000000000	0.000000000
-200.000000000	500.000000000	0.482663478	125.309303857	0.000000000	0.000000000	0.000000000	0.000000000	0.000000000
-100.000000000	500.000000000	0.663429299	125.309303857	0.000000000	0.000000000	0.000000000	0.000000000	0.000000000
0.000000000	500.000000000	0.874804728	125.309303857	0.000000000	0.000000000	0.000000000	0.000000000	0.000000000
100.000000000	500.000000000	0.728159645	125.309303857	0.000000000	0.000000000	0.000000000	0.000000000	0.000000000
200.000000000	500.000000000	0.509090427	125.309303857	0.000000000	0.000000000	0.000000000	0.000000000	0.000000000
300.000000000	500.000000000	0.405013495	125.309303857	0.000000000	0.000000000	0.000000000	0.000000000	0.000000000
400.000000000	500.000000000	0.350850736	125.309303857	0.000000000	0.000000000	0.000000000	0.000000000	0.000000000
500.000000000	500.000000000	0.323869978	125.309303857	0.000000000	0.000000000	0.000000000	0.000000000	0.000000000
600.000000000	500.000000000	0.298301127	125.309303857	0.000000000	0.000000000	0.000000000	0.000000000	0.000000000
700.000000000	500.000000000	0.291597394	125.309303857	0.000000000	0.000000000	0.000000000	0.000000000	0.000000000
800.000000000	500.000000000	0.282907011	125.309303857	0.000000000	0.000000000	0.000000000	0.000000000	0.000000000
900.000000000	500.000000000	0.273994459	125.309303857	0.000000000	0.000000000	0.000000000	0.000000000	0.000000000
1000.000000000	500.000000000	0.270273919	125.309303857	0.000000000	0.000000000	0.000000000	0.000000000	0.000000000
-1000.000000000	600.000000000	0.274470997	125.410623523	0.000000000	0.000000000	0.000000000	0.000000000	0.000000000
-900.000000000	600.000000000	0.285094901	125.410623523	0.000000000	0.000000000	0.000000000	0.000000000	0.000000000
-800.000000000	600.000000000	0.291759996	125.410623523	0.000000000	0.000000000	0.000000000	0.000000000	0.000000000
-700.000000000	600.000000000	0.314567824	125.410623523	0.000000000	0.000000000	0.000000000	0.000000000	0.000000000
-600.000000000	600.000000000	0.307484147	125.410623523	0.000000000	0.000000000	0.000000000	0.000000000	0.000000000
-500.000000000	600.000000000	0.331187094	125.410623523	0.000000000	0.000000000	0.000000000	0.000000000	0.000000000
-400.000000000	600.000000000	0.378089083	125.410623523	0.000000000	0.000000000	0.000000000	0.000000000	0.000000000
-300.000000000	600.000000000	0.431720568	125.410623523	0.000000000	0.000000000	0.000000000	0.000000000	0.000000000
-200.000000000	600.000000000	0.541524013	125.410623523	0.000000000	0.000000000	0.000000000	0.000000000	0.000000000
-100.000000000	600.000000000	0.723650239	125.410623523	0.000000000	0.000000000	0.000000000	0.000000000	0.000000000
0.000000000	600.000000000	0.881928658	125.410623523	0.000000000	0.000000000	0.000000000	0.000000000	0.000000000
100.000000000	600.000000000	0.774139173	125.410623523	0.000000000	0.000000000	0.000000000	0.000000000	0.000000000
200.000000000	600.000000000	0.568601374	125.410623523	0.000000000	0.000000000	0.000000000	0.000000000	0.000000000
300.000000000	600.000000000	0.450450454	125.410623523	0.000000000	0.000000000	0.000000000	0.000000000	0.000000000
400.000000000	600.000000000	0.384462782	125.410623523	0.000000000	0.000000000	0.000000000	0.000000000	0.000000000
500.000000000	600.000000000	0.345631354	125.410623523	0.000000000	0.000000000	0.000000000	0.000000000	0.000000000
600.000000000	600.000000000	0.315944311	125.410623523	0.000000000	0.000000000	0.000000000	0.000000000	0.000000000
700.000000000	600.000000000	0.308029912	125.410623523	0.000000000	0.000000000	0.000000000	0.000000000	0.000000000
800.000000000	600.000000000	0.294266651	125.410623523	0.000000000	0.000000000	0.000000000	0.000000000	0.000000000
900.000000000	600.000000000	0.284439661	125.410623523	0.000000000	0.000000000	0.000000000	0.000000000	0.000000000
1000.000000000	600.000000000	0.281831580	125.410623523	0.000000000	0.000000000	0.000000000	0.000000000	0.000000000
-1000.000000000	700.000000000	0.308797848	125.441006457	0.000000000	0.000000000	0.000000000	0.000000000	0.000000000
-900.000000000	700.000000000	0.300110684	125.441006457	0.000000000	0.000000000	0.000000000	0.000000000	0.000000000
-800.000000000	700.000000000	0.306640546	125.441006457	0.000000000	0.000000000	0.000000000	0.000000000	0.000000000
-700.000000000	700.000000000	0.324589615	125.441006457	0.000000000	0.000000000	0.000000000	0.000000000	0.000000000
-600.000000000	700.000000000	0.343873315	125.441006457	0.000000000	0.000000000	0.000000000	0.000000000	0.000000000
-500.000000000	700.000000000	0.374423280	125.441006457	0.000000000	0.000000000	0.000000000	0.000000000	0.000000000
-400.000000000	700.000000000	0.422825723	125.441006457	0.000000000	0.000000000	0.000000000	0.000000000	0.000000000
-300.000000000	700.000000000	0.513330974	125.441006457	0.000000000	0.000000000	0.000000000	0.000000000	0.000000000
-200.000000000	700.000000000	0.622242533	125.441006457	0.000000000	0.000000000	0.000000000	0.000000000	0.000000000
-100.000000000	700.000000000	0.784045057	125.441006457	0.000000000	0.000000000	0.000000000	0.000000000	0.000000000
0.000000000	700.000000000	0.903269862	125.441006457	0.000000000	0.000000000	0.000000000	0.000000000	0.000000000
100.000000000	700.000000000	0.829295292	125.441006457	0.000000000	0.000000000	0.000000000	0.000000000	0.000000000
200.000000000	700.000000000	0.672264580	125.441006457	0.000000000	0.000000000	0.000000000	0.000000000	0.000000000
300.000000000	700.000000000	0.541309893	125.441006457	0.000000000	0.000000000	0.000000000	0.000000000	0.000000000
400.000000000	700.000000000	0.440447980	125.441006457	0.000000000	0.000000000	0.000000000	0.000000000	0.000000000
500.000000000	700.000000000	0.390923417	125.441006457	0.000000000	0.000000000	0.000000000	0.000000000	0.000000000
600.000000000	700.000000000	0.353112683	125.441006457	0.000000000	0.000000000	0.000000000	0.000000000	0.000000000
700.000000000	700.000000000	0.336255143	125.441006457	0.000000000	0.000000000	0.000000000	0.000000000	0.000000000
800.000000000	700.000000000	0.321688528	125.441006457	0.000000000	0.000000000	0.000000000	0.000000000	0.000000000
900.000000000	700.000000000	0.304045344	125.441006457	0.000000000	0.000000000	0.000000000	0.000000000	0.000000000
1000.000000000	700.000000000	0.293687078	125.441006457	0.000000000	0.000000000	0.000000000	0.000000000	0.000000000
-1000.000000000	800.000000000	0.303293509	125.532119277	0.000000000	0.000000000	0.000000000	0.000000000	0.000000000
-900.000000000	800.000000000	0.315306780	125.532119277	0.000000000	0.000000000	0.000000000	0.000000000	0.000000000
-800.000000000	800.000000000	0.328005879	125.532119277	0.000000000	0.000000000	0.000000000	0.000000000	0.000000000
-700.000000000	800.000000000	0.349123285	125.532119277	0.000000000	0.000000000	0.000000000	0.000000000	0.000000000
-600.000000000	800.000000000	0.361436003	125.532119277	0.000000000	0.000000000	0.000000000	0.000000000	0.000000000
-500.000000000	800.000000000	0.399852070	125.532119277	0.000000000	0.000000000	0.000000000	0.000000000	0.000000000
-400.000000000	800.000000000	0.466467615	125.532119277	0.000000000	0.000000000	0.000000000	0.000000000	0.000000000
-300.000000000	800.000000000	0.542209842	125.532119277	0.000000000	0.000000000	0.000000000	0.000000000	0.000000000
-200.000000000	800.000000000	0.662212194	125.532119277	0.000000000	0.000000000	0.000000000	0.000000000	0.000000000
-100.000000000	800.000000000	0.787292281	125.532119277	0.000000000	0.000000000	0.000000000	0.000000000	0.000000000
0.000000000	800.000000000	0.885209691	125.532119277	0.000000000	0.000000000	0.000000000	0.000000000	0.000000000
100.000000000	800.000000000	0.835697974	125.532119277	0.000000000	0.000000000	0.000000000	0.000000000	0.000000000
200.000000000	800.000000000	0.703094687	125.532119277	0.000000000	0.000000000	0.000000000	0.000000000	0.000000000
300.000000000	800.000000000	0.591818132	125.532119277	0.000000000	0.000000000	0.000000000	0.000000000	0.000000000
400.000000000	800.000000000	0.499170058	125.532119277	0.000000000	0.000000000	0.000000000	0.000000000	0.000000000
500.000000000	800.000000000	0.427117788	125.532119277	0.000000000	0.000000000	0.000000000	0.000000000	0.000000000
600.000000000	800.000000000	0.389751391	125.532119277	0.000000000	0.000000000	0.000000000	0.000000000	0.000000000
700.000000000	800.000000000	0.356886350	125.532119277	0.000000000	0.000000000	0.000000000	0.000000000	0.000000000
800.000000000	800.000000000	0.340333086	125.532119277	0.000000000	0.000000000	0.000000000	0.000000000	0.000000000
900.000000000	800.000000000	0.322161846	125.532119277	0.000000000	0.000000000	0.000000000	0.000000000	0.000000000
1000.000000000	800.000000000	0.301757639	125.532119277	0.000000000	0.000000000	0.000000000	0.000000000	0.000000000
-1000.000000000	900.000000000	0.305586044	125.349839696	0.000000000	0.000000000	0.000000000	0.000000000	0.000000000
-900.000000000	900.000000000	0.320563189	125.349839696	0.000000000	0.000000000	0.000000000	0.000000000	0.000000000
-800.000000000	900.000000000	0.335361633	125.349839696	0.000000000	0.000000000	0.000000000	0.000000000	0.000000000
-700.000000000	900.000000000	0.365267628	125.349839696	0.000000000	0.000000000	0.000000000	0.000000000	0.000000000
-600.000000000	900.000000000	0.395088297	125.349839696	0.000000000	0.000000000	0.000000000	0.000000000	0.000000000
-500.000000000	900.000000000	0.428233466	125.349839696	0.000000000	0.000000000	0.000000000	0.000000000	0.000000000
-400.000000000	900.000000000	0.496679501	125.349839696	0.000000000	0.000000000	0.000000000	0.000000000	0.000000000
-300.000000000	900.000000000	0.580741834	125.349839696	0.000000000	0.000000000	0.000000000	0.000000000	0.000000000
-200.000000000	900.000000000	0.682618022	125.349839696	0.000000000	0.000000000	0.000000000	0.000000000	0.000000000
-100.000000000	900.000000000	0.805803227	125.349839696	0.000000000	0.000000000	0.000000000	0.000000000	0.000000000
0.000000000	900.000000000	0.870269561	125.349839696	0.000000000	0.000000000	0.000000000	0.000000000	0.000000000
100.000000000	900.000000000	0.822432169	125.349839696	0.000000000	0.000000000	0.000000000	0.000000000	0.000000000
200.000000000	900.000000000	0.708077411	125.349839696	0.000000000	0.000000000	0.000000000	0.000000000	0.000000000
300.000000000	900.000000000	0.596340416	125.349839696	0.000000000	0.000000000	0.000000000	0.000000000	0.000000000
400.000000000	900.000000000	0.526910707	125.349839696	0.000000000	0.000000000	0.000000000	0.000000000	0.000000000
500.000000000	900.000000000	0.439092422	125.349839696	0.000000000	0.000000000	0.000000000	0.000000000	0.000000000
600.000000000	900.000000000	0.405842607	125.349839696	0.000000000	0.000000000	0.000000000	0.000000000	0.000000000
700.000000000	900.000000000	0.377804126	125.349839696	0.000000000	0.000000000	0.000000000	0.000000000	0.000000000
800.000000000	900.000000000	0.350586708	125.349839696	0.000000000	0.000000000	0.000000000	0.000000000	0.000000000
900.000000000	900.000000000	0.328492077	125.349839696	0.000000000	0.000000000	0.000000000	0.000000000	0.000000000
1000.000000000	900.000000000	0.311959743	125.349839696	0.000000000	0.000000000	0.000000000	0.000000000	0.000000000
-1000.000000000	1000.000000000	0.324600885	125.197775592	0.000000000	0.000000000	0.000000000	0.000000000	0.000000000
-900.000000000	1000.000000000	0.340275129	125.197775592	0.000000000	0.000000000	0.000000000	0.000000000	0.000000000
-800.000000000	1000.000000000	0.347307288	125.197775592	0.000000000	0.000000000	0.000000000	0.000000000	0.000000000
-700.000000000	1000.000000000	0.378670266	125.197775592	0.000000000	0.000000000	0.000000000	0.000000000	0.000000000
-600.000000000	1000.000000000	0.415719507	125.197775592	0.000000000	0.000000000	0.000000000	0.000000000	0.000000000
-500.000000000	1000.000000000	0.473821761	125.197775592	0.000000000	0.000000000	0.000000000	0.000000000	0.000000000
-400.000000000	1000.000000000	0.525666233	125.197775592	0.000000000	0.000000000	0.000000000	0.000000000	0.000000000
-300.000000000	1000.000000000	0.615672420	125.197775592	0.000000000	0.000000000	0.000000000	0.000000000	0.000000000
-200.000000000	1000.000000000	0.721848730	125.197775592	0.000000000	0.000000000	0.000000000	0.000000000	0.000000000
-100.000000000	1000.000000000	0.827369818	125.197775592	0.000000000	0.000000000	0.000000000	0.000000000	0.000000000
0.000000000	1000.000000000	0.874279891	125.197775592	0.000000000	0.000000000	0.000000000	0.000000000	0.000000000
100.000000000	1000.000000000	0.845874326	125.197775592	0.000000000	0.000000000	0.000000000	0.000000000	0.000000000
200.000000000	1000.000000000	0.750135154	125.197775592	0.000000000	0.000000000	0.000000000	0.000000000	0.000000000
300.000000000	1000.000000000	0.657783284	125.197775592	0.000000000	0.000000000	0.000000000	0.000000000	0.000000000
400.000000000	1000.000000000	0.554139401	125.197775592	0.000000000	0.000000000	0.000000000	0.000000000	0.000000000
500.000000000	1000.000000000	0.474322448	125.197775592	0.000000000	0.000000000	0.000000000	0.000000000	0.000000000
600.000000000	1000.000000000	0.429695280	125.197775592	0.000000000	0.000000000	0.000000000	0.000000000	0.000000000
700.000000000	1000.000000000	0.386829374	125.197775592	0.000000000	0.000000000	0.000000000	0.000000000	0.000000000
800.000000000	1000.000000000	0.366734271	125.197775592	0.000000000	0.000000000	0.000000000	0.000000000	0.000000000
900.000000000	1000.000000000	0.344386881	125.197775592	0.000000000	0.000000000	0.000000000	0.000000000	0.000000000
1000.000000000	1000.000000000	0.319511907	125.197775592	0.000000000	0.000000000	0.000000000	0.000000000	0.000000000
