Set Temp (deg C)	125.000000	Laser Power (uW)	900.000000	Laser Detuning (GHz)	7.000000
X  Field (nT)	Z  Field (nT)	Photodiode Voltage (V)	Temperature (C) 2D	Y  Field (nT)	Photodiode Voltage (V)	Temperature (C) 1D	Frequency (Hz)	Photodiode Voltage (V)		
-1000.000000000	-1000.000000000	1.282401585	125.278895010	-1000.000000000	NaN	125.278895010	0.000000000	0.000000000
-900.000000000	-1000.000000000	1.440680194	125.278895010	-960.000000000	NaN	125.278895010	0.000000000	0.000000000
-800.000000000	-1000.000000000	1.628322391	125.278895010	-920.000000000	NaN	125.278895010	0.000000000	0.000000000
-700.000000000	-1000.000000000	1.816312435	125.278895010	-880.000000000	NaN	125.278895010	0.000000000	0.000000000
-600.000000000	-1000.000000000	2.018672845	125.278895010	-840.000000000	NaN	125.278895010	0.000000000	0.000000000
-500.000000000	-1000.000000000	2.207812618	125.278895010	-800.000000000	NaN	125.278895010	0.000000000	0.000000000
-400.000000000	-1000.000000000	2.442220680	125.278895010	-760.000000000	NaN	125.278895010	0.000000000	0.000000000
-300.000000000	-1000.000000000	2.773155915	125.278895010	-720.000000000	NaN	125.278895010	0.000000000	0.000000000
-200.000000000	-1000.000000000	2.778616822	125.278895010	-680.000000000	NaN	125.278895010	0.000000000	0.000000000
-100.000000000	-1000.000000000	2.780712960	125.278895010	-640.000000000	NaN	125.278895010	0.000000000	0.000000000
0.000000000	-1000.000000000	2.781274829	125.278895010	-600.000000000	NaN	125.278895010	0.000000000	0.000000000
100.000000000	-1000.000000000	2.782487111	125.278895010	-560.000000000	NaN	125.278895010	0.000000000	0.000000000
200.000000000	-1000.000000000	2.784404547	125.278895010	-520.000000000	NaN	125.278895010	0.000000000	0.000000000
300.000000000	-1000.000000000	2.786072442	125.278895010	-480.000000000	NaN	125.278895010	0.000000000	0.000000000
400.000000000	-1000.000000000	2.786801743	125.278895010	-440.000000000	NaN	125.278895010	0.000000000	0.000000000
500.000000000	-1000.000000000	2.788073594	125.278895010	-400.000000000	NaN	125.278895010	0.000000000	0.000000000
600.000000000	-1000.000000000	2.790910303	125.278895010	-360.000000000	NaN	125.278895010	0.000000000	0.000000000
700.000000000	-1000.000000000	2.791193652	125.278895010	-320.000000000	NaN	125.278895010	0.000000000	0.000000000
800.000000000	-1000.000000000	2.790894204	125.278895010	-280.000000000	NaN	125.278895010	0.000000000	0.000000000
900.000000000	-1000.000000000	2.793774382	125.278895010	-240.000000000	NaN	125.278895010	0.000000000	0.000000000
1000.000000000	-1000.000000000	2.796031514	125.278895010	-200.000000000	NaN	125.278895010	0.000000000	0.000000000
-1000.000000000	-900.000000000	2.806803606	125.278895010	-160.000000000	NaN	125.278895010	0.000000000	0.000000000
-900.000000000	-900.000000000	2.809527620	125.278895010	-120.000000000	NaN	125.278895010	0.000000000	0.000000000
-800.000000000	-900.000000000	2.808859496	125.278895010	-80.000000000	NaN	125.278895010	0.000000000	0.000000000
-700.000000000	-900.000000000	2.809497031	125.278895010	-40.000000000	NaN	125.278895010	0.000000000	0.000000000
-600.000000000	-900.000000000	2.811478864	125.278895010	0.000000000	NaN	125.278895010	0.000000000	0.000000000
-500.000000000	-900.000000000	2.812019803	125.278895010	40.000000000	NaN	125.278895010	0.000000000	0.000000000
-400.000000000	-900.000000000	2.813034064	125.278895010	80.000000000	NaN	125.278895010	0.000000000	0.000000000
-300.000000000	-900.000000000	2.812108350	125.278895010	120.000000000	NaN	125.278895010	0.000000000	0.000000000
-200.000000000	-900.000000000	2.670899570	125.278895010	160.000000000	NaN	125.278895010	0.000000000	0.000000000
-100.000000000	-900.000000000	0.671643162	125.278895010	200.000000000	NaN	125.278895010	0.000000000	0.000000000
0.000000000	-900.000000000	2.777101876	125.278895010	240.000000000	NaN	125.278895010	0.000000000	0.000000000
100.000000000	-900.000000000	2.539736593	125.278895010	280.000000000	NaN	125.278895010	0.000000000	0.000000000
200.000000000	-900.000000000	2.550028453	125.278895010	320.000000000	NaN	125.278895010	0.000000000	0.000000000
300.000000000	-900.000000000	2.326284501	125.278895010	360.000000000	NaN	125.278895010	0.000000000	0.000000000
400.000000000	-900.000000000	2.014454823	125.278895010	400.000000000	NaN	125.278895010	0.000000000	0.000000000
500.000000000	-900.000000000	1.869552878	125.278895010	440.000000000	NaN	125.278895010	0.000000000	0.000000000
600.000000000	-900.000000000	1.723704358	125.278895010	480.000000000	NaN	125.278895010	0.000000000	0.000000000
700.000000000	-900.000000000	1.524253271	125.278895010	520.000000000	NaN	125.278895010	0.000000000	0.000000000
800.000000000	-900.000000000	1.347291399	125.278895010	560.000000000	NaN	125.278895010	0.000000000	0.000000000
900.000000000	-900.000000000	1.201843956	125.278895010	600.000000000	NaN	125.278895010	0.000000000	0.000000000
1000.000000000	-900.000000000	1.033773852	125.278895010	640.000000000	NaN	125.278895010	0.000000000	0.000000000
-1000.000000000	-800.000000000	0.991519676	124.098557822	680.000000000	NaN	125.278895010	0.000000000	0.000000000
-900.000000000	-800.000000000	1.088091225	124.098557822	720.000000000	NaN	125.278895010	0.000000000	0.000000000
-800.000000000	-800.000000000	1.236937187	124.098557822	760.000000000	NaN	125.278895010	0.000000000	0.000000000
-700.000000000	-800.000000000	1.466988058	124.098557822	800.000000000	NaN	125.278895010	0.000000000	0.000000000
-600.000000000	-800.000000000	1.653917070	124.098557822	840.000000000	NaN	125.278895010	0.000000000	0.000000000
-500.000000000	-800.000000000	1.763294174	124.098557822	880.000000000	NaN	125.278895010	0.000000000	0.000000000
-400.000000000	-800.000000000	1.974750668	124.098557822	920.000000000	NaN	125.278895010	0.000000000	0.000000000
-300.000000000	-800.000000000	2.143735655	124.098557822	960.000000000	NaN	125.278895010	0.000000000	0.000000000
-200.000000000	-800.000000000	2.288908205	124.098557822	1000.000000000	NaN	125.278895010	0.000000000	0.000000000
-100.000000000	-800.000000000	2.417739994	124.098557822	0.000000000	0.000000000	0.000000000	0.000000000	0.000000000
0.000000000	-800.000000000	2.429376605	124.098557822	0.000000000	0.000000000	0.000000000	0.000000000	0.000000000
100.000000000	-800.000000000	2.406645933	124.098557822	0.000000000	0.000000000	0.000000000	0.000000000	0.000000000
200.000000000	-800.000000000	2.303328386	124.098557822	0.000000000	0.000000000	0.000000000	0.000000000	0.000000000
300.000000000	-800.000000000	2.144300742	124.098557822	0.000000000	0.000000000	0.000000000	0.000000000	0.000000000
400.000000000	-800.000000000	1.989452573	124.098557822	0.000000000	0.000000000	0.000000000	0.000000000	0.000000000
500.000000000	-800.000000000	1.808398012	124.098557822	0.000000000	0.000000000	0.000000000	0.000000000	0.000000000
600.000000000	-800.000000000	1.553964533	124.098557822	0.000000000	0.000000000	0.000000000	0.000000000	0.000000000
700.000000000	-800.000000000	1.424041570	124.098557822	0.000000000	0.000000000	0.000000000	0.000000000	0.000000000
800.000000000	-800.000000000	1.241226038	124.098557822	0.000000000	0.000000000	0.000000000	0.000000000	0.000000000
900.000000000	-800.000000000	1.064492895	124.098557822	0.000000000	0.000000000	0.000000000	0.000000000	0.000000000
1000.000000000	-800.000000000	0.976244678	124.098557822	0.000000000	0.000000000	0.000000000	0.000000000	0.000000000
-1000.000000000	-700.000000000	0.865842260	122.580110930	0.000000000	0.000000000	0.000000000	0.000000000	0.000000000
-900.000000000	-700.000000000	1.003286641	122.580110930	0.000000000	0.000000000	0.000000000	0.000000000	0.000000000
-800.000000000	-700.000000000	1.134009608	122.580110930	0.000000000	0.000000000	0.000000000	0.000000000	0.000000000
-700.000000000	-700.000000000	1.255032790	122.580110930	0.000000000	0.000000000	0.000000000	0.000000000	0.000000000
-600.000000000	-700.000000000	1.448865077	122.580110930	0.000000000	0.000000000	0.000000000	0.000000000	0.000000000
-500.000000000	-700.000000000	1.697911653	122.580110930	0.000000000	0.000000000	0.000000000	0.000000000	0.000000000
-400.000000000	-700.000000000	1.916614406	122.580110930	0.000000000	0.000000000	0.000000000	0.000000000	0.000000000
-300.000000000	-700.000000000	2.120824697	122.580110930	0.000000000	0.000000000	0.000000000	0.000000000	0.000000000
-200.000000000	-700.000000000	2.259264490	122.580110930	0.000000000	0.000000000	0.000000000	0.000000000	0.000000000
-100.000000000	-700.000000000	2.393660199	122.580110930	0.000000000	0.000000000	0.000000000	0.000000000	0.000000000
0.000000000	-700.000000000	2.420164557	122.580110930	0.000000000	0.000000000	0.000000000	0.000000000	0.000000000
100.000000000	-700.000000000	2.384939183	122.580110930	0.000000000	0.000000000	0.000000000	0.000000000	0.000000000
200.000000000	-700.000000000	2.289761470	122.580110930	0.000000000	0.000000000	0.000000000	0.000000000	0.000000000
300.000000000	-700.000000000	2.143017624	122.580110930	0.000000000	0.000000000	0.000000000	0.000000000	0.000000000
400.000000000	-700.000000000	1.938078020	122.580110930	0.000000000	0.000000000	0.000000000	0.000000000	0.000000000
500.000000000	-700.000000000	1.666044680	122.580110930	0.000000000	0.000000000	0.000000000	0.000000000	0.000000000
600.000000000	-700.000000000	1.428391600	122.580110930	0.000000000	0.000000000	0.000000000	0.000000000	0.000000000
700.000000000	-700.000000000	1.280868932	122.580110930	0.000000000	0.000000000	0.000000000	0.000000000	0.000000000
800.000000000	-700.000000000	1.082464526	122.580110930	0.000000000	0.000000000	0.000000000	0.000000000	0.000000000
900.000000000	-700.000000000	0.917857419	122.580110930	0.000000000	0.000000000	0.000000000	0.000000000	0.000000000
1000.000000000	-700.000000000	0.838211070	122.580110930	0.000000000	0.000000000	0.000000000	0.000000000	0.000000000
-1000.000000000	-600.000000000	0.750502217	122.672839392	0.000000000	0.000000000	0.000000000	0.000000000	0.000000000
-900.000000000	-600.000000000	0.821834886	122.672839392	0.000000000	0.000000000	0.000000000	0.000000000	0.000000000
-800.000000000	-600.000000000	0.991759555	122.672839392	0.000000000	0.000000000	0.000000000	0.000000000	0.000000000
-700.000000000	-600.000000000	1.091494615	122.672839392	0.000000000	0.000000000	0.000000000	0.000000000	0.000000000
-600.000000000	-600.000000000	1.286060954	122.672839392	0.000000000	0.000000000	0.000000000	0.000000000	0.000000000
-500.000000000	-600.000000000	1.537668820	122.672839392	0.000000000	0.000000000	0.000000000	0.000000000	0.000000000
-400.000000000	-600.000000000	1.821058515	122.672839392	0.000000000	0.000000000	0.000000000	0.000000000	0.000000000
-300.000000000	-600.000000000	2.003885614	122.672839392	0.000000000	0.000000000	0.000000000	0.000000000	0.000000000
-200.000000000	-600.000000000	2.198532962	122.672839392	0.000000000	0.000000000	0.000000000	0.000000000	0.000000000
-100.000000000	-600.000000000	2.352597206	122.672839392	0.000000000	0.000000000	0.000000000	0.000000000	0.000000000
0.000000000	-600.000000000	2.388307166	122.672839392	0.000000000	0.000000000	0.000000000	0.000000000	0.000000000
100.000000000	-600.000000000	2.347022003	122.672839392	0.000000000	0.000000000	0.000000000	0.000000000	0.000000000
200.000000000	-600.000000000	2.216837907	122.672839392	0.000000000	0.000000000	0.000000000	0.000000000	0.000000000
300.000000000	-600.000000000	1.996945196	122.672839392	0.000000000	0.000000000	0.000000000	0.000000000	0.000000000
400.000000000	-600.000000000	1.782270435	122.672839392	0.000000000	0.000000000	0.000000000	0.000000000	0.000000000
500.000000000	-600.000000000	1.499969085	122.672839392	0.000000000	0.000000000	0.000000000	0.000000000	0.000000000
600.000000000	-600.000000000	1.308430921	122.672839392	0.000000000	0.000000000	0.000000000	0.000000000	0.000000000
700.000000000	-600.000000000	1.069245404	122.672839392	0.000000000	0.000000000	0.000000000	0.000000000	0.000000000
800.000000000	-600.000000000	0.905032734	122.672839392	0.000000000	0.000000000	0.000000000	0.000000000	0.000000000
900.000000000	-600.000000000	0.784410510	122.672839392	0.000000000	0.000000000	0.000000000	0.000000000	0.000000000
1000.000000000	-600.000000000	0.683400446	122.672839392	0.000000000	0.000000000	0.000000000	0.000000000	0.000000000
-1000.000000000	-500.000000000	0.636577324	123.053530451	0.000000000	0.000000000	0.000000000	0.000000000	0.000000000
-900.000000000	-500.000000000	0.720052051	123.053530451	0.000000000	0.000000000	0.000000000	0.000000000	0.000000000
-800.000000000	-500.000000000	0.793516260	123.053530451	0.000000000	0.000000000	0.000000000	0.000000000	0.000000000
-700.000000000	-500.000000000	0.986920111	123.053530451	0.000000000	0.000000000	0.000000000	0.000000000	0.000000000
-600.000000000	-500.000000000	1.120452399	123.053530451	0.000000000	0.000000000	0.000000000	0.000000000	0.000000000
-500.000000000	-500.000000000	1.432480823	123.053530451	0.000000000	0.000000000	0.000000000	0.000000000	0.000000000
-400.000000000	-500.000000000	1.651426510	123.053530451	0.000000000	0.000000000	0.000000000	0.000000000	0.000000000
-300.000000000	-500.000000000	1.918886021	123.053530451	0.000000000	0.000000000	0.000000000	0.000000000	0.000000000
-200.000000000	-500.000000000	2.161564056	123.053530451	0.000000000	0.000000000	0.000000000	0.000000000	0.000000000
-100.000000000	-500.000000000	2.300258241	123.053530451	0.000000000	0.000000000	0.000000000	0.000000000	0.000000000
0.000000000	-500.000000000	2.361904238	123.053530451	0.000000000	0.000000000	0.000000000	0.000000000	0.000000000
100.000000000	-500.000000000	2.313507999	123.053530451	0.000000000	0.000000000	0.000000000	0.000000000	0.000000000
200.000000000	-500.000000000	2.119200272	123.053530451	0.000000000	0.000000000	0.000000000	0.000000000	0.000000000
300.000000000	-500.000000000	1.938383908	123.053530451	0.000000000	0.000000000	0.000000000	0.000000000	0.000000000
400.000000000	-500.000000000	1.600486692	123.053530451	0.000000000	0.000000000	0.000000000	0.000000000	0.000000000
500.000000000	-500.000000000	1.357493519	123.053530451	0.000000000	0.000000000	0.000000000	0.000000000	0.000000000
600.000000000	-500.000000000	1.108716020	123.053530451	0.000000000	0.000000000	0.000000000	0.000000000	0.000000000
700.000000000	-500.000000000	0.950521247	123.053530451	0.000000000	0.000000000	0.000000000	0.000000000	0.000000000
800.000000000	-500.000000000	0.769777879	123.053530451	0.000000000	0.000000000	0.000000000	0.000000000	0.000000000
900.000000000	-500.000000000	0.678135984	123.053530451	0.000000000	0.000000000	0.000000000	0.000000000	0.000000000
1000.000000000	-500.000000000	0.589680148	123.053530451	0.000000000	0.000000000	0.000000000	0.000000000	0.000000000
-1000.000000000	-400.000000000	0.537473437	123.453875787	0.000000000	0.000000000	0.000000000	0.000000000	0.000000000
-900.000000000	-400.000000000	0.595548332	123.453875787	0.000000000	0.000000000	0.000000000	0.000000000	0.000000000
-800.000000000	-400.000000000	0.654878976	123.453875787	0.000000000	0.000000000	0.000000000	0.000000000	0.000000000
-700.000000000	-400.000000000	0.773232783	123.453875787	0.000000000	0.000000000	0.000000000	0.000000000	0.000000000
-600.000000000	-400.000000000	0.996640857	123.453875787	0.000000000	0.000000000	0.000000000	0.000000000	0.000000000
-500.000000000	-400.000000000	1.213615757	123.453875787	0.000000000	0.000000000	0.000000000	0.000000000	0.000000000
-400.000000000	-400.000000000	1.497444714	123.453875787	0.000000000	0.000000000	0.000000000	0.000000000	0.000000000
-300.000000000	-400.000000000	1.771285873	123.453875787	0.000000000	0.000000000	0.000000000	0.000000000	0.000000000
-200.000000000	-400.000000000	2.053030418	123.453875787	0.000000000	0.000000000	0.000000000	0.000000000	0.000000000
-100.000000000	-400.000000000	2.222327778	123.453875787	0.000000000	0.000000000	0.000000000	0.000000000	0.000000000
0.000000000	-400.000000000	2.320226257	123.453875787	0.000000000	0.000000000	0.000000000	0.000000000	0.000000000
100.000000000	-400.000000000	2.248384556	123.453875787	0.000000000	0.000000000	0.000000000	0.000000000	0.000000000
200.000000000	-400.000000000	2.081848216	123.453875787	0.000000000	0.000000000	0.000000000	0.000000000	0.000000000
300.000000000	-400.000000000	1.746393116	123.453875787	0.000000000	0.000000000	0.000000000	0.000000000	0.000000000
400.000000000	-400.000000000	1.509321168	123.453875787	0.000000000	0.000000000	0.000000000	0.000000000	0.000000000
500.000000000	-400.000000000	1.178559557	123.453875787	0.000000000	0.000000000	0.000000000	0.000000000	0.000000000
600.000000000	-400.000000000	0.965192522	123.453875787	0.000000000	0.000000000	0.000000000	0.000000000	0.000000000
700.000000000	-400.000000000	0.743998111	123.453875787	0.000000000	0.000000000	0.000000000	0.000000000	0.000000000
800.000000000	-400.000000000	0.656912314	123.453875787	0.000000000	0.000000000	0.000000000	0.000000000	0.000000000
900.000000000	-400.000000000	0.579300949	123.453875787	0.000000000	0.000000000	0.000000000	0.000000000	0.000000000
1000.000000000	-400.000000000	0.505683822	123.453875787	0.000000000	0.000000000	0.000000000	0.000000000	0.000000000
-1000.000000000	-300.000000000	0.460591383	123.935068544	0.000000000	0.000000000	0.000000000	0.000000000	0.000000000
-900.000000000	-300.000000000	0.485571006	123.935068544	0.000000000	0.000000000	0.000000000	0.000000000	0.000000000
-800.000000000	-300.000000000	0.565439478	123.935068544	0.000000000	0.000000000	0.000000000	0.000000000	0.000000000
-700.000000000	-300.000000000	0.644692966	123.935068544	0.000000000	0.000000000	0.000000000	0.000000000	0.000000000
-600.000000000	-300.000000000	0.797357547	123.935068544	0.000000000	0.000000000	0.000000000	0.000000000	0.000000000
-500.000000000	-300.000000000	0.974697536	123.935068544	0.000000000	0.000000000	0.000000000	0.000000000	0.000000000
-400.000000000	-300.000000000	1.263203180	123.935068544	0.000000000	0.000000000	0.000000000	0.000000000	0.000000000
-300.000000000	-300.000000000	1.641955285	123.935068544	0.000000000	0.000000000	0.000000000	0.000000000	0.000000000
-200.000000000	-300.000000000	1.948616637	123.935068544	0.000000000	0.000000000	0.000000000	0.000000000	0.000000000
-100.000000000	-300.000000000	2.194168429	123.935068544	0.000000000	0.000000000	0.000000000	0.000000000	0.000000000
0.000000000	-300.000000000	2.282450759	123.935068544	0.000000000	0.000000000	0.000000000	0.000000000	0.000000000
100.000000000	-300.000000000	2.190253071	123.935068544	0.000000000	0.000000000	0.000000000	0.000000000	0.000000000
200.000000000	-300.000000000	1.972177996	123.935068544	0.000000000	0.000000000	0.000000000	0.000000000	0.000000000
300.000000000	-300.000000000	1.586554354	123.935068544	0.000000000	0.000000000	0.000000000	0.000000000	0.000000000
400.000000000	-300.000000000	1.272167266	123.935068544	0.000000000	0.000000000	0.000000000	0.000000000	0.000000000
500.000000000	-300.000000000	1.009348021	123.935068544	0.000000000	0.000000000	0.000000000	0.000000000	0.000000000
600.000000000	-300.000000000	0.760107045	123.935068544	0.000000000	0.000000000	0.000000000	0.000000000	0.000000000
700.000000000	-300.000000000	0.603069911	123.935068544	0.000000000	0.000000000	0.000000000	0.000000000	0.000000000
800.000000000	-300.000000000	0.541419368	123.935068544	0.000000000	0.000000000	0.000000000	0.000000000	0.000000000
900.000000000	-300.000000000	0.479683504	123.935068544	0.000000000	0.000000000	0.000000000	0.000000000	0.000000000
1000.000000000	-300.000000000	0.444690137	123.935068544	0.000000000	0.000000000	0.000000000	0.000000000	0.000000000
-1000.000000000	-200.000000000	0.454790822	124.679647973	0.000000000	0.000000000	0.000000000	0.000000000	0.000000000
-900.000000000	-200.000000000	0.429296018	124.679647973	0.000000000	0.000000000	0.000000000	0.000000000	0.000000000
-800.000000000	-200.000000000	0.472060501	124.679647973	0.000000000	0.000000000	0.000000000	0.000000000	0.000000000
-700.000000000	-200.000000000	0.533896180	124.679647973	0.000000000	0.000000000	0.000000000	0.000000000	0.000000000
-600.000000000	-200.000000000	0.618457594	124.679647973	0.000000000	0.000000000	0.000000000	0.000000000	0.000000000
-500.000000000	-200.000000000	0.785506871	124.679647973	0.000000000	0.000000000	0.000000000	0.000000000	0.000000000
-400.000000000	-200.000000000	1.073566451	124.679647973	0.000000000	0.000000000	0.000000000	0.000000000	0.000000000
-300.000000000	-200.000000000	1.413306561	124.679647973	0.000000000	0.000000000	0.000000000	0.000000000	0.000000000
-200.000000000	-200.000000000	1.791364938	124.679647973	0.000000000	0.000000000	0.000000000	0.000000000	0.000000000
-100.000000000	-200.000000000	2.105375779	124.679647973	0.000000000	0.000000000	0.000000000	0.000000000	0.000000000
0.000000000	-200.000000000	2.259095447	124.679647973	0.000000000	0.000000000	0.000000000	0.000000000	0.000000000
100.000000000	-200.000000000	2.110703046	124.679647973	0.000000000	0.000000000	0.000000000	0.000000000	0.000000000
200.000000000	-200.000000000	1.835638059	124.679647973	0.000000000	0.000000000	0.000000000	0.000000000	0.000000000
300.000000000	-200.000000000	1.393950374	124.679647973	0.000000000	0.000000000	0.000000000	0.000000000	0.000000000
400.000000000	-200.000000000	1.075366352	124.679647973	0.000000000	0.000000000	0.000000000	0.000000000	0.000000000
500.000000000	-200.000000000	0.820154122	124.679647973	0.000000000	0.000000000	0.000000000	0.000000000	0.000000000
600.000000000	-200.000000000	0.616089392	124.679647973	0.000000000	0.000000000	0.000000000	0.000000000	0.000000000
700.000000000	-200.000000000	0.519799660	124.679647973	0.000000000	0.000000000	0.000000000	0.000000000	0.000000000
800.000000000	-200.000000000	0.453660648	124.679647973	0.000000000	0.000000000	0.000000000	0.000000000	0.000000000
900.000000000	-200.000000000	0.422751666	124.679647973	0.000000000	0.000000000	0.000000000	0.000000000	0.000000000
1000.000000000	-200.000000000	0.409394105	124.679647973	0.000000000	0.000000000	0.000000000	0.000000000	0.000000000
-1000.000000000	-100.000000000	0.390092695	125.116613836	0.000000000	0.000000000	0.000000000	0.000000000	0.000000000
-900.000000000	-100.000000000	0.397058847	125.116613836	0.000000000	0.000000000	0.000000000	0.000000000	0.000000000
-800.000000000	-100.000000000	0.420748917	125.116613836	0.000000000	0.000000000	0.000000000	0.000000000	0.000000000
-700.000000000	-100.000000000	0.458450180	125.116613836	0.000000000	0.000000000	0.000000000	0.000000000	0.000000000
-600.000000000	-100.000000000	0.511044878	125.116613836	0.000000000	0.000000000	0.000000000	0.000000000	0.000000000
-500.000000000	-100.000000000	0.622400306	125.116613836	0.000000000	0.000000000	0.000000000	0.000000000	0.000000000
-400.000000000	-100.000000000	0.887814555	125.116613836	0.000000000	0.000000000	0.000000000	0.000000000	0.000000000
-300.000000000	-100.000000000	1.207886021	125.116613836	0.000000000	0.000000000	0.000000000	0.000000000	0.000000000
-200.000000000	-100.000000000	1.592416112	125.116613836	0.000000000	0.000000000	0.000000000	0.000000000	0.000000000
-100.000000000	-100.000000000	2.015741159	125.116613836	0.000000000	0.000000000	0.000000000	0.000000000	0.000000000
0.000000000	-100.000000000	2.274467097	125.116613836	0.000000000	0.000000000	0.000000000	0.000000000	0.000000000
100.000000000	-100.000000000	2.088133395	125.116613836	0.000000000	0.000000000	0.000000000	0.000000000	0.000000000
200.000000000	-100.000000000	1.631688756	125.116613836	0.000000000	0.000000000	0.000000000	0.000000000	0.000000000
300.000000000	-100.000000000	1.221700820	125.116613836	0.000000000	0.000000000	0.000000000	0.000000000	0.000000000
400.000000000	-100.000000000	0.886211066	125.116613836	0.000000000	0.000000000	0.000000000	0.000000000	0.000000000
500.000000000	-100.000000000	0.633510413	125.116613836	0.000000000	0.000000000	0.000000000	0.000000000	0.000000000
600.000000000	-100.000000000	0.513097535	125.116613836	0.000000000	0.000000000	0.000000000	0.000000000	0.000000000
700.000000000	-100.000000000	0.454418924	125.116613836	0.000000000	0.000000000	0.000000000	0.000000000	0.000000000
800.000000000	-100.000000000	0.420112996	125.116613836	0.000000000	0.000000000	0.000000000	0.000000000	0.000000000
900.000000000	-100.000000000	0.395017461	125.116613836	0.000000000	0.000000000	0.000000000	0.000000000	0.000000000
1000.000000000	-100.000000000	0.382971990	125.116613836	0.000000000	0.000000000	0.000000000	0.000000000	0.000000000
-1000.000000000	0.000000000	0.371667086	125.319438813	0.000000000	0.000000000	0.000000000	0.000000000	0.000000000
-900.000000000	0.000000000	0.380429916	125.319438813	0.000000000	0.000000000	0.000000000	0.000000000	0.000000000
-800.000000000	0.000000000	0.391607636	125.319438813	0.000000000	0.000000000	0.000000000	0.000000000	0.000000000
-700.000000000	0.000000000	0.416719271	125.319438813	0.000000000	0.000000000	0.000000000	0.000000000	0.000000000
-600.000000000	0.000000000	0.450073732	125.319438813	0.000000000	0.000000000	0.000000000	0.000000000	0.000000000
-500.000000000	0.000000000	0.521486863	125.319438813	0.000000000	0.000000000	0.000000000	0.000000000	0.000000000
-400.000000000	0.000000000	0.709035318	125.319438813	0.000000000	0.000000000	0.000000000	0.000000000	0.000000000
-300.000000000	0.000000000	1.012670914	125.319438813	0.000000000	0.000000000	0.000000000	0.000000000	0.000000000
-200.000000000	0.000000000	1.432210354	125.319438813	0.000000000	0.000000000	0.000000000	0.000000000	0.000000000
-100.000000000	0.000000000	1.934130470	125.319438813	0.000000000	0.000000000	0.000000000	0.000000000	0.000000000
0.000000000	0.000000000	2.297891640	125.319438813	0.000000000	0.000000000	0.000000000	0.000000000	0.000000000
100.000000000	0.000000000	2.030412477	125.319438813	0.000000000	0.000000000	0.000000000	0.000000000	0.000000000
200.000000000	0.000000000	1.517032736	125.319438813	0.000000000	0.000000000	0.000000000	0.000000000	0.000000000
300.000000000	0.000000000	1.086822603	125.319438813	0.000000000	0.000000000	0.000000000	0.000000000	0.000000000
400.000000000	0.000000000	0.710373168	125.319438813	0.000000000	0.000000000	0.000000000	0.000000000	0.000000000
500.000000000	0.000000000	0.542712139	125.319438813	0.000000000	0.000000000	0.000000000	0.000000000	0.000000000
600.000000000	0.000000000	0.454536448	125.319438813	0.000000000	0.000000000	0.000000000	0.000000000	0.000000000
700.000000000	0.000000000	0.412715384	125.319438813	0.000000000	0.000000000	0.000000000	0.000000000	0.000000000
800.000000000	0.000000000	0.391387076	125.319438813	0.000000000	0.000000000	0.000000000	0.000000000	0.000000000
900.000000000	0.000000000	0.380982121	125.319438813	0.000000000	0.000000000	0.000000000	0.000000000	0.000000000
1000.000000000	0.000000000	0.371853837	125.319438813	0.000000000	0.000000000	0.000000000	0.000000000	0.000000000
-1000.000000000	100.000000000	0.365668500	125.491631358	0.000000000	0.000000000	0.000000000	0.000000000	0.000000000
-900.000000000	100.000000000	0.371626838	125.491631358	0.000000000	0.000000000	0.000000000	0.000000000	0.000000000
-800.000000000	100.000000000	0.380143349	125.491631358	0.000000000	0.000000000	0.000000000	0.000000000	0.000000000
-700.000000000	100.000000000	0.394185128	125.491631358	0.000000000	0.000000000	0.000000000	0.000000000	0.000000000
-600.000000000	100.000000000	0.416049542	125.491631358	0.000000000	0.000000000	0.000000000	0.000000000	0.000000000
-500.000000000	100.000000000	0.465081468	125.491631358	0.000000000	0.000000000	0.000000000	0.000000000	0.000000000
-400.000000000	100.000000000	0.583926269	125.491631358	0.000000000	0.000000000	0.000000000	0.000000000	0.000000000
-300.000000000	100.000000000	0.862057320	125.491631358	0.000000000	0.000000000	0.000000000	0.000000000	0.000000000
-200.000000000	100.000000000	1.339914699	125.491631358	0.000000000	0.000000000	0.000000000	0.000000000	0.000000000
-100.000000000	100.000000000	1.883189003	125.491631358	0.000000000	0.000000000	0.000000000	0.000000000	0.000000000
0.000000000	100.000000000	2.297642100	125.491631358	0.000000000	0.000000000	0.000000000	0.000000000	0.000000000
100.000000000	100.000000000	1.949896537	125.491631358	0.000000000	0.000000000	0.000000000	0.000000000	0.000000000
200.000000000	100.000000000	1.351829787	125.491631358	0.000000000	0.000000000	0.000000000	0.000000000	0.000000000
300.000000000	100.000000000	0.876319670	125.491631358	0.000000000	0.000000000	0.000000000	0.000000000	0.000000000
400.000000000	100.000000000	0.592825946	125.491631358	0.000000000	0.000000000	0.000000000	0.000000000	0.000000000
500.000000000	100.000000000	0.477725833	125.491631358	0.000000000	0.000000000	0.000000000	0.000000000	0.000000000
600.000000000	100.000000000	0.423070432	125.491631358	0.000000000	0.000000000	0.000000000	0.000000000	0.000000000
700.000000000	100.000000000	0.399454418	125.491631358	0.000000000	0.000000000	0.000000000	0.000000000	0.000000000
800.000000000	100.000000000	0.383435649	125.491631358	0.000000000	0.000000000	0.000000000	0.000000000	0.000000000
900.000000000	100.000000000	0.374455479	125.491631358	0.000000000	0.000000000	0.000000000	0.000000000	0.000000000
1000.000000000	100.000000000	0.367915957	125.491631358	0.000000000	0.000000000	0.000000000	0.000000000	0.000000000
-1000.000000000	200.000000000	0.367498986	125.501754339	0.000000000	0.000000000	0.000000000	0.000000000	0.000000000
-900.000000000	200.000000000	0.371037604	125.501754339	0.000000000	0.000000000	0.000000000	0.000000000	0.000000000
-800.000000000	200.000000000	0.378808720	125.501754339	0.000000000	0.000000000	0.000000000	0.000000000	0.000000000
-700.000000000	200.000000000	0.389823837	125.501754339	0.000000000	0.000000000	0.000000000	0.000000000	0.000000000
-600.000000000	200.000000000	0.407980589	125.501754339	0.000000000	0.000000000	0.000000000	0.000000000	0.000000000
-500.000000000	200.000000000	0.443266962	125.501754339	0.000000000	0.000000000	0.000000000	0.000000000	0.000000000
-400.000000000	200.000000000	0.518572896	125.501754339	0.000000000	0.000000000	0.000000000	0.000000000	0.000000000
-300.000000000	200.000000000	0.728119397	125.501754339	0.000000000	0.000000000	0.000000000	0.000000000	0.000000000
-200.000000000	200.000000000	1.203511844	125.501754339	0.000000000	0.000000000	0.000000000	0.000000000	0.000000000
-100.000000000	200.000000000	1.856304750	125.501754339	0.000000000	0.000000000	0.000000000	0.000000000	0.000000000
0.000000000	200.000000000	2.268732512	125.501754339	0.000000000	0.000000000	0.000000000	0.000000000	0.000000000
100.000000000	200.000000000	1.911409498	125.501754339	0.000000000	0.000000000	0.000000000	0.000000000	0.000000000
200.000000000	200.000000000	1.276998665	125.501754339	0.000000000	0.000000000	0.000000000	0.000000000	0.000000000
300.000000000	200.000000000	0.787499961	125.501754339	0.000000000	0.000000000	0.000000000	0.000000000	0.000000000
400.000000000	200.000000000	0.546646801	125.501754339	0.000000000	0.000000000	0.000000000	0.000000000	0.000000000
500.000000000	200.000000000	0.457010906	125.501754339	0.000000000	0.000000000	0.000000000	0.000000000	0.000000000
600.000000000	200.000000000	0.416767569	125.501754339	0.000000000	0.000000000	0.000000000	0.000000000	0.000000000
700.000000000	200.000000000	0.393694101	125.501754339	0.000000000	0.000000000	0.000000000	0.000000000	0.000000000
800.000000000	200.000000000	0.381065837	125.501754339	0.000000000	0.000000000	0.000000000	0.000000000	0.000000000
900.000000000	200.000000000	0.372510687	125.501754339	0.000000000	0.000000000	0.000000000	0.000000000	0.000000000
1000.000000000	200.000000000	0.368669403	125.501754339	0.000000000	0.000000000	0.000000000	0.000000000	0.000000000
-1000.000000000	300.000000000	0.366219094	125.370103631	0.000000000	0.000000000	0.000000000	0.000000000	0.000000000
-900.000000000	300.000000000	0.373343019	125.370103631	0.000000000	0.000000000	0.000000000	0.000000000	0.000000000
-800.000000000	300.000000000	0.382443934	125.370103631	0.000000000	0.000000000	0.000000000	0.000000000	0.000000000
-700.000000000	300.000000000	0.390506446	125.370103631	0.000000000	0.000000000	0.000000000	0.000000000	0.000000000
-600.000000000	300.000000000	0.410182969	125.370103631	0.000000000	0.000000000	0.000000000	0.000000000	0.000000000
-500.000000000	300.000000000	0.441341489	125.370103631	0.000000000	0.000000000	0.000000000	0.000000000	0.000000000
-400.000000000	300.000000000	0.508393328	125.370103631	0.000000000	0.000000000	0.000000000	0.000000000	0.000000000
-300.000000000	300.000000000	0.692058635	125.370103631	0.000000000	0.000000000	0.000000000	0.000000000	0.000000000
-200.000000000	300.000000000	1.156497094	125.370103631	0.000000000	0.000000000	0.000000000	0.000000000	0.000000000
-100.000000000	300.000000000	1.836088837	125.370103631	0.000000000	0.000000000	0.000000000	0.000000000	0.000000000
0.000000000	300.000000000	2.255919048	125.370103631	0.000000000	0.000000000	0.000000000	0.000000000	0.000000000
100.000000000	300.000000000	1.939351479	125.370103631	0.000000000	0.000000000	0.000000000	0.000000000	0.000000000
200.000000000	300.000000000	1.252080183	125.370103631	0.000000000	0.000000000	0.000000000	0.000000000	0.000000000
300.000000000	300.000000000	0.741322412	125.370103631	0.000000000	0.000000000	0.000000000	0.000000000	0.000000000
400.000000000	300.000000000	0.535522206	125.370103631	0.000000000	0.000000000	0.000000000	0.000000000	0.000000000
500.000000000	300.000000000	0.455260915	125.370103631	0.000000000	0.000000000	0.000000000	0.000000000	0.000000000
600.000000000	300.000000000	0.416625895	125.370103631	0.000000000	0.000000000	0.000000000	0.000000000	0.000000000
700.000000000	300.000000000	0.392209749	125.370103631	0.000000000	0.000000000	0.000000000	0.000000000	0.000000000
800.000000000	300.000000000	0.385087433	125.370103631	0.000000000	0.000000000	0.000000000	0.000000000	0.000000000
900.000000000	300.000000000	0.373475033	125.370103631	0.000000000	0.000000000	0.000000000	0.000000000	0.000000000
1000.000000000	300.000000000	0.370374315	125.370103631	0.000000000	0.000000000	0.000000000	0.000000000	0.000000000
-1000.000000000	400.000000000	0.373803458	125.370103631	0.000000000	0.000000000	0.000000000	0.000000000	0.000000000
-900.000000000	400.000000000	0.378477075	125.370103631	0.000000000	0.000000000	0.000000000	0.000000000	0.000000000
-800.000000000	400.000000000	0.381597113	125.370103631	0.000000000	0.000000000	0.000000000	0.000000000	0.000000000
-700.000000000	400.000000000	0.396429366	125.370103631	0.000000000	0.000000000	0.000000000	0.000000000	0.000000000
-600.000000000	400.000000000	0.417839780	125.370103631	0.000000000	0.000000000	0.000000000	0.000000000	0.000000000
-500.000000000	400.000000000	0.446580191	125.370103631	0.000000000	0.000000000	0.000000000	0.000000000	0.000000000
-400.000000000	400.000000000	0.523658655	125.370103631	0.000000000	0.000000000	0.000000000	0.000000000	0.000000000
-300.000000000	400.000000000	0.690364992	125.370103631	0.000000000	0.000000000	0.000000000	0.000000000	0.000000000
-200.000000000	400.000000000	1.142804651	125.370103631	0.000000000	0.000000000	0.000000000	0.000000000	0.000000000
-100.000000000	400.000000000	1.844080539	125.370103631	0.000000000	0.000000000	0.000000000	0.000000000	0.000000000
0.000000000	400.000000000	2.247909626	125.370103631	0.000000000	0.000000000	0.000000000	0.000000000	0.000000000
100.000000000	400.000000000	1.944395396	125.370103631	0.000000000	0.000000000	0.000000000	0.000000000	0.000000000
200.000000000	400.000000000	1.262650977	125.370103631	0.000000000	0.000000000	0.000000000	0.000000000	0.000000000
300.000000000	400.000000000	0.758162253	125.370103631	0.000000000	0.000000000	0.000000000	0.000000000	0.000000000
400.000000000	400.000000000	0.555131115	125.370103631	0.000000000	0.000000000	0.000000000	0.000000000	0.000000000
500.000000000	400.000000000	0.466781551	125.370103631	0.000000000	0.000000000	0.000000000	0.000000000	0.000000000
600.000000000	400.000000000	0.432568999	125.370103631	0.000000000	0.000000000	0.000000000	0.000000000	0.000000000
700.000000000	400.000000000	0.404021780	125.370103631	0.000000000	0.000000000	0.000000000	0.000000000	0.000000000
800.000000000	400.000000000	0.393141896	125.370103631	0.000000000	0.000000000	0.000000000	0.000000000	0.000000000
900.000000000	400.000000000	0.378557571	125.370103631	0.000000000	0.000000000	0.000000000	0.000000000	0.000000000
1000.000000000	400.000000000	0.372534836	125.370103631	0.000000000	0.000000000	0.000000000	0.000000000	0.000000000
-1000.000000000	500.000000000	0.378570451	125.329573105	0.000000000	0.000000000	0.000000000	0.000000000	0.000000000
-900.000000000	500.000000000	0.382984869	125.329573105	0.000000000	0.000000000	0.000000000	0.000000000	0.000000000
-800.000000000	500.000000000	0.394780801	125.329573105	0.000000000	0.000000000	0.000000000	0.000000000	0.000000000
-700.000000000	500.000000000	0.416677413	125.329573105	0.000000000	0.000000000	0.000000000	0.000000000	0.000000000
-600.000000000	500.000000000	0.433351423	125.329573105	0.000000000	0.000000000	0.000000000	0.000000000	0.000000000
-500.000000000	500.000000000	0.478575874	125.329573105	0.000000000	0.000000000	0.000000000	0.000000000	0.000000000
-400.000000000	500.000000000	0.564051721	125.329573105	0.000000000	0.000000000	0.000000000	0.000000000	0.000000000
-300.000000000	500.000000000	0.748286957	125.329573105	0.000000000	0.000000000	0.000000000	0.000000000	0.000000000
-200.000000000	500.000000000	1.199829935	125.329573105	0.000000000	0.000000000	0.000000000	0.000000000	0.000000000
-100.000000000	500.000000000	1.887469807	125.329573105	0.000000000	0.000000000	0.000000000	0.000000000	0.000000000
0.000000000	500.000000000	2.252283818	125.329573105	0.000000000	0.000000000	0.000000000	0.000000000	0.000000000
100.000000000	500.000000000	1.981636350	125.329573105	0.000000000	0.000000000	0.000000000	0.000000000	0.000000000
200.000000000	500.000000000	1.318343259	125.329573105	0.000000000	0.000000000	0.000000000	0.000000000	0.000000000
300.000000000	500.000000000	0.820675739	125.329573105	0.000000000	0.000000000	0.000000000	0.000000000	0.000000000
400.000000000	500.000000000	0.610029626	125.329573105	0.000000000	0.000000000	0.000000000	0.000000000	0.000000000
500.000000000	500.000000000	0.494158356	125.329573105	0.000000000	0.000000000	0.000000000	0.000000000	0.000000000
600.000000000	500.000000000	0.447895501	125.329573105	0.000000000	0.000000000	0.000000000	0.000000000	0.000000000
700.000000000	500.000000000	0.415909478	125.329573105	0.000000000	0.000000000	0.000000000	0.000000000	0.000000000
800.000000000	500.000000000	0.408663198	125.329573105	0.000000000	0.000000000	0.000000000	0.000000000	0.000000000
900.000000000	500.000000000	0.388704938	125.329573105	0.000000000	0.000000000	0.000000000	0.000000000	0.000000000
1000.000000000	500.000000000	0.377747778	125.329573105	0.000000000	0.000000000	0.000000000	0.000000000	0.000000000
-1000.000000000	600.000000000	0.390458148	125.430879478	0.000000000	0.000000000	0.000000000	0.000000000	0.000000000
-900.000000000	600.000000000	0.398702582	125.430879478	0.000000000	0.000000000	0.000000000	0.000000000	0.000000000
-800.000000000	600.000000000	0.409843275	125.430879478	0.000000000	0.000000000	0.000000000	0.000000000	0.000000000
-700.000000000	600.000000000	0.440267668	125.430879478	0.000000000	0.000000000	0.000000000	0.000000000	0.000000000
-600.000000000	600.000000000	0.482380131	125.430879478	0.000000000	0.000000000	0.000000000	0.000000000	0.000000000
-500.000000000	600.000000000	0.535225979	125.430879478	0.000000000	0.000000000	0.000000000	0.000000000	0.000000000
-400.000000000	600.000000000	0.624097169	125.430879478	0.000000000	0.000000000	0.000000000	0.000000000	0.000000000
-300.000000000	600.000000000	0.832218920	125.430879478	0.000000000	0.000000000	0.000000000	0.000000000	0.000000000
-200.000000000	600.000000000	1.265215591	125.430879478	0.000000000	0.000000000	0.000000000	0.000000000	0.000000000
-100.000000000	600.000000000	1.880714540	125.430879478	0.000000000	0.000000000	0.000000000	0.000000000	0.000000000
0.000000000	600.000000000	2.252272547	125.430879478	0.000000000	0.000000000	0.000000000	0.000000000	0.000000000
100.000000000	600.000000000	2.013199077	125.430879478	0.000000000	0.000000000	0.000000000	0.000000000	0.000000000
200.000000000	600.000000000	1.369794990	125.430879478	0.000000000	0.000000000	0.000000000	0.000000000	0.000000000
300.000000000	600.000000000	0.885208081	125.430879478	0.000000000	0.000000000	0.000000000	0.000000000	0.000000000
400.000000000	600.000000000	0.651303327	125.430879478	0.000000000	0.000000000	0.000000000	0.000000000	0.000000000
500.000000000	600.000000000	0.545572979	125.430879478	0.000000000	0.000000000	0.000000000	0.000000000	0.000000000
600.000000000	600.000000000	0.501328969	125.430879478	0.000000000	0.000000000	0.000000000	0.000000000	0.000000000
700.000000000	600.000000000	0.458630492	125.430879478	0.000000000	0.000000000	0.000000000	0.000000000	0.000000000
800.000000000	600.000000000	0.422180142	125.430879478	0.000000000	0.000000000	0.000000000	0.000000000	0.000000000
900.000000000	600.000000000	0.406546145	125.430879478	0.000000000	0.000000000	0.000000000	0.000000000	0.000000000
1000.000000000	600.000000000	0.394689035	125.430879478	0.000000000	0.000000000	0.000000000	0.000000000	0.000000000
-1000.000000000	700.000000000	0.409651693	125.430879478	0.000000000	0.000000000	0.000000000	0.000000000	0.000000000
-900.000000000	700.000000000	0.424073416	125.430879478	0.000000000	0.000000000	0.000000000	0.000000000	0.000000000
-800.000000000	700.000000000	0.450569589	125.430879478	0.000000000	0.000000000	0.000000000	0.000000000	0.000000000
-700.000000000	700.000000000	0.469109505	125.430879478	0.000000000	0.000000000	0.000000000	0.000000000	0.000000000
-600.000000000	700.000000000	0.528135861	125.430879478	0.000000000	0.000000000	0.000000000	0.000000000	0.000000000
-500.000000000	700.000000000	0.598863172	125.430879478	0.000000000	0.000000000	0.000000000	0.000000000	0.000000000
-400.000000000	700.000000000	0.720742710	125.430879478	0.000000000	0.000000000	0.000000000	0.000000000	0.000000000
-300.000000000	700.000000000	0.941186885	125.430879478	0.000000000	0.000000000	0.000000000	0.000000000	0.000000000
-200.000000000	700.000000000	1.346264262	125.430879478	0.000000000	0.000000000	0.000000000	0.000000000	0.000000000
-100.000000000	700.000000000	1.951060516	125.430879478	0.000000000	0.000000000	0.000000000	0.000000000	0.000000000
0.000000000	700.000000000	2.273781265	125.430879478	0.000000000	0.000000000	0.000000000	0.000000000	0.000000000
100.000000000	700.000000000	2.051869657	125.430879478	0.000000000	0.000000000	0.000000000	0.000000000	0.000000000
200.000000000	700.000000000	1.475044150	125.430879478	0.000000000	0.000000000	0.000000000	0.000000000	0.000000000
300.000000000	700.000000000	0.983378269	125.430879478	0.000000000	0.000000000	0.000000000	0.000000000	0.000000000
400.000000000	700.000000000	0.779236203	125.430879478	0.000000000	0.000000000	0.000000000	0.000000000	0.000000000
500.000000000	700.000000000	0.627808051	125.430879478	0.000000000	0.000000000	0.000000000	0.000000000	0.000000000
600.000000000	700.000000000	0.546365063	125.430879478	0.000000000	0.000000000	0.000000000	0.000000000	0.000000000
700.000000000	700.000000000	0.493767143	125.430879478	0.000000000	0.000000000	0.000000000	0.000000000	0.000000000
800.000000000	700.000000000	0.451034858	125.430879478	0.000000000	0.000000000	0.000000000	0.000000000	0.000000000
900.000000000	700.000000000	0.437798041	125.430879478	0.000000000	0.000000000	0.000000000	0.000000000	0.000000000
1000.000000000	700.000000000	0.428537743	125.430879478	0.000000000	0.000000000	0.000000000	0.000000000	0.000000000
-1000.000000000	800.000000000	0.441721432	125.471383397	0.000000000	0.000000000	0.000000000	0.000000000	0.000000000
-900.000000000	800.000000000	0.456355666	125.471383397	0.000000000	0.000000000	0.000000000	0.000000000	0.000000000
-800.000000000	800.000000000	0.489265788	125.471383397	0.000000000	0.000000000	0.000000000	0.000000000	0.000000000
-700.000000000	800.000000000	0.528073074	125.471383397	0.000000000	0.000000000	0.000000000	0.000000000	0.000000000
-600.000000000	800.000000000	0.573315240	125.471383397	0.000000000	0.000000000	0.000000000	0.000000000	0.000000000
-500.000000000	800.000000000	0.669873838	125.471383397	0.000000000	0.000000000	0.000000000	0.000000000	0.000000000
-400.000000000	800.000000000	0.810462358	125.471383397	0.000000000	0.000000000	0.000000000	0.000000000	0.000000000
-300.000000000	800.000000000	1.016397896	125.471383397	0.000000000	0.000000000	0.000000000	0.000000000	0.000000000
-200.000000000	800.000000000	1.439332684	125.471383397	0.000000000	0.000000000	0.000000000	0.000000000	0.000000000
-100.000000000	800.000000000	1.961533124	125.471383397	0.000000000	0.000000000	0.000000000	0.000000000	0.000000000
0.000000000	800.000000000	2.255991495	125.471383397	0.000000000	0.000000000	0.000000000	0.000000000	0.000000000
100.000000000	800.000000000	2.066935410	125.471383397	0.000000000	0.000000000	0.000000000	0.000000000	0.000000000
200.000000000	800.000000000	1.556269955	125.471383397	0.000000000	0.000000000	0.000000000	0.000000000	0.000000000
300.000000000	800.000000000	1.092969310	125.471383397	0.000000000	0.000000000	0.000000000	0.000000000	0.000000000
400.000000000	800.000000000	0.871993794	125.471383397	0.000000000	0.000000000	0.000000000	0.000000000	0.000000000
500.000000000	800.000000000	0.691565997	125.471383397	0.000000000	0.000000000	0.000000000	0.000000000	0.000000000
600.000000000	800.000000000	0.603694563	125.471383397	0.000000000	0.000000000	0.000000000	0.000000000	0.000000000
700.000000000	800.000000000	0.555420902	125.471383397	0.000000000	0.000000000	0.000000000	0.000000000	0.000000000
800.000000000	800.000000000	0.501623586	125.471383397	0.000000000	0.000000000	0.000000000	0.000000000	0.000000000
900.000000000	800.000000000	0.457273324	125.471383397	0.000000000	0.000000000	0.000000000	0.000000000	0.000000000
1000.000000000	800.000000000	0.433646040	125.471383397	0.000000000	0.000000000	0.000000000	0.000000000	0.000000000
-1000.000000000	900.000000000	0.450590518	125.329573105	0.000000000	0.000000000	0.000000000	0.000000000	0.000000000
-900.000000000	900.000000000	0.473470797	125.329573105	0.000000000	0.000000000	0.000000000	0.000000000	0.000000000
-800.000000000	900.000000000	0.501750770	125.329573105	0.000000000	0.000000000	0.000000000	0.000000000	0.000000000
-700.000000000	900.000000000	0.570844003	125.329573105	0.000000000	0.000000000	0.000000000	0.000000000	0.000000000
-600.000000000	900.000000000	0.615817314	125.329573105	0.000000000	0.000000000	0.000000000	0.000000000	0.000000000
-500.000000000	900.000000000	0.747800759	125.329573105	0.000000000	0.000000000	0.000000000	0.000000000	0.000000000
-400.000000000	900.000000000	0.889653092	125.329573105	0.000000000	0.000000000	0.000000000	0.000000000	0.000000000
-300.000000000	900.000000000	1.113671381	125.329573105	0.000000000	0.000000000	0.000000000	0.000000000	0.000000000
-200.000000000	900.000000000	1.500551881	125.329573105	0.000000000	0.000000000	0.000000000	0.000000000	0.000000000
-100.000000000	900.000000000	1.964822216	125.329573105	0.000000000	0.000000000	0.000000000	0.000000000	0.000000000
0.000000000	900.000000000	2.229458174	125.329573105	0.000000000	0.000000000	0.000000000	0.000000000	0.000000000
100.000000000	900.000000000	2.084106956	125.329573105	0.000000000	0.000000000	0.000000000	0.000000000	0.000000000
200.000000000	900.000000000	1.633989350	125.329573105	0.000000000	0.000000000	0.000000000	0.000000000	0.000000000
300.000000000	900.000000000	1.249478535	125.329573105	0.000000000	0.000000000	0.000000000	0.000000000	0.000000000
400.000000000	900.000000000	0.976186721	125.329573105	0.000000000	0.000000000	0.000000000	0.000000000	0.000000000
500.000000000	900.000000000	0.798051426	125.329573105	0.000000000	0.000000000	0.000000000	0.000000000	0.000000000
600.000000000	900.000000000	0.677549970	125.329573105	0.000000000	0.000000000	0.000000000	0.000000000	0.000000000
700.000000000	900.000000000	0.588852646	125.329573105	0.000000000	0.000000000	0.000000000	0.000000000	0.000000000
800.000000000	900.000000000	0.517978833	125.329573105	0.000000000	0.000000000	0.000000000	0.000000000	0.000000000
900.000000000	900.000000000	0.499558050	125.329573105	0.000000000	0.000000000	0.000000000	0.000000000	0.000000000
1000.000000000	900.000000000	0.456337957	125.329573105	0.000000000	0.000000000	0.000000000	0.000000000	0.000000000
-1000.000000000	1000.000000000	0.478672470	125.268757401	0.000000000	0.000000000	0.000000000	0.000000000	0.000000000
-900.000000000	1000.000000000	0.504041696	125.268757401	0.000000000	0.000000000	0.000000000	0.000000000	0.000000000
-800.000000000	1000.000000000	0.560540470	125.268757401	0.000000000	0.000000000	0.000000000	0.000000000	0.000000000
-700.000000000	1000.000000000	0.608031706	125.268757401	0.000000000	0.000000000	0.000000000	0.000000000	0.000000000
-600.000000000	1000.000000000	0.688531284	125.268757401	0.000000000	0.000000000	0.000000000	0.000000000	0.000000000
-500.000000000	1000.000000000	0.780100734	125.268757401	0.000000000	0.000000000	0.000000000	0.000000000	0.000000000
-400.000000000	1000.000000000	0.980208322	125.268757401	0.000000000	0.000000000	0.000000000	0.000000000	0.000000000
-300.000000000	1000.000000000	1.200093965	125.268757401	0.000000000	0.000000000	0.000000000	0.000000000	0.000000000
-200.000000000	1000.000000000	1.555030313	125.268757401	0.000000000	0.000000000	0.000000000	0.000000000	0.000000000
-100.000000000	1000.000000000	1.970147875	125.268757401	0.000000000	0.000000000	0.000000000	0.000000000	0.000000000
0.000000000	1000.000000000	2.211515463	125.268757401	0.000000000	0.000000000	0.000000000	0.000000000	0.000000000
100.000000000	1000.000000000	2.056274432	125.268757401	0.000000000	0.000000000	0.000000000	0.000000000	0.000000000
200.000000000	1000.000000000	1.643797047	125.268757401	0.000000000	0.000000000	0.000000000	0.000000000	0.000000000
300.000000000	1000.000000000	1.321297476	125.268757401	0.000000000	0.000000000	0.000000000	0.000000000	0.000000000
400.000000000	1000.000000000	1.043942160	125.268757401	0.000000000	0.000000000	0.000000000	0.000000000	0.000000000
500.000000000	1000.000000000	0.863354922	125.268757401	0.000000000	0.000000000	0.000000000	0.000000000	0.000000000
600.000000000	1000.000000000	0.716738820	125.268757401	0.000000000	0.000000000	0.000000000	0.000000000	0.000000000
700.000000000	1000.000000000	0.599046707	125.268757401	0.000000000	0.000000000	0.000000000	0.000000000	0.000000000
800.000000000	1000.000000000	0.584309432	125.268757401	0.000000000	0.000000000	0.000000000	0.000000000	0.000000000
900.000000000	1000.000000000	0.529301448	125.268757401	0.000000000	0.000000000	0.000000000	0.000000000	0.000000000
1000.000000000	1000.000000000	0.492203904	125.268757401	0.000000000	0.000000000	0.000000000	0.000000000	0.000000000
