Set Temp (deg C)	125.000000	Laser Power (uW)	625.000000	Laser Detuning (GHz)	7.000000
X  Field (nT)	Z  Field (nT)	Photodiode Voltage (V)	Temperature (C) 2D	Y  Field (nT)	Photodiode Voltage (V)	Temperature (C) 1D	Frequency (Hz)	Photodiode Voltage (V)		
-1000.000000000	-1000.000000000	0.759683634	125.278895010	-1000.000000000	NaN	125.278895010	0.000000000	0.000000000
-900.000000000	-1000.000000000	0.850498039	125.278895010	-960.000000000	NaN	125.278895010	0.000000000	0.000000000
-800.000000000	-1000.000000000	0.965218280	125.278895010	-920.000000000	NaN	125.278895010	0.000000000	0.000000000
-700.000000000	-1000.000000000	1.098027704	125.278895010	-880.000000000	NaN	125.278895010	0.000000000	0.000000000
-600.000000000	-1000.000000000	1.242013294	125.278895010	-840.000000000	NaN	125.278895010	0.000000000	0.000000000
-500.000000000	-1000.000000000	1.393187267	125.278895010	-800.000000000	NaN	125.278895010	0.000000000	0.000000000
-400.000000000	-1000.000000000	1.540497466	125.278895010	-760.000000000	NaN	125.278895010	0.000000000	0.000000000
-300.000000000	-1000.000000000	1.662501221	125.278895010	-720.000000000	NaN	125.278895010	0.000000000	0.000000000
-200.000000000	-1000.000000000	1.762239669	125.278895010	-680.000000000	NaN	125.278895010	0.000000000	0.000000000
-100.000000000	-1000.000000000	1.828681539	125.278895010	-640.000000000	NaN	125.278895010	0.000000000	0.000000000
0.000000000	-1000.000000000	1.854667446	125.278895010	-600.000000000	NaN	125.278895010	0.000000000	0.000000000
100.000000000	-1000.000000000	1.832661290	125.278895010	-560.000000000	NaN	125.278895010	0.000000000	0.000000000
200.000000000	-1000.000000000	1.768511961	125.278895010	-520.000000000	NaN	125.278895010	0.000000000	0.000000000
300.000000000	-1000.000000000	1.614343436	125.278895010	-480.000000000	NaN	125.278895010	0.000000000	0.000000000
400.000000000	-1000.000000000	1.859498851	125.278895010	-440.000000000	NaN	125.278895010	0.000000000	0.000000000
500.000000000	-1000.000000000	1.864652242	125.278895010	-400.000000000	NaN	125.278895010	0.000000000	0.000000000
600.000000000	-1000.000000000	1.865529655	125.278895010	-360.000000000	NaN	125.278895010	0.000000000	0.000000000
700.000000000	-1000.000000000	1.866646948	125.278895010	-320.000000000	NaN	125.278895010	0.000000000	0.000000000
800.000000000	-1000.000000000	1.869063456	125.278895010	-280.000000000	NaN	125.278895010	0.000000000	0.000000000
900.000000000	-1000.000000000	1.869134293	125.278895010	-240.000000000	NaN	125.278895010	0.000000000	0.000000000
1000.000000000	-1000.000000000	1.870100252	125.278895010	-200.000000000	NaN	125.278895010	0.000000000	0.000000000
-1000.000000000	-900.000000000	1.890913451	124.404656809	-160.000000000	NaN	125.278895010	0.000000000	0.000000000
-900.000000000	-900.000000000	1.893096518	124.404656809	-120.000000000	NaN	125.278895010	0.000000000	0.000000000
-800.000000000	-900.000000000	1.892748773	124.404656809	-80.000000000	NaN	125.278895010	0.000000000	0.000000000
-700.000000000	-900.000000000	1.893294540	124.404656809	-40.000000000	NaN	125.278895010	0.000000000	0.000000000
-600.000000000	-900.000000000	1.896623879	124.404656809	0.000000000	NaN	125.278895010	0.000000000	0.000000000
-500.000000000	-900.000000000	1.897618817	124.404656809	40.000000000	NaN	125.278895010	0.000000000	0.000000000
-400.000000000	-900.000000000	1.896796142	124.404656809	80.000000000	NaN	125.278895010	0.000000000	0.000000000
-300.000000000	-900.000000000	1.897348349	124.404656809	120.000000000	NaN	125.278895010	0.000000000	0.000000000
-200.000000000	-900.000000000	1.898530039	124.404656809	160.000000000	NaN	125.278895010	0.000000000	0.000000000
-100.000000000	-900.000000000	1.899095125	124.404656809	200.000000000	NaN	125.278895010	0.000000000	0.000000000
0.000000000	-900.000000000	1.898476911	124.404656809	240.000000000	NaN	125.278895010	0.000000000	0.000000000
100.000000000	-900.000000000	1.899335005	124.404656809	280.000000000	NaN	125.278895010	0.000000000	0.000000000
200.000000000	-900.000000000	1.899212650	124.404656809	320.000000000	NaN	125.278895010	0.000000000	0.000000000
300.000000000	-900.000000000	1.899855013	124.404656809	360.000000000	NaN	125.278895010	0.000000000	0.000000000
400.000000000	-900.000000000	1.901162278	124.404656809	400.000000000	NaN	125.278895010	0.000000000	0.000000000
500.000000000	-900.000000000	1.901038313	124.404656809	440.000000000	NaN	125.278895010	0.000000000	0.000000000
600.000000000	-900.000000000	1.901762782	124.404656809	480.000000000	NaN	125.278895010	0.000000000	0.000000000
700.000000000	-900.000000000	0.592422007	124.404656809	520.000000000	NaN	125.278895010	0.000000000	0.000000000
800.000000000	-900.000000000	1.465448975	124.404656809	560.000000000	NaN	125.278895010	0.000000000	0.000000000
900.000000000	-900.000000000	0.721040551	124.404656809	600.000000000	NaN	125.278895010	0.000000000	0.000000000
1000.000000000	-900.000000000	0.608590351	124.404656809	640.000000000	NaN	125.278895010	0.000000000	0.000000000
-1000.000000000	-800.000000000	0.591352862	122.991854470	680.000000000	NaN	125.278895010	0.000000000	0.000000000
-900.000000000	-800.000000000	0.632264329	122.991854470	720.000000000	NaN	125.278895010	0.000000000	0.000000000
-800.000000000	-800.000000000	0.744774096	122.991854470	760.000000000	NaN	125.278895010	0.000000000	0.000000000
-700.000000000	-800.000000000	0.845354319	122.991854470	800.000000000	NaN	125.278895010	0.000000000	0.000000000
-600.000000000	-800.000000000	0.975995139	122.991854470	840.000000000	NaN	125.278895010	0.000000000	0.000000000
-500.000000000	-800.000000000	1.106209361	122.991854470	880.000000000	NaN	125.278895010	0.000000000	0.000000000
-400.000000000	-800.000000000	1.208850366	122.991854470	920.000000000	NaN	125.278895010	0.000000000	0.000000000
-300.000000000	-800.000000000	1.358837811	122.991854470	960.000000000	NaN	125.278895010	0.000000000	0.000000000
-200.000000000	-800.000000000	1.487321473	122.991854470	1000.000000000	NaN	125.278895010	0.000000000	0.000000000
-100.000000000	-800.000000000	1.557697961	122.991854470	0.000000000	0.000000000	0.000000000	0.000000000	0.000000000
0.000000000	-800.000000000	1.583302294	122.991854470	0.000000000	0.000000000	0.000000000	0.000000000	0.000000000
100.000000000	-800.000000000	1.557614245	122.991854470	0.000000000	0.000000000	0.000000000	0.000000000	0.000000000
200.000000000	-800.000000000	1.477376937	122.991854470	0.000000000	0.000000000	0.000000000	0.000000000	0.000000000
300.000000000	-800.000000000	1.367231983	122.991854470	0.000000000	0.000000000	0.000000000	0.000000000	0.000000000
400.000000000	-800.000000000	1.230210905	122.991854470	0.000000000	0.000000000	0.000000000	0.000000000	0.000000000
500.000000000	-800.000000000	1.058373557	122.991854470	0.000000000	0.000000000	0.000000000	0.000000000	0.000000000
600.000000000	-800.000000000	0.937738419	122.991854470	0.000000000	0.000000000	0.000000000	0.000000000	0.000000000
700.000000000	-800.000000000	0.800295666	122.991854470	0.000000000	0.000000000	0.000000000	0.000000000	0.000000000
800.000000000	-800.000000000	0.697199133	122.991854470	0.000000000	0.000000000	0.000000000	0.000000000	0.000000000
900.000000000	-800.000000000	0.647833935	122.991854470	0.000000000	0.000000000	0.000000000	0.000000000	0.000000000
1000.000000000	-800.000000000	0.576093974	122.991854470	0.000000000	0.000000000	0.000000000	0.000000000	0.000000000
-1000.000000000	-700.000000000	0.521271133	122.322271043	0.000000000	0.000000000	0.000000000	0.000000000	0.000000000
-900.000000000	-700.000000000	0.561945936	122.322271043	0.000000000	0.000000000	0.000000000	0.000000000	0.000000000
-800.000000000	-700.000000000	0.624031162	122.322271043	0.000000000	0.000000000	0.000000000	0.000000000	0.000000000
-700.000000000	-700.000000000	0.741987312	122.322271043	0.000000000	0.000000000	0.000000000	0.000000000	0.000000000
-600.000000000	-700.000000000	0.843465874	122.322271043	0.000000000	0.000000000	0.000000000	0.000000000	0.000000000
-500.000000000	-700.000000000	1.028932797	122.322271043	0.000000000	0.000000000	0.000000000	0.000000000	0.000000000
-400.000000000	-700.000000000	1.135968891	122.322271043	0.000000000	0.000000000	0.000000000	0.000000000	0.000000000
-300.000000000	-700.000000000	1.328426243	122.322271043	0.000000000	0.000000000	0.000000000	0.000000000	0.000000000
-200.000000000	-700.000000000	1.440380748	122.322271043	0.000000000	0.000000000	0.000000000	0.000000000	0.000000000
-100.000000000	-700.000000000	1.532344779	122.322271043	0.000000000	0.000000000	0.000000000	0.000000000	0.000000000
0.000000000	-700.000000000	1.564099044	122.322271043	0.000000000	0.000000000	0.000000000	0.000000000	0.000000000
100.000000000	-700.000000000	1.542360155	122.322271043	0.000000000	0.000000000	0.000000000	0.000000000	0.000000000
200.000000000	-700.000000000	1.423676115	122.322271043	0.000000000	0.000000000	0.000000000	0.000000000	0.000000000
300.000000000	-700.000000000	1.313932049	122.322271043	0.000000000	0.000000000	0.000000000	0.000000000	0.000000000
400.000000000	-700.000000000	1.121333030	122.322271043	0.000000000	0.000000000	0.000000000	0.000000000	0.000000000
500.000000000	-700.000000000	1.009446226	122.322271043	0.000000000	0.000000000	0.000000000	0.000000000	0.000000000
600.000000000	-700.000000000	0.839758211	122.322271043	0.000000000	0.000000000	0.000000000	0.000000000	0.000000000
700.000000000	-700.000000000	0.709067517	122.322271043	0.000000000	0.000000000	0.000000000	0.000000000	0.000000000
800.000000000	-700.000000000	0.629474325	122.322271043	0.000000000	0.000000000	0.000000000	0.000000000	0.000000000
900.000000000	-700.000000000	0.540353596	122.322271043	0.000000000	0.000000000	0.000000000	0.000000000	0.000000000
1000.000000000	-700.000000000	0.482006628	122.322271043	0.000000000	0.000000000	0.000000000	0.000000000	0.000000000
-1000.000000000	-600.000000000	0.437152460	122.652237377	0.000000000	0.000000000	0.000000000	0.000000000	0.000000000
-900.000000000	-600.000000000	0.466488544	122.652237377	0.000000000	0.000000000	0.000000000	0.000000000	0.000000000
-800.000000000	-600.000000000	0.531131935	122.652237377	0.000000000	0.000000000	0.000000000	0.000000000	0.000000000
-700.000000000	-600.000000000	0.639042122	122.652237377	0.000000000	0.000000000	0.000000000	0.000000000	0.000000000
-600.000000000	-600.000000000	0.740295278	122.652237377	0.000000000	0.000000000	0.000000000	0.000000000	0.000000000
-500.000000000	-600.000000000	0.903424415	122.652237377	0.000000000	0.000000000	0.000000000	0.000000000	0.000000000
-400.000000000	-600.000000000	1.035575361	122.652237377	0.000000000	0.000000000	0.000000000	0.000000000	0.000000000
-300.000000000	-600.000000000	1.211859323	122.652237377	0.000000000	0.000000000	0.000000000	0.000000000	0.000000000
-200.000000000	-600.000000000	1.380261142	122.652237377	0.000000000	0.000000000	0.000000000	0.000000000	0.000000000
-100.000000000	-600.000000000	1.496295223	122.652237377	0.000000000	0.000000000	0.000000000	0.000000000	0.000000000
0.000000000	-600.000000000	1.538225854	122.652237377	0.000000000	0.000000000	0.000000000	0.000000000	0.000000000
100.000000000	-600.000000000	1.498888821	122.652237377	0.000000000	0.000000000	0.000000000	0.000000000	0.000000000
200.000000000	-600.000000000	1.391640125	122.652237377	0.000000000	0.000000000	0.000000000	0.000000000	0.000000000
300.000000000	-600.000000000	1.199284169	122.652237377	0.000000000	0.000000000	0.000000000	0.000000000	0.000000000
400.000000000	-600.000000000	1.027216614	122.652237377	0.000000000	0.000000000	0.000000000	0.000000000	0.000000000
500.000000000	-600.000000000	0.870255072	122.652237377	0.000000000	0.000000000	0.000000000	0.000000000	0.000000000
600.000000000	-600.000000000	0.695083688	122.652237377	0.000000000	0.000000000	0.000000000	0.000000000	0.000000000
700.000000000	-600.000000000	0.596321097	122.652237377	0.000000000	0.000000000	0.000000000	0.000000000	0.000000000
800.000000000	-600.000000000	0.528564102	122.652237377	0.000000000	0.000000000	0.000000000	0.000000000	0.000000000
900.000000000	-600.000000000	0.445577206	122.652237377	0.000000000	0.000000000	0.000000000	0.000000000	0.000000000
1000.000000000	-600.000000000	0.406322365	122.652237377	0.000000000	0.000000000	0.000000000	0.000000000	0.000000000
-1000.000000000	-500.000000000	0.372045419	123.084360032	0.000000000	0.000000000	0.000000000	0.000000000	0.000000000
-900.000000000	-500.000000000	0.412298413	123.084360032	0.000000000	0.000000000	0.000000000	0.000000000	0.000000000
-800.000000000	-500.000000000	0.447552586	123.084360032	0.000000000	0.000000000	0.000000000	0.000000000	0.000000000
-700.000000000	-500.000000000	0.526788352	123.084360032	0.000000000	0.000000000	0.000000000	0.000000000	0.000000000
-600.000000000	-500.000000000	0.601261963	123.084360032	0.000000000	0.000000000	0.000000000	0.000000000	0.000000000
-500.000000000	-500.000000000	0.745643457	123.084360032	0.000000000	0.000000000	0.000000000	0.000000000	0.000000000
-400.000000000	-500.000000000	0.944271506	123.084360032	0.000000000	0.000000000	0.000000000	0.000000000	0.000000000
-300.000000000	-500.000000000	1.123575662	123.084360032	0.000000000	0.000000000	0.000000000	0.000000000	0.000000000
-200.000000000	-500.000000000	1.315810838	123.084360032	0.000000000	0.000000000	0.000000000	0.000000000	0.000000000
-100.000000000	-500.000000000	1.441744358	123.084360032	0.000000000	0.000000000	0.000000000	0.000000000	0.000000000
0.000000000	-500.000000000	1.501796355	123.084360032	0.000000000	0.000000000	0.000000000	0.000000000	0.000000000
100.000000000	-500.000000000	1.461676900	123.084360032	0.000000000	0.000000000	0.000000000	0.000000000	0.000000000
200.000000000	-500.000000000	1.308529128	123.084360032	0.000000000	0.000000000	0.000000000	0.000000000	0.000000000
300.000000000	-500.000000000	1.119280371	123.084360032	0.000000000	0.000000000	0.000000000	0.000000000	0.000000000
400.000000000	-500.000000000	0.943812677	123.084360032	0.000000000	0.000000000	0.000000000	0.000000000	0.000000000
500.000000000	-500.000000000	0.733541633	123.084360032	0.000000000	0.000000000	0.000000000	0.000000000	0.000000000
600.000000000	-500.000000000	0.585964437	123.084360032	0.000000000	0.000000000	0.000000000	0.000000000	0.000000000
700.000000000	-500.000000000	0.496684331	123.084360032	0.000000000	0.000000000	0.000000000	0.000000000	0.000000000
800.000000000	-500.000000000	0.430944583	123.084360032	0.000000000	0.000000000	0.000000000	0.000000000	0.000000000
900.000000000	-500.000000000	0.385987382	123.084360032	0.000000000	0.000000000	0.000000000	0.000000000	0.000000000
1000.000000000	-500.000000000	0.355495374	123.084360032	0.000000000	0.000000000	0.000000000	0.000000000	0.000000000
-1000.000000000	-400.000000000	0.326669640	123.597356244	0.000000000	0.000000000	0.000000000	0.000000000	0.000000000
-900.000000000	-400.000000000	0.348076833	123.597356244	0.000000000	0.000000000	0.000000000	0.000000000	0.000000000
-800.000000000	-400.000000000	0.371489994	123.597356244	0.000000000	0.000000000	0.000000000	0.000000000	0.000000000
-700.000000000	-400.000000000	0.434095209	123.597356244	0.000000000	0.000000000	0.000000000	0.000000000	0.000000000
-600.000000000	-400.000000000	0.486247175	123.597356244	0.000000000	0.000000000	0.000000000	0.000000000	0.000000000
-500.000000000	-400.000000000	0.623506326	123.597356244	0.000000000	0.000000000	0.000000000	0.000000000	0.000000000
-400.000000000	-400.000000000	0.824449409	123.597356244	0.000000000	0.000000000	0.000000000	0.000000000	0.000000000
-300.000000000	-400.000000000	0.996660176	123.597356244	0.000000000	0.000000000	0.000000000	0.000000000	0.000000000
-200.000000000	-400.000000000	1.257764839	123.597356244	0.000000000	0.000000000	0.000000000	0.000000000	0.000000000
-100.000000000	-400.000000000	1.416891871	123.597356244	0.000000000	0.000000000	0.000000000	0.000000000	0.000000000
0.000000000	-400.000000000	1.480505030	123.597356244	0.000000000	0.000000000	0.000000000	0.000000000	0.000000000
100.000000000	-400.000000000	1.419253639	123.597356244	0.000000000	0.000000000	0.000000000	0.000000000	0.000000000
200.000000000	-400.000000000	1.219989465	123.597356244	0.000000000	0.000000000	0.000000000	0.000000000	0.000000000
300.000000000	-400.000000000	1.007936113	123.597356244	0.000000000	0.000000000	0.000000000	0.000000000	0.000000000
400.000000000	-400.000000000	0.790232008	123.597356244	0.000000000	0.000000000	0.000000000	0.000000000	0.000000000
500.000000000	-400.000000000	0.594819036	123.597356244	0.000000000	0.000000000	0.000000000	0.000000000	0.000000000
600.000000000	-400.000000000	0.470758070	123.597356244	0.000000000	0.000000000	0.000000000	0.000000000	0.000000000
700.000000000	-400.000000000	0.419293544	123.597356244	0.000000000	0.000000000	0.000000000	0.000000000	0.000000000
800.000000000	-400.000000000	0.365230600	123.597356244	0.000000000	0.000000000	0.000000000	0.000000000	0.000000000
900.000000000	-400.000000000	0.339545832	123.597356244	0.000000000	0.000000000	0.000000000	0.000000000	0.000000000
1000.000000000	-400.000000000	0.318793880	123.597356244	0.000000000	0.000000000	0.000000000	0.000000000	0.000000000
-1000.000000000	-300.000000000	0.302425758	123.945291423	0.000000000	0.000000000	0.000000000	0.000000000	0.000000000
-900.000000000	-300.000000000	0.305613413	123.945291423	0.000000000	0.000000000	0.000000000	0.000000000	0.000000000
-800.000000000	-300.000000000	0.327123640	123.945291423	0.000000000	0.000000000	0.000000000	0.000000000	0.000000000
-700.000000000	-300.000000000	0.360011218	123.945291423	0.000000000	0.000000000	0.000000000	0.000000000	0.000000000
-600.000000000	-300.000000000	0.394217327	123.945291423	0.000000000	0.000000000	0.000000000	0.000000000	0.000000000
-500.000000000	-300.000000000	0.497139940	123.945291423	0.000000000	0.000000000	0.000000000	0.000000000	0.000000000
-400.000000000	-300.000000000	0.641603516	123.945291423	0.000000000	0.000000000	0.000000000	0.000000000	0.000000000
-300.000000000	-300.000000000	0.877420861	123.945291423	0.000000000	0.000000000	0.000000000	0.000000000	0.000000000
-200.000000000	-300.000000000	1.154182014	123.945291423	0.000000000	0.000000000	0.000000000	0.000000000	0.000000000
-100.000000000	-300.000000000	1.340938615	123.945291423	0.000000000	0.000000000	0.000000000	0.000000000	0.000000000
0.000000000	-300.000000000	1.446617615	123.945291423	0.000000000	0.000000000	0.000000000	0.000000000	0.000000000
100.000000000	-300.000000000	1.360776165	123.945291423	0.000000000	0.000000000	0.000000000	0.000000000	0.000000000
200.000000000	-300.000000000	1.152628433	123.945291423	0.000000000	0.000000000	0.000000000	0.000000000	0.000000000
300.000000000	-300.000000000	0.859861379	123.945291423	0.000000000	0.000000000	0.000000000	0.000000000	0.000000000
400.000000000	-300.000000000	0.642693437	123.945291423	0.000000000	0.000000000	0.000000000	0.000000000	0.000000000
500.000000000	-300.000000000	0.483458782	123.945291423	0.000000000	0.000000000	0.000000000	0.000000000	0.000000000
600.000000000	-300.000000000	0.391098899	123.945291423	0.000000000	0.000000000	0.000000000	0.000000000	0.000000000
700.000000000	-300.000000000	0.339468556	123.945291423	0.000000000	0.000000000	0.000000000	0.000000000	0.000000000
800.000000000	-300.000000000	0.315585297	123.945291423	0.000000000	0.000000000	0.000000000	0.000000000	0.000000000
900.000000000	-300.000000000	0.301954050	123.945291423	0.000000000	0.000000000	0.000000000	0.000000000	0.000000000
1000.000000000	-300.000000000	0.288179520	123.945291423	0.000000000	0.000000000	0.000000000	0.000000000	0.000000000
-1000.000000000	-200.000000000	0.274467777	124.353680631	0.000000000	0.000000000	0.000000000	0.000000000	0.000000000
-900.000000000	-200.000000000	0.279917378	124.353680631	0.000000000	0.000000000	0.000000000	0.000000000	0.000000000
-800.000000000	-200.000000000	0.291256089	124.353680631	0.000000000	0.000000000	0.000000000	0.000000000	0.000000000
-700.000000000	-200.000000000	0.302478886	124.353680631	0.000000000	0.000000000	0.000000000	0.000000000	0.000000000
-600.000000000	-200.000000000	0.332558751	124.353680631	0.000000000	0.000000000	0.000000000	0.000000000	0.000000000
-500.000000000	-200.000000000	0.377620594	124.353680631	0.000000000	0.000000000	0.000000000	0.000000000	0.000000000
-400.000000000	-200.000000000	0.490656765	124.353680631	0.000000000	0.000000000	0.000000000	0.000000000	0.000000000
-300.000000000	-200.000000000	0.718232833	124.353680631	0.000000000	0.000000000	0.000000000	0.000000000	0.000000000
-200.000000000	-200.000000000	0.981512363	124.353680631	0.000000000	0.000000000	0.000000000	0.000000000	0.000000000
-100.000000000	-200.000000000	1.275638273	124.353680631	0.000000000	0.000000000	0.000000000	0.000000000	0.000000000
0.000000000	-200.000000000	1.419219830	124.353680631	0.000000000	0.000000000	0.000000000	0.000000000	0.000000000
100.000000000	-200.000000000	1.313175382	124.353680631	0.000000000	0.000000000	0.000000000	0.000000000	0.000000000
200.000000000	-200.000000000	0.997160864	124.353680631	0.000000000	0.000000000	0.000000000	0.000000000	0.000000000
300.000000000	-200.000000000	0.721175781	124.353680631	0.000000000	0.000000000	0.000000000	0.000000000	0.000000000
400.000000000	-200.000000000	0.510334900	124.353680631	0.000000000	0.000000000	0.000000000	0.000000000	0.000000000
500.000000000	-200.000000000	0.378072983	124.353680631	0.000000000	0.000000000	0.000000000	0.000000000	0.000000000
600.000000000	-200.000000000	0.328537155	124.353680631	0.000000000	0.000000000	0.000000000	0.000000000	0.000000000
700.000000000	-200.000000000	0.305523257	124.353680631	0.000000000	0.000000000	0.000000000	0.000000000	0.000000000
800.000000000	-200.000000000	0.287379386	124.353680631	0.000000000	0.000000000	0.000000000	0.000000000	0.000000000
900.000000000	-200.000000000	0.280071931	124.353680631	0.000000000	0.000000000	0.000000000	0.000000000	0.000000000
1000.000000000	-200.000000000	0.272688808	124.353680631	0.000000000	0.000000000	0.000000000	0.000000000	0.000000000
-1000.000000000	-100.000000000	0.259448774	124.557488162	0.000000000	0.000000000	0.000000000	0.000000000	0.000000000
-900.000000000	-100.000000000	0.265180112	124.557488162	0.000000000	0.000000000	0.000000000	0.000000000	0.000000000
-800.000000000	-100.000000000	0.267595001	124.557488162	0.000000000	0.000000000	0.000000000	0.000000000	0.000000000
-700.000000000	-100.000000000	0.275197074	124.557488162	0.000000000	0.000000000	0.000000000	0.000000000	0.000000000
-600.000000000	-100.000000000	0.294089560	124.557488162	0.000000000	0.000000000	0.000000000	0.000000000	0.000000000
-500.000000000	-100.000000000	0.316947295	124.557488162	0.000000000	0.000000000	0.000000000	0.000000000	0.000000000
-400.000000000	-100.000000000	0.379810094	124.557488162	0.000000000	0.000000000	0.000000000	0.000000000	0.000000000
-300.000000000	-100.000000000	0.537339814	124.557488162	0.000000000	0.000000000	0.000000000	0.000000000	0.000000000
-200.000000000	-100.000000000	0.831781020	124.557488162	0.000000000	0.000000000	0.000000000	0.000000000	0.000000000
-100.000000000	-100.000000000	1.184997662	124.557488162	0.000000000	0.000000000	0.000000000	0.000000000	0.000000000
0.000000000	-100.000000000	1.398680347	124.557488162	0.000000000	0.000000000	0.000000000	0.000000000	0.000000000
100.000000000	-100.000000000	1.209127275	124.557488162	0.000000000	0.000000000	0.000000000	0.000000000	0.000000000
200.000000000	-100.000000000	0.880685799	124.557488162	0.000000000	0.000000000	0.000000000	0.000000000	0.000000000
300.000000000	-100.000000000	0.561887981	124.557488162	0.000000000	0.000000000	0.000000000	0.000000000	0.000000000
400.000000000	-100.000000000	0.389488973	124.557488162	0.000000000	0.000000000	0.000000000	0.000000000	0.000000000
500.000000000	-100.000000000	0.322243953	124.557488162	0.000000000	0.000000000	0.000000000	0.000000000	0.000000000
600.000000000	-100.000000000	0.287809237	124.557488162	0.000000000	0.000000000	0.000000000	0.000000000	0.000000000
700.000000000	-100.000000000	0.274458117	124.557488162	0.000000000	0.000000000	0.000000000	0.000000000	0.000000000
800.000000000	-100.000000000	0.264750262	124.557488162	0.000000000	0.000000000	0.000000000	0.000000000	0.000000000
900.000000000	-100.000000000	0.261057091	124.557488162	0.000000000	0.000000000	0.000000000	0.000000000	0.000000000
1000.000000000	-100.000000000	0.257814699	124.557488162	0.000000000	0.000000000	0.000000000	0.000000000	0.000000000
-1000.000000000	0.000000000	0.251679270	124.913524831	0.000000000	0.000000000	0.000000000	0.000000000	0.000000000
-900.000000000	0.000000000	0.253664309	124.913524831	0.000000000	0.000000000	0.000000000	0.000000000	0.000000000
-800.000000000	0.000000000	0.257062863	124.913524831	0.000000000	0.000000000	0.000000000	0.000000000	0.000000000
-700.000000000	0.000000000	0.259938192	124.913524831	0.000000000	0.000000000	0.000000000	0.000000000	0.000000000
-600.000000000	0.000000000	0.267223108	124.913524831	0.000000000	0.000000000	0.000000000	0.000000000	0.000000000
-500.000000000	0.000000000	0.283694265	124.913524831	0.000000000	0.000000000	0.000000000	0.000000000	0.000000000
-400.000000000	0.000000000	0.314841511	124.913524831	0.000000000	0.000000000	0.000000000	0.000000000	0.000000000
-300.000000000	0.000000000	0.397575634	124.913524831	0.000000000	0.000000000	0.000000000	0.000000000	0.000000000
-200.000000000	0.000000000	0.652562291	124.913524831	0.000000000	0.000000000	0.000000000	0.000000000	0.000000000
-100.000000000	0.000000000	1.043562223	124.913524831	0.000000000	0.000000000	0.000000000	0.000000000	0.000000000
0.000000000	0.000000000	1.385509518	124.913524831	0.000000000	0.000000000	0.000000000	0.000000000	0.000000000
100.000000000	0.000000000	1.146715172	124.913524831	0.000000000	0.000000000	0.000000000	0.000000000	0.000000000
200.000000000	0.000000000	0.695663262	124.913524831	0.000000000	0.000000000	0.000000000	0.000000000	0.000000000
300.000000000	0.000000000	0.412810369	124.913524831	0.000000000	0.000000000	0.000000000	0.000000000	0.000000000
400.000000000	0.000000000	0.321492117	124.913524831	0.000000000	0.000000000	0.000000000	0.000000000	0.000000000
500.000000000	0.000000000	0.284283498	124.913524831	0.000000000	0.000000000	0.000000000	0.000000000	0.000000000
600.000000000	0.000000000	0.268185844	124.913524831	0.000000000	0.000000000	0.000000000	0.000000000	0.000000000
700.000000000	0.000000000	0.260483957	124.913524831	0.000000000	0.000000000	0.000000000	0.000000000	0.000000000
800.000000000	0.000000000	0.255778142	124.913524831	0.000000000	0.000000000	0.000000000	0.000000000	0.000000000
900.000000000	0.000000000	0.251294497	124.913524831	0.000000000	0.000000000	0.000000000	0.000000000	0.000000000
1000.000000000	0.000000000	0.249824635	124.913524831	0.000000000	0.000000000	0.000000000	0.000000000	0.000000000
-1000.000000000	100.000000000	0.247524050	125.299168238	0.000000000	0.000000000	0.000000000	0.000000000	0.000000000
-900.000000000	100.000000000	0.249270820	125.299168238	0.000000000	0.000000000	0.000000000	0.000000000	0.000000000
-800.000000000	100.000000000	0.250911335	125.299168238	0.000000000	0.000000000	0.000000000	0.000000000	0.000000000
-700.000000000	100.000000000	0.254511130	125.299168238	0.000000000	0.000000000	0.000000000	0.000000000	0.000000000
-600.000000000	100.000000000	0.259807788	125.299168238	0.000000000	0.000000000	0.000000000	0.000000000	0.000000000
-500.000000000	100.000000000	0.270172494	125.299168238	0.000000000	0.000000000	0.000000000	0.000000000	0.000000000
-400.000000000	100.000000000	0.288538533	125.299168238	0.000000000	0.000000000	0.000000000	0.000000000	0.000000000
-300.000000000	100.000000000	0.336699482	125.299168238	0.000000000	0.000000000	0.000000000	0.000000000	0.000000000
-200.000000000	100.000000000	0.523760080	125.299168238	0.000000000	0.000000000	0.000000000	0.000000000	0.000000000
-100.000000000	100.000000000	1.025875544	125.299168238	0.000000000	0.000000000	0.000000000	0.000000000	0.000000000
0.000000000	100.000000000	1.446308509	125.299168238	0.000000000	0.000000000	0.000000000	0.000000000	0.000000000
100.000000000	100.000000000	1.075670627	125.299168238	0.000000000	0.000000000	0.000000000	0.000000000	0.000000000
200.000000000	100.000000000	0.574830182	125.299168238	0.000000000	0.000000000	0.000000000	0.000000000	0.000000000
300.000000000	100.000000000	0.360605281	125.299168238	0.000000000	0.000000000	0.000000000	0.000000000	0.000000000
400.000000000	100.000000000	0.296803895	125.299168238	0.000000000	0.000000000	0.000000000	0.000000000	0.000000000
500.000000000	100.000000000	0.273558169	125.299168238	0.000000000	0.000000000	0.000000000	0.000000000	0.000000000
600.000000000	100.000000000	0.262187259	125.299168238	0.000000000	0.000000000	0.000000000	0.000000000	0.000000000
700.000000000	100.000000000	0.256341616	125.299168238	0.000000000	0.000000000	0.000000000	0.000000000	0.000000000
800.000000000	100.000000000	0.252585658	125.299168238	0.000000000	0.000000000	0.000000000	0.000000000	0.000000000
900.000000000	100.000000000	0.249889032	125.299168238	0.000000000	0.000000000	0.000000000	0.000000000	0.000000000
1000.000000000	100.000000000	0.248499665	125.299168238	0.000000000	0.000000000	0.000000000	0.000000000	0.000000000
-1000.000000000	200.000000000	0.251143164	125.582714155	0.000000000	0.000000000	0.000000000	0.000000000	0.000000000
-900.000000000	200.000000000	0.253163622	125.582714155	0.000000000	0.000000000	0.000000000	0.000000000	0.000000000
-800.000000000	200.000000000	0.255596221	125.582714155	0.000000000	0.000000000	0.000000000	0.000000000	0.000000000
-700.000000000	200.000000000	0.257806649	125.582714155	0.000000000	0.000000000	0.000000000	0.000000000	0.000000000
-600.000000000	200.000000000	0.263227271	125.582714155	0.000000000	0.000000000	0.000000000	0.000000000	0.000000000
-500.000000000	200.000000000	0.273265162	125.582714155	0.000000000	0.000000000	0.000000000	0.000000000	0.000000000
-400.000000000	200.000000000	0.288635129	125.582714155	0.000000000	0.000000000	0.000000000	0.000000000	0.000000000
-300.000000000	200.000000000	0.333028850	125.582714155	0.000000000	0.000000000	0.000000000	0.000000000	0.000000000
-200.000000000	200.000000000	0.494947220	125.582714155	0.000000000	0.000000000	0.000000000	0.000000000	0.000000000
-100.000000000	200.000000000	1.028828155	125.582714155	0.000000000	0.000000000	0.000000000	0.000000000	0.000000000
0.000000000	200.000000000	1.457621495	125.582714155	0.000000000	0.000000000	0.000000000	0.000000000	0.000000000
100.000000000	200.000000000	1.143762567	125.582714155	0.000000000	0.000000000	0.000000000	0.000000000	0.000000000
200.000000000	200.000000000	0.582319568	125.582714155	0.000000000	0.000000000	0.000000000	0.000000000	0.000000000
300.000000000	200.000000000	0.364240495	125.582714155	0.000000000	0.000000000	0.000000000	0.000000000	0.000000000
400.000000000	200.000000000	0.302755793	125.582714155	0.000000000	0.000000000	0.000000000	0.000000000	0.000000000
500.000000000	200.000000000	0.281696346	125.582714155	0.000000000	0.000000000	0.000000000	0.000000000	0.000000000
600.000000000	200.000000000	0.266896293	125.582714155	0.000000000	0.000000000	0.000000000	0.000000000	0.000000000
700.000000000	200.000000000	0.261148856	125.582714155	0.000000000	0.000000000	0.000000000	0.000000000	0.000000000
800.000000000	200.000000000	0.259208895	125.582714155	0.000000000	0.000000000	0.000000000	0.000000000	0.000000000
900.000000000	200.000000000	0.255322533	125.582714155	0.000000000	0.000000000	0.000000000	0.000000000	0.000000000
1000.000000000	200.000000000	0.253104055	125.582714155	0.000000000	0.000000000	0.000000000	0.000000000	0.000000000
-1000.000000000	300.000000000	0.257276984	125.744505343	0.000000000	0.000000000	0.000000000	0.000000000	0.000000000
-900.000000000	300.000000000	0.260962105	125.744505343	0.000000000	0.000000000	0.000000000	0.000000000	0.000000000
-800.000000000	300.000000000	0.264463695	125.744505343	0.000000000	0.000000000	0.000000000	0.000000000	0.000000000
-700.000000000	300.000000000	0.267480697	125.744505343	0.000000000	0.000000000	0.000000000	0.000000000	0.000000000
-600.000000000	300.000000000	0.270444571	125.744505343	0.000000000	0.000000000	0.000000000	0.000000000	0.000000000
-500.000000000	300.000000000	0.280582277	125.744505343	0.000000000	0.000000000	0.000000000	0.000000000	0.000000000
-400.000000000	300.000000000	0.299387827	125.744505343	0.000000000	0.000000000	0.000000000	0.000000000	0.000000000
-300.000000000	300.000000000	0.350449864	125.744505343	0.000000000	0.000000000	0.000000000	0.000000000	0.000000000
-200.000000000	300.000000000	0.492426075	125.744505343	0.000000000	0.000000000	0.000000000	0.000000000	0.000000000
-100.000000000	300.000000000	0.968607191	125.744505343	0.000000000	0.000000000	0.000000000	0.000000000	0.000000000
0.000000000	300.000000000	1.415154764	125.744505343	0.000000000	0.000000000	0.000000000	0.000000000	0.000000000
100.000000000	300.000000000	1.135872305	125.744505343	0.000000000	0.000000000	0.000000000	0.000000000	0.000000000
200.000000000	300.000000000	0.604122813	125.744505343	0.000000000	0.000000000	0.000000000	0.000000000	0.000000000
300.000000000	300.000000000	0.385935865	125.744505343	0.000000000	0.000000000	0.000000000	0.000000000	0.000000000
400.000000000	300.000000000	0.320788579	125.744505343	0.000000000	0.000000000	0.000000000	0.000000000	0.000000000
500.000000000	300.000000000	0.294348758	125.744505343	0.000000000	0.000000000	0.000000000	0.000000000	0.000000000
600.000000000	300.000000000	0.276375540	125.744505343	0.000000000	0.000000000	0.000000000	0.000000000	0.000000000
700.000000000	300.000000000	0.268068320	125.744505343	0.000000000	0.000000000	0.000000000	0.000000000	0.000000000
800.000000000	300.000000000	0.266038203	125.744505343	0.000000000	0.000000000	0.000000000	0.000000000	0.000000000
900.000000000	300.000000000	0.261573877	125.744505343	0.000000000	0.000000000	0.000000000	0.000000000	0.000000000
1000.000000000	300.000000000	0.258610003	125.744505343	0.000000000	0.000000000	0.000000000	0.000000000	0.000000000
-1000.000000000	400.000000000	0.261643104	125.481507711	0.000000000	0.000000000	0.000000000	0.000000000	0.000000000
-900.000000000	400.000000000	0.266231394	125.481507711	0.000000000	0.000000000	0.000000000	0.000000000	0.000000000
-800.000000000	400.000000000	0.267904107	125.481507711	0.000000000	0.000000000	0.000000000	0.000000000	0.000000000
-700.000000000	400.000000000	0.271117520	125.481507711	0.000000000	0.000000000	0.000000000	0.000000000	0.000000000
-600.000000000	400.000000000	0.280126668	125.481507711	0.000000000	0.000000000	0.000000000	0.000000000	0.000000000
-500.000000000	400.000000000	0.293522865	125.481507711	0.000000000	0.000000000	0.000000000	0.000000000	0.000000000
-400.000000000	400.000000000	0.323691277	125.481507711	0.000000000	0.000000000	0.000000000	0.000000000	0.000000000
-300.000000000	400.000000000	0.372365794	125.481507711	0.000000000	0.000000000	0.000000000	0.000000000	0.000000000
-200.000000000	400.000000000	0.523756861	125.481507711	0.000000000	0.000000000	0.000000000	0.000000000	0.000000000
-100.000000000	400.000000000	0.948268968	125.481507711	0.000000000	0.000000000	0.000000000	0.000000000	0.000000000
0.000000000	400.000000000	1.368684144	125.481507711	0.000000000	0.000000000	0.000000000	0.000000000	0.000000000
100.000000000	400.000000000	1.120949875	125.481507711	0.000000000	0.000000000	0.000000000	0.000000000	0.000000000
200.000000000	400.000000000	0.634028813	125.481507711	0.000000000	0.000000000	0.000000000	0.000000000	0.000000000
300.000000000	400.000000000	0.421611839	125.481507711	0.000000000	0.000000000	0.000000000	0.000000000	0.000000000
400.000000000	400.000000000	0.346962764	125.481507711	0.000000000	0.000000000	0.000000000	0.000000000	0.000000000
500.000000000	400.000000000	0.306133419	125.481507711	0.000000000	0.000000000	0.000000000	0.000000000	0.000000000
600.000000000	400.000000000	0.284682760	125.481507711	0.000000000	0.000000000	0.000000000	0.000000000	0.000000000
700.000000000	400.000000000	0.275148776	125.481507711	0.000000000	0.000000000	0.000000000	0.000000000	0.000000000
800.000000000	400.000000000	0.268298539	125.481507711	0.000000000	0.000000000	0.000000000	0.000000000	0.000000000
900.000000000	400.000000000	0.262702435	125.481507711	0.000000000	0.000000000	0.000000000	0.000000000	0.000000000
1000.000000000	400.000000000	0.263272349	125.481507711	0.000000000	0.000000000	0.000000000	0.000000000	0.000000000
-1000.000000000	500.000000000	0.262056855	125.116613836	0.000000000	0.000000000	0.000000000	0.000000000	0.000000000
-900.000000000	500.000000000	0.264241525	125.116613836	0.000000000	0.000000000	0.000000000	0.000000000	0.000000000
-800.000000000	500.000000000	0.270995166	125.116613836	0.000000000	0.000000000	0.000000000	0.000000000	0.000000000
-700.000000000	500.000000000	0.278102991	125.116613836	0.000000000	0.000000000	0.000000000	0.000000000	0.000000000
-600.000000000	500.000000000	0.294231233	125.116613836	0.000000000	0.000000000	0.000000000	0.000000000	0.000000000
-500.000000000	500.000000000	0.314269987	125.116613836	0.000000000	0.000000000	0.000000000	0.000000000	0.000000000
-400.000000000	500.000000000	0.345228873	125.116613836	0.000000000	0.000000000	0.000000000	0.000000000	0.000000000
-300.000000000	500.000000000	0.424149083	125.116613836	0.000000000	0.000000000	0.000000000	0.000000000	0.000000000
-200.000000000	500.000000000	0.616276143	125.116613836	0.000000000	0.000000000	0.000000000	0.000000000	0.000000000
-100.000000000	500.000000000	1.014216445	125.116613836	0.000000000	0.000000000	0.000000000	0.000000000	0.000000000
0.000000000	500.000000000	1.387542854	125.116613836	0.000000000	0.000000000	0.000000000	0.000000000	0.000000000
100.000000000	500.000000000	1.128176838	125.116613836	0.000000000	0.000000000	0.000000000	0.000000000	0.000000000
200.000000000	500.000000000	0.677203836	125.116613836	0.000000000	0.000000000	0.000000000	0.000000000	0.000000000
300.000000000	500.000000000	0.458601514	125.116613836	0.000000000	0.000000000	0.000000000	0.000000000	0.000000000
400.000000000	500.000000000	0.369820500	125.116613836	0.000000000	0.000000000	0.000000000	0.000000000	0.000000000
500.000000000	500.000000000	0.319555376	125.116613836	0.000000000	0.000000000	0.000000000	0.000000000	0.000000000
600.000000000	500.000000000	0.294578977	125.116613836	0.000000000	0.000000000	0.000000000	0.000000000	0.000000000
700.000000000	500.000000000	0.281984523	125.116613836	0.000000000	0.000000000	0.000000000	0.000000000	0.000000000
800.000000000	500.000000000	0.274427529	125.116613836	0.000000000	0.000000000	0.000000000	0.000000000	0.000000000
900.000000000	500.000000000	0.265861111	125.116613836	0.000000000	0.000000000	0.000000000	0.000000000	0.000000000
1000.000000000	500.000000000	0.264420227	125.116613836	0.000000000	0.000000000	0.000000000	0.000000000	0.000000000
-1000.000000000	600.000000000	0.268742879	125.258619129	0.000000000	0.000000000	0.000000000	0.000000000	0.000000000
-900.000000000	600.000000000	0.271484583	125.258619129	0.000000000	0.000000000	0.000000000	0.000000000	0.000000000
-800.000000000	600.000000000	0.277141865	125.258619129	0.000000000	0.000000000	0.000000000	0.000000000	0.000000000
-700.000000000	600.000000000	0.288396860	125.258619129	0.000000000	0.000000000	0.000000000	0.000000000	0.000000000
-600.000000000	600.000000000	0.325694025	125.258619129	0.000000000	0.000000000	0.000000000	0.000000000	0.000000000
-500.000000000	600.000000000	0.339608619	125.258619129	0.000000000	0.000000000	0.000000000	0.000000000	0.000000000
-400.000000000	600.000000000	0.386837424	125.258619129	0.000000000	0.000000000	0.000000000	0.000000000	0.000000000
-300.000000000	600.000000000	0.483054691	125.258619129	0.000000000	0.000000000	0.000000000	0.000000000	0.000000000
-200.000000000	600.000000000	0.688748625	125.258619129	0.000000000	0.000000000	0.000000000	0.000000000	0.000000000
-100.000000000	600.000000000	1.051331737	125.258619129	0.000000000	0.000000000	0.000000000	0.000000000	0.000000000
0.000000000	600.000000000	1.389093217	125.258619129	0.000000000	0.000000000	0.000000000	0.000000000	0.000000000
100.000000000	600.000000000	1.192108722	125.258619129	0.000000000	0.000000000	0.000000000	0.000000000	0.000000000
200.000000000	600.000000000	0.807290806	125.258619129	0.000000000	0.000000000	0.000000000	0.000000000	0.000000000
300.000000000	600.000000000	0.558297844	125.258619129	0.000000000	0.000000000	0.000000000	0.000000000	0.000000000
400.000000000	600.000000000	0.430761051	125.258619129	0.000000000	0.000000000	0.000000000	0.000000000	0.000000000
500.000000000	600.000000000	0.362137931	125.258619129	0.000000000	0.000000000	0.000000000	0.000000000	0.000000000
600.000000000	600.000000000	0.326057868	125.258619129	0.000000000	0.000000000	0.000000000	0.000000000	0.000000000
700.000000000	600.000000000	0.299647025	125.258619129	0.000000000	0.000000000	0.000000000	0.000000000	0.000000000
800.000000000	600.000000000	0.286366743	125.258619129	0.000000000	0.000000000	0.000000000	0.000000000	0.000000000
900.000000000	600.000000000	0.272617972	125.258619129	0.000000000	0.000000000	0.000000000	0.000000000	0.000000000
1000.000000000	600.000000000	0.271404087	125.258619129	0.000000000	0.000000000	0.000000000	0.000000000	0.000000000
-1000.000000000	700.000000000	0.278331600	125.441006457	0.000000000	0.000000000	0.000000000	0.000000000	0.000000000
-900.000000000	700.000000000	0.285771070	125.441006457	0.000000000	0.000000000	0.000000000	0.000000000	0.000000000
-800.000000000	700.000000000	0.296330577	125.441006457	0.000000000	0.000000000	0.000000000	0.000000000	0.000000000
-700.000000000	700.000000000	0.358056768	125.441006457	0.000000000	0.000000000	0.000000000	0.000000000	0.000000000
-600.000000000	700.000000000	0.331953419	125.441006457	0.000000000	0.000000000	0.000000000	0.000000000	0.000000000
-500.000000000	700.000000000	0.382571118	125.441006457	0.000000000	0.000000000	0.000000000	0.000000000	0.000000000
-400.000000000	700.000000000	0.445464512	125.441006457	0.000000000	0.000000000	0.000000000	0.000000000	0.000000000
-300.000000000	700.000000000	0.578769673	125.441006457	0.000000000	0.000000000	0.000000000	0.000000000	0.000000000
-200.000000000	700.000000000	0.798106164	125.441006457	0.000000000	0.000000000	0.000000000	0.000000000	0.000000000
-100.000000000	700.000000000	1.144464486	125.441006457	0.000000000	0.000000000	0.000000000	0.000000000	0.000000000
0.000000000	700.000000000	1.403608342	125.441006457	0.000000000	0.000000000	0.000000000	0.000000000	0.000000000
100.000000000	700.000000000	1.237735714	125.441006457	0.000000000	0.000000000	0.000000000	0.000000000	0.000000000
200.000000000	700.000000000	0.882406808	125.441006457	0.000000000	0.000000000	0.000000000	0.000000000	0.000000000
300.000000000	700.000000000	0.609461322	125.441006457	0.000000000	0.000000000	0.000000000	0.000000000	0.000000000
400.000000000	700.000000000	0.478580704	125.441006457	0.000000000	0.000000000	0.000000000	0.000000000	0.000000000
500.000000000	700.000000000	0.402455321	125.441006457	0.000000000	0.000000000	0.000000000	0.000000000	0.000000000
600.000000000	700.000000000	0.360487756	125.441006457	0.000000000	0.000000000	0.000000000	0.000000000	0.000000000
700.000000000	700.000000000	0.328224829	125.441006457	0.000000000	0.000000000	0.000000000	0.000000000	0.000000000
800.000000000	700.000000000	0.300764314	125.441006457	0.000000000	0.000000000	0.000000000	0.000000000	0.000000000
900.000000000	700.000000000	0.288570732	125.441006457	0.000000000	0.000000000	0.000000000	0.000000000	0.000000000
1000.000000000	700.000000000	0.281487056	125.441006457	0.000000000	0.000000000	0.000000000	0.000000000	0.000000000
-1000.000000000	800.000000000	0.293896368	125.511876652	0.000000000	0.000000000	0.000000000	0.000000000	0.000000000
-900.000000000	800.000000000	0.305574774	125.511876652	0.000000000	0.000000000	0.000000000	0.000000000	0.000000000
-800.000000000	800.000000000	0.332904886	125.511876652	0.000000000	0.000000000	0.000000000	0.000000000	0.000000000
-700.000000000	800.000000000	0.346194829	125.511876652	0.000000000	0.000000000	0.000000000	0.000000000	0.000000000
-600.000000000	800.000000000	0.377239042	125.511876652	0.000000000	0.000000000	0.000000000	0.000000000	0.000000000
-500.000000000	800.000000000	0.423799728	125.511876652	0.000000000	0.000000000	0.000000000	0.000000000	0.000000000
-400.000000000	800.000000000	0.503083790	125.511876652	0.000000000	0.000000000	0.000000000	0.000000000	0.000000000
-300.000000000	800.000000000	0.641542339	125.511876652	0.000000000	0.000000000	0.000000000	0.000000000	0.000000000
-200.000000000	800.000000000	0.876013784	125.511876652	0.000000000	0.000000000	0.000000000	0.000000000	0.000000000
-100.000000000	800.000000000	1.181502506	125.511876652	0.000000000	0.000000000	0.000000000	0.000000000	0.000000000
0.000000000	800.000000000	1.401183787	125.511876652	0.000000000	0.000000000	0.000000000	0.000000000	0.000000000
100.000000000	800.000000000	1.268097365	125.511876652	0.000000000	0.000000000	0.000000000	0.000000000	0.000000000
200.000000000	800.000000000	0.943563139	125.511876652	0.000000000	0.000000000	0.000000000	0.000000000	0.000000000
300.000000000	800.000000000	0.712427435	125.511876652	0.000000000	0.000000000	0.000000000	0.000000000	0.000000000
400.000000000	800.000000000	0.555198732	125.511876652	0.000000000	0.000000000	0.000000000	0.000000000	0.000000000
500.000000000	800.000000000	0.456540807	125.511876652	0.000000000	0.000000000	0.000000000	0.000000000	0.000000000
600.000000000	800.000000000	0.386544417	125.511876652	0.000000000	0.000000000	0.000000000	0.000000000	0.000000000
700.000000000	800.000000000	0.355249055	125.511876652	0.000000000	0.000000000	0.000000000	0.000000000	0.000000000
800.000000000	800.000000000	0.329770359	125.511876652	0.000000000	0.000000000	0.000000000	0.000000000	0.000000000
900.000000000	800.000000000	0.305109506	125.511876652	0.000000000	0.000000000	0.000000000	0.000000000	0.000000000
1000.000000000	800.000000000	0.295058735	125.511876652	0.000000000	0.000000000	0.000000000	0.000000000	0.000000000
-1000.000000000	900.000000000	0.308095919	125.451132770	0.000000000	0.000000000	0.000000000	0.000000000	0.000000000
-900.000000000	900.000000000	0.326674470	125.451132770	0.000000000	0.000000000	0.000000000	0.000000000	0.000000000
-800.000000000	900.000000000	0.339405769	125.451132770	0.000000000	0.000000000	0.000000000	0.000000000	0.000000000
-700.000000000	900.000000000	0.379360925	125.451132770	0.000000000	0.000000000	0.000000000	0.000000000	0.000000000
-600.000000000	900.000000000	0.414206176	125.451132770	0.000000000	0.000000000	0.000000000	0.000000000	0.000000000
-500.000000000	900.000000000	0.477437656	125.451132770	0.000000000	0.000000000	0.000000000	0.000000000	0.000000000
-400.000000000	900.000000000	0.598480009	125.451132770	0.000000000	0.000000000	0.000000000	0.000000000	0.000000000
-300.000000000	900.000000000	0.745197507	125.451132770	0.000000000	0.000000000	0.000000000	0.000000000	0.000000000
-200.000000000	900.000000000	0.937413213	125.451132770	0.000000000	0.000000000	0.000000000	0.000000000	0.000000000
-100.000000000	900.000000000	1.231877180	125.451132770	0.000000000	0.000000000	0.000000000	0.000000000	0.000000000
0.000000000	900.000000000	1.393802260	125.451132770	0.000000000	0.000000000	0.000000000	0.000000000	0.000000000
100.000000000	900.000000000	1.294466395	125.451132770	0.000000000	0.000000000	0.000000000	0.000000000	0.000000000
200.000000000	900.000000000	1.023835764	125.451132770	0.000000000	0.000000000	0.000000000	0.000000000	0.000000000
300.000000000	900.000000000	0.771680813	125.451132770	0.000000000	0.000000000	0.000000000	0.000000000	0.000000000
400.000000000	900.000000000	0.619415501	125.451132770	0.000000000	0.000000000	0.000000000	0.000000000	0.000000000
500.000000000	900.000000000	0.508241995	125.451132770	0.000000000	0.000000000	0.000000000	0.000000000	0.000000000
600.000000000	900.000000000	0.449827413	125.451132770	0.000000000	0.000000000	0.000000000	0.000000000	0.000000000
700.000000000	900.000000000	0.391720331	125.451132770	0.000000000	0.000000000	0.000000000	0.000000000	0.000000000
800.000000000	900.000000000	0.343844336	125.451132770	0.000000000	0.000000000	0.000000000	0.000000000	0.000000000
900.000000000	900.000000000	0.327097881	125.451132770	0.000000000	0.000000000	0.000000000	0.000000000	0.000000000
1000.000000000	900.000000000	0.315111979	125.451132770	0.000000000	0.000000000	0.000000000	0.000000000	0.000000000
-1000.000000000	1000.000000000	0.334854507	125.380234602	0.000000000	0.000000000	0.000000000	0.000000000	0.000000000
-900.000000000	1000.000000000	0.338971089	125.380234602	0.000000000	0.000000000	0.000000000	0.000000000	0.000000000
-800.000000000	1000.000000000	0.364673565	125.380234602	0.000000000	0.000000000	0.000000000	0.000000000	0.000000000
-700.000000000	1000.000000000	0.394972383	125.380234602	0.000000000	0.000000000	0.000000000	0.000000000	0.000000000
-600.000000000	1000.000000000	0.453613960	125.380234602	0.000000000	0.000000000	0.000000000	0.000000000	0.000000000
-500.000000000	1000.000000000	0.533248989	125.380234602	0.000000000	0.000000000	0.000000000	0.000000000	0.000000000
-400.000000000	1000.000000000	0.628598525	125.380234602	0.000000000	0.000000000	0.000000000	0.000000000	0.000000000
-300.000000000	1000.000000000	0.792870679	125.380234602	0.000000000	0.000000000	0.000000000	0.000000000	0.000000000
-200.000000000	1000.000000000	0.998717665	125.380234602	0.000000000	0.000000000	0.000000000	0.000000000	0.000000000
-100.000000000	1000.000000000	1.231133394	125.380234602	0.000000000	0.000000000	0.000000000	0.000000000	0.000000000
0.000000000	1000.000000000	1.384087945	125.380234602	0.000000000	0.000000000	0.000000000	0.000000000	0.000000000
100.000000000	1000.000000000	1.306325133	125.380234602	0.000000000	0.000000000	0.000000000	0.000000000	0.000000000
200.000000000	1000.000000000	1.047912242	125.380234602	0.000000000	0.000000000	0.000000000	0.000000000	0.000000000
300.000000000	1000.000000000	0.830530106	125.380234602	0.000000000	0.000000000	0.000000000	0.000000000	0.000000000
400.000000000	1000.000000000	0.679485103	125.380234602	0.000000000	0.000000000	0.000000000	0.000000000	0.000000000
500.000000000	1000.000000000	0.549351478	125.380234602	0.000000000	0.000000000	0.000000000	0.000000000	0.000000000
600.000000000	1000.000000000	0.479670625	125.380234602	0.000000000	0.000000000	0.000000000	0.000000000	0.000000000
700.000000000	1000.000000000	0.415412011	125.380234602	0.000000000	0.000000000	0.000000000	0.000000000	0.000000000
800.000000000	1000.000000000	0.371174448	125.380234602	0.000000000	0.000000000	0.000000000	0.000000000	0.000000000
900.000000000	1000.000000000	0.344464158	125.380234602	0.000000000	0.000000000	0.000000000	0.000000000	0.000000000
1000.000000000	1000.000000000	0.326202762	125.380234602	0.000000000	0.000000000	0.000000000	0.000000000	0.000000000
