Set Temp (deg C)	110.000000	Laser Power (uW)	740	Laser Detuning (GHz)	16
X  Field (nT)	Z  Field (nT)	Photodiode Voltage (V)	Temperature (C) 2D	Y  Field (nT)	Photodiode Voltage (V)	Temperature (C) 1D	Frequency (Hz)	Photodiode Voltage (V)		
-1000.000000000	-1000.000000000	1.707452101	96.621003450	-1000.000000000	1.726895239	96.339643679	0.000000000	0.000000000
-900.000000000	-1000.000000000	1.706212455	96.621003450	-960.000000000	1.726987005	96.339643679	0.000000000	0.000000000
-800.000000000	-1000.000000000	1.706061121	96.621003450	-920.000000000	1.727885347	96.339643679	0.000000000	0.000000000
-700.000000000	-1000.000000000	1.706903115	96.621003450	-880.000000000	1.728257241	96.339643679	0.000000000	0.000000000
-600.000000000	-1000.000000000	1.707252470	96.621003450	-840.000000000	1.728506780	96.339643679	0.000000000	0.000000000
-500.000000000	-1000.000000000	1.707906102	96.621003450	-800.000000000	1.729379363	96.339643679	0.000000000	0.000000000
-400.000000000	-1000.000000000	1.708208769	96.621003450	-760.000000000	1.729387412	96.339643679	0.000000000	0.000000000
-300.000000000	-1000.000000000	1.708211989	96.621003450	-720.000000000	1.729706179	96.339643679	0.000000000	0.000000000
-200.000000000	-1000.000000000	1.709005685	96.621003450	-680.000000000	1.730055534	96.339643679	0.000000000	0.000000000
-100.000000000	-1000.000000000	1.709643218	96.621003450	-640.000000000	1.729884881	96.339643679	0.000000000	0.000000000
0.000000000	-1000.000000000	1.711055127	96.621003450	-600.000000000	1.730652818	96.339643679	0.000000000	0.000000000
100.000000000	-1000.000000000	1.710774999	96.621003450	-560.000000000	1.730577151	96.339643679	0.000000000	0.000000000
200.000000000	-1000.000000000	1.710770169	96.621003450	-520.000000000	1.731969742	96.339643679	0.000000000	0.000000000
300.000000000	-1000.000000000	1.711048687	96.621003450	-480.000000000	1.731262982	96.339643679	0.000000000	0.000000000
400.000000000	-1000.000000000	1.711631482	96.621003450	-440.000000000	1.731879586	96.339643679	0.000000000	0.000000000
500.000000000	-1000.000000000	1.710860325	96.621003450	-400.000000000	1.732322317	96.339643679	0.000000000	0.000000000
600.000000000	-1000.000000000	1.709524083	96.621003450	-360.000000000	1.731915004	96.339643679	0.000000000	0.000000000
700.000000000	-1000.000000000	1.710052140	96.621003450	-320.000000000	1.732974339	96.339643679	0.000000000	0.000000000
800.000000000	-1000.000000000	1.708946117	96.621003450	-280.000000000	1.733690758	96.339643679	0.000000000	0.000000000
900.000000000	-1000.000000000	1.708451869	96.621003450	-240.000000000	1.732942140	96.339643679	0.000000000	0.000000000
1000.000000000	-1000.000000000	1.709662537	96.621003450	-200.000000000	1.733412240	96.339643679	0.000000000	0.000000000
-1000.000000000	-900.000000000	1.716899177	97.093436667	-160.000000000	1.734072312	96.339643679	0.000000000	0.000000000
-900.000000000	-900.000000000	1.718710349	97.093436667	-120.000000000	1.734853128	96.339643679	0.000000000	0.000000000
-800.000000000	-900.000000000	1.718665271	97.093436667	-80.000000000	1.736084726	96.339643679	0.000000000	0.000000000
-700.000000000	-900.000000000	1.718394803	97.093436667	-40.000000000	1.736219960	96.339643679	0.000000000	0.000000000
-600.000000000	-900.000000000	1.719616740	97.093436667	0.000000000	1.737086103	96.339643679	0.000000000	0.000000000
-500.000000000	-900.000000000	1.721139735	97.093436667	40.000000000	1.737878189	96.339643679	0.000000000	0.000000000
-400.000000000	-900.000000000	1.722125013	97.093436667	80.000000000	1.736917060	96.339643679	0.000000000	0.000000000
-300.000000000	-900.000000000	1.722740007	97.093436667	120.000000000	1.736768946	96.339643679	0.000000000	0.000000000
-200.000000000	-900.000000000	1.722685269	97.093436667	160.000000000	1.736540336	96.339643679	0.000000000	0.000000000
-100.000000000	-900.000000000	1.723768753	97.093436667	200.000000000	1.736121754	96.339643679	0.000000000	0.000000000
0.000000000	-900.000000000	1.723879838	97.093436667	240.000000000	1.735382796	96.339643679	0.000000000	0.000000000
100.000000000	-900.000000000	1.724274271	97.093436667	280.000000000	1.734927185	96.339643679	0.000000000	0.000000000
200.000000000	-900.000000000	1.724935953	97.093436667	320.000000000	1.735635555	96.339643679	0.000000000	0.000000000
300.000000000	-900.000000000	1.724744371	97.093436667	360.000000000	1.736501698	96.339643679	0.000000000	0.000000000
400.000000000	-900.000000000	1.725042208	97.093436667	400.000000000	1.736834954	96.339643679	0.000000000	0.000000000
500.000000000	-900.000000000	1.723986093	97.093436667	440.000000000	1.736796315	96.339643679	0.000000000	0.000000000
600.000000000	-900.000000000	1.723454816	97.093436667	480.000000000	1.737897508	96.339643679	0.000000000	0.000000000
700.000000000	-900.000000000	1.724279101	97.093436667	520.000000000	1.737179479	96.339643679	0.000000000	0.000000000
800.000000000	-900.000000000	1.723495064	97.093436667	560.000000000	1.738179246	96.339643679	0.000000000	0.000000000
900.000000000	-900.000000000	1.723181128	97.093436667	600.000000000	1.738222714	96.339643679	0.000000000	0.000000000
1000.000000000	-900.000000000	1.723672157	97.093436667	640.000000000	1.738821609	96.339643679	0.000000000	0.000000000
-1000.000000000	-800.000000000	1.729334285	96.834762835	680.000000000	1.739273999	96.339643679	0.000000000	0.000000000
-900.000000000	-800.000000000	1.729236079	96.834762835	720.000000000	1.739602425	96.339643679	0.000000000	0.000000000
-800.000000000	-800.000000000	1.729533916	96.834762835	760.000000000	1.739180623	96.339643679	0.000000000	0.000000000
-700.000000000	-800.000000000	1.729580604	96.834762835	800.000000000	1.739182233	96.339643679	0.000000000	0.000000000
-600.000000000	-800.000000000	1.731169606	96.834762835	840.000000000	1.740859782	96.339643679	0.000000000	0.000000000
-500.000000000	-800.000000000	1.731332209	96.834762835	880.000000000	1.740705228	96.339643679	0.000000000	0.000000000
-400.000000000	-800.000000000	1.732307827	96.834762835	920.000000000	1.740573214	96.339643679	0.000000000	0.000000000
-300.000000000	-800.000000000	1.732612104	96.834762835	960.000000000	1.742047911	96.339643679	0.000000000	0.000000000
-200.000000000	-800.000000000	1.732106586	96.834762835	1000.000000000	1.740940278	96.339643679	0.000000000	0.000000000
-100.000000000	-800.000000000	1.731892465	96.834762835	0.000000000	0.000000000	0.000000000	0.000000000	0.000000000
0.000000000	-800.000000000	1.732092097	96.834762835	0.000000000	0.000000000	0.000000000	0.000000000	0.000000000
100.000000000	-800.000000000	1.733053225	96.834762835	0.000000000	0.000000000	0.000000000	0.000000000	0.000000000
200.000000000	-800.000000000	1.732006770	96.834762835	0.000000000	0.000000000	0.000000000	0.000000000	0.000000000
300.000000000	-800.000000000	1.731802309	96.834762835	0.000000000	0.000000000	0.000000000	0.000000000	0.000000000
400.000000000	-800.000000000	1.731586578	96.834762835	0.000000000	0.000000000	0.000000000	0.000000000	0.000000000
500.000000000	-800.000000000	1.730501485	96.834762835	0.000000000	0.000000000	0.000000000	0.000000000	0.000000000
600.000000000	-800.000000000	1.729929959	96.834762835	0.000000000	0.000000000	0.000000000	0.000000000	0.000000000
700.000000000	-800.000000000	1.729976647	96.834762835	0.000000000	0.000000000	0.000000000	0.000000000	0.000000000
800.000000000	-800.000000000	1.729537136	96.834762835	0.000000000	0.000000000	0.000000000	0.000000000	0.000000000
900.000000000	-800.000000000	1.728777248	96.834762835	0.000000000	0.000000000	0.000000000	0.000000000	0.000000000
1000.000000000	-800.000000000	1.728113957	96.834762835	0.000000000	0.000000000	0.000000000	0.000000000	0.000000000
-1000.000000000	-700.000000000	1.729205490	96.587246078	0.000000000	0.000000000	0.000000000	0.000000000	0.000000000
-900.000000000	-700.000000000	1.729266667	96.587246078	0.000000000	0.000000000	0.000000000	0.000000000	0.000000000
-800.000000000	-700.000000000	1.728986539	96.587246078	0.000000000	0.000000000	0.000000000	0.000000000	0.000000000
-700.000000000	-700.000000000	1.728629135	96.587246078	0.000000000	0.000000000	0.000000000	0.000000000	0.000000000
-600.000000000	-700.000000000	1.729445370	96.587246078	0.000000000	0.000000000	0.000000000	0.000000000	0.000000000
-500.000000000	-700.000000000	1.728716071	96.587246078	0.000000000	0.000000000	0.000000000	0.000000000	0.000000000
-400.000000000	-700.000000000	1.728595326	96.587246078	0.000000000	0.000000000	0.000000000	0.000000000	0.000000000
-300.000000000	-700.000000000	1.728986539	96.587246078	0.000000000	0.000000000	0.000000000	0.000000000	0.000000000
-200.000000000	-700.000000000	1.729591873	96.587246078	0.000000000	0.000000000	0.000000000	0.000000000	0.000000000
-100.000000000	-700.000000000	1.729306916	96.587246078	0.000000000	0.000000000	0.000000000	0.000000000	0.000000000
0.000000000	-700.000000000	1.729405121	96.587246078	0.000000000	0.000000000	0.000000000	0.000000000	0.000000000
100.000000000	-700.000000000	1.729823704	96.587246078	0.000000000	0.000000000	0.000000000	0.000000000	0.000000000
200.000000000	-700.000000000	1.729667540	96.587246078	0.000000000	0.000000000	0.000000000	0.000000000	0.000000000
300.000000000	-700.000000000	1.728992979	96.587246078	0.000000000	0.000000000	0.000000000	0.000000000	0.000000000
400.000000000	-700.000000000	1.727479644	96.587246078	0.000000000	0.000000000	0.000000000	0.000000000	0.000000000
500.000000000	-700.000000000	1.728315198	96.587246078	0.000000000	0.000000000	0.000000000	0.000000000	0.000000000
600.000000000	-700.000000000	1.728555078	96.587246078	0.000000000	0.000000000	0.000000000	0.000000000	0.000000000
700.000000000	-700.000000000	1.725950209	96.587246078	0.000000000	0.000000000	0.000000000	0.000000000	0.000000000
800.000000000	-700.000000000	1.725740918	96.587246078	0.000000000	0.000000000	0.000000000	0.000000000	0.000000000
900.000000000	-700.000000000	1.725620173	96.587246078	0.000000000	0.000000000	0.000000000	0.000000000	0.000000000
1000.000000000	-700.000000000	1.724898924	96.587246078	0.000000000	0.000000000	0.000000000	0.000000000	0.000000000
-1000.000000000	-600.000000000	1.722329474	96.497218649	0.000000000	0.000000000	0.000000000	0.000000000	0.000000000
-900.000000000	-600.000000000	1.721556707	96.497218649	0.000000000	0.000000000	0.000000000	0.000000000	0.000000000
-800.000000000	-600.000000000	1.722638581	96.497218649	0.000000000	0.000000000	0.000000000	0.000000000	0.000000000
-700.000000000	-600.000000000	1.721617885	96.497218649	0.000000000	0.000000000	0.000000000	0.000000000	0.000000000
-600.000000000	-600.000000000	1.722137893	96.497218649	0.000000000	0.000000000	0.000000000	0.000000000	0.000000000
-500.000000000	-600.000000000	1.722174921	96.497218649	0.000000000	0.000000000	0.000000000	0.000000000	0.000000000
-400.000000000	-600.000000000	1.721938261	96.497218649	0.000000000	0.000000000	0.000000000	0.000000000	0.000000000
-300.000000000	-600.000000000	1.722693319	96.497218649	0.000000000	0.000000000	0.000000000	0.000000000	0.000000000
-200.000000000	-600.000000000	1.723351781	96.497218649	0.000000000	0.000000000	0.000000000	0.000000000	0.000000000
-100.000000000	-600.000000000	1.723789682	96.497218649	0.000000000	0.000000000	0.000000000	0.000000000	0.000000000
0.000000000	-600.000000000	1.723226206	96.497218649	0.000000000	0.000000000	0.000000000	0.000000000	0.000000000
100.000000000	-600.000000000	1.723617419	96.497218649	0.000000000	0.000000000	0.000000000	0.000000000	0.000000000
200.000000000	-600.000000000	1.722550035	96.497218649	0.000000000	0.000000000	0.000000000	0.000000000	0.000000000
300.000000000	-600.000000000	1.722830163	96.497218649	0.000000000	0.000000000	0.000000000	0.000000000	0.000000000
400.000000000	-600.000000000	1.721891573	96.497218649	0.000000000	0.000000000	0.000000000	0.000000000	0.000000000
500.000000000	-600.000000000	1.720758182	96.497218649	0.000000000	0.000000000	0.000000000	0.000000000	0.000000000
600.000000000	-600.000000000	1.720180216	96.497218649	0.000000000	0.000000000	0.000000000	0.000000000	0.000000000
700.000000000	-600.000000000	1.720101330	96.497218649	0.000000000	0.000000000	0.000000000	0.000000000	0.000000000
800.000000000	-600.000000000	1.720484493	96.497218649	0.000000000	0.000000000	0.000000000	0.000000000	0.000000000
900.000000000	-600.000000000	1.719763244	96.497218649	0.000000000	0.000000000	0.000000000	0.000000000	0.000000000
1000.000000000	-600.000000000	1.719893649	96.497218649	0.000000000	0.000000000	0.000000000	0.000000000	0.000000000
-1000.000000000	-500.000000000	1.718146873	96.621003450	0.000000000	0.000000000	0.000000000	0.000000000	0.000000000
-900.000000000	-500.000000000	1.719088683	96.621003450	0.000000000	0.000000000	0.000000000	0.000000000	0.000000000
-800.000000000	-500.000000000	1.719141811	96.621003450	0.000000000	0.000000000	0.000000000	0.000000000	0.000000000
-700.000000000	-500.000000000	1.718684590	96.621003450	0.000000000	0.000000000	0.000000000	0.000000000	0.000000000
-600.000000000	-500.000000000	1.719748755	96.621003450	0.000000000	0.000000000	0.000000000	0.000000000	0.000000000
-500.000000000	-500.000000000	1.719212648	96.621003450	0.000000000	0.000000000	0.000000000	0.000000000	0.000000000
-400.000000000	-500.000000000	1.720354089	96.621003450	0.000000000	0.000000000	0.000000000	0.000000000	0.000000000
-300.000000000	-500.000000000	1.720829019	96.621003450	0.000000000	0.000000000	0.000000000	0.000000000	0.000000000
-200.000000000	-500.000000000	1.722382602	96.621003450	0.000000000	0.000000000	0.000000000	0.000000000	0.000000000
-100.000000000	-500.000000000	1.722577404	96.621003450	0.000000000	0.000000000	0.000000000	0.000000000	0.000000000
0.000000000	-500.000000000	1.723675377	96.621003450	0.000000000	0.000000000	0.000000000	0.000000000	0.000000000
100.000000000	-500.000000000	1.723702746	96.621003450	0.000000000	0.000000000	0.000000000	0.000000000	0.000000000
200.000000000	-500.000000000	1.722711028	96.621003450	0.000000000	0.000000000	0.000000000	0.000000000	0.000000000
300.000000000	-500.000000000	1.722358453	96.621003450	0.000000000	0.000000000	0.000000000	0.000000000	0.000000000
400.000000000	-500.000000000	1.721622715	96.621003450	0.000000000	0.000000000	0.000000000	0.000000000	0.000000000
500.000000000	-500.000000000	1.721031870	96.621003450	0.000000000	0.000000000	0.000000000	0.000000000	0.000000000
600.000000000	-500.000000000	1.721601785	96.621003450	0.000000000	0.000000000	0.000000000	0.000000000	0.000000000
700.000000000	-500.000000000	1.720642267	96.621003450	0.000000000	0.000000000	0.000000000	0.000000000	0.000000000
800.000000000	-500.000000000	1.721384445	96.621003450	0.000000000	0.000000000	0.000000000	0.000000000	0.000000000
900.000000000	-500.000000000	1.720977132	96.621003450	0.000000000	0.000000000	0.000000000	0.000000000	0.000000000
1000.000000000	-500.000000000	1.721104317	96.621003450	0.000000000	0.000000000	0.000000000	0.000000000	0.000000000
-1000.000000000	-400.000000000	1.723158589	96.823513959	0.000000000	0.000000000	0.000000000	0.000000000	0.000000000
-900.000000000	-400.000000000	1.722513006	96.823513959	0.000000000	0.000000000	0.000000000	0.000000000	0.000000000
-800.000000000	-400.000000000	1.723234256	96.823513959	0.000000000	0.000000000	0.000000000	0.000000000	0.000000000
-700.000000000	-400.000000000	1.724147087	96.823513959	0.000000000	0.000000000	0.000000000	0.000000000	0.000000000
-600.000000000	-400.000000000	1.723701136	96.823513959	0.000000000	0.000000000	0.000000000	0.000000000	0.000000000
-500.000000000	-400.000000000	1.724565669	96.823513959	0.000000000	0.000000000	0.000000000	0.000000000	0.000000000
-400.000000000	-400.000000000	1.724443314	96.823513959	0.000000000	0.000000000	0.000000000	0.000000000	0.000000000
-300.000000000	-400.000000000	1.726811522	96.823513959	0.000000000	0.000000000	0.000000000	0.000000000	0.000000000
-200.000000000	-400.000000000	1.727642247	96.823513959	0.000000000	0.000000000	0.000000000	0.000000000	0.000000000
-100.000000000	-400.000000000	1.727484474	96.823513959	0.000000000	0.000000000	0.000000000	0.000000000	0.000000000
0.000000000	-400.000000000	1.728741830	96.823513959	0.000000000	0.000000000	0.000000000	0.000000000	0.000000000
100.000000000	-400.000000000	1.729511377	96.823513959	0.000000000	0.000000000	0.000000000	0.000000000	0.000000000
200.000000000	-400.000000000	1.727914325	96.823513959	0.000000000	0.000000000	0.000000000	0.000000000	0.000000000
300.000000000	-400.000000000	1.727457105	96.823513959	0.000000000	0.000000000	0.000000000	0.000000000	0.000000000
400.000000000	-400.000000000	1.727521502	96.823513959	0.000000000	0.000000000	0.000000000	0.000000000	0.000000000
500.000000000	-400.000000000	1.726592572	96.823513959	0.000000000	0.000000000	0.000000000	0.000000000	0.000000000
600.000000000	-400.000000000	1.727044962	96.823513959	0.000000000	0.000000000	0.000000000	0.000000000	0.000000000
700.000000000	-400.000000000	1.726024266	96.823513959	0.000000000	0.000000000	0.000000000	0.000000000	0.000000000
800.000000000	-400.000000000	1.727220445	96.823513959	0.000000000	0.000000000	0.000000000	0.000000000	0.000000000
900.000000000	-400.000000000	1.727616488	96.823513959	0.000000000	0.000000000	0.000000000	0.000000000	0.000000000
1000.000000000	-400.000000000	1.726695607	96.823513959	0.000000000	0.000000000	0.000000000	0.000000000	0.000000000
-1000.000000000	-300.000000000	1.732108196	96.699764429	0.000000000	0.000000000	0.000000000	0.000000000	0.000000000
-900.000000000	-300.000000000	1.732301388	96.699764429	0.000000000	0.000000000	0.000000000	0.000000000	0.000000000
-800.000000000	-300.000000000	1.732531608	96.699764429	0.000000000	0.000000000	0.000000000	0.000000000	0.000000000
-700.000000000	-300.000000000	1.732587955	96.699764429	0.000000000	0.000000000	0.000000000	0.000000000	0.000000000
-600.000000000	-300.000000000	1.733642460	96.699764429	0.000000000	0.000000000	0.000000000	0.000000000	0.000000000
-500.000000000	-300.000000000	1.732351295	96.699764429	0.000000000	0.000000000	0.000000000	0.000000000	0.000000000
-400.000000000	-300.000000000	1.734674426	96.699764429	0.000000000	0.000000000	0.000000000	0.000000000	0.000000000
-300.000000000	-300.000000000	1.734339560	96.699764429	0.000000000	0.000000000	0.000000000	0.000000000	0.000000000
-200.000000000	-300.000000000	1.735442363	96.699764429	0.000000000	0.000000000	0.000000000	0.000000000	0.000000000
-100.000000000	-300.000000000	1.736445350	96.699764429	0.000000000	0.000000000	0.000000000	0.000000000	0.000000000
0.000000000	-300.000000000	1.737681777	96.699764429	0.000000000	0.000000000	0.000000000	0.000000000	0.000000000
100.000000000	-300.000000000	1.737585182	96.699764429	0.000000000	0.000000000	0.000000000	0.000000000	0.000000000
200.000000000	-300.000000000	1.736020329	96.699764429	0.000000000	0.000000000	0.000000000	0.000000000	0.000000000
300.000000000	-300.000000000	1.735584037	96.699764429	0.000000000	0.000000000	0.000000000	0.000000000	0.000000000
400.000000000	-300.000000000	1.734072312	96.699764429	0.000000000	0.000000000	0.000000000	0.000000000	0.000000000
500.000000000	-300.000000000	1.734713064	96.699764429	0.000000000	0.000000000	0.000000000	0.000000000	0.000000000
600.000000000	-300.000000000	1.734181787	96.699764429	0.000000000	0.000000000	0.000000000	0.000000000	0.000000000
700.000000000	-300.000000000	1.734498944	96.699764429	0.000000000	0.000000000	0.000000000	0.000000000	0.000000000
800.000000000	-300.000000000	1.734410397	96.699764429	0.000000000	0.000000000	0.000000000	0.000000000	0.000000000
900.000000000	-300.000000000	1.734294482	96.699764429	0.000000000	0.000000000	0.000000000	0.000000000	0.000000000
1000.000000000	-300.000000000	1.733550694	96.699764429	0.000000000	0.000000000	0.000000000	0.000000000	0.000000000
-1000.000000000	-200.000000000	1.731993891	96.621003450	0.000000000	0.000000000	0.000000000	0.000000000	0.000000000
-900.000000000	-200.000000000	1.732889012	96.621003450	0.000000000	0.000000000	0.000000000	0.000000000	0.000000000
-800.000000000	-200.000000000	1.732848764	96.621003450	0.000000000	0.000000000	0.000000000	0.000000000	0.000000000
-700.000000000	-200.000000000	1.732364175	96.621003450	0.000000000	0.000000000	0.000000000	0.000000000	0.000000000
-600.000000000	-200.000000000	1.734078752	96.621003450	0.000000000	0.000000000	0.000000000	0.000000000	0.000000000
-500.000000000	-200.000000000	1.733975716	96.621003450	0.000000000	0.000000000	0.000000000	0.000000000	0.000000000
-400.000000000	-200.000000000	1.733465368	96.621003450	0.000000000	0.000000000	0.000000000	0.000000000	0.000000000
-300.000000000	-200.000000000	1.733850141	96.621003450	0.000000000	0.000000000	0.000000000	0.000000000	0.000000000
-200.000000000	-200.000000000	1.734288043	96.621003450	0.000000000	0.000000000	0.000000000	0.000000000	0.000000000
-100.000000000	-200.000000000	1.735677413	96.621003450	0.000000000	0.000000000	0.000000000	0.000000000	0.000000000
0.000000000	-200.000000000	1.736099215	96.621003450	0.000000000	0.000000000	0.000000000	0.000000000	0.000000000
100.000000000	-200.000000000	1.734909476	96.621003450	0.000000000	0.000000000	0.000000000	0.000000000	0.000000000
200.000000000	-200.000000000	1.734901426	96.621003450	0.000000000	0.000000000	0.000000000	0.000000000	0.000000000
300.000000000	-200.000000000	1.733922588	96.621003450	0.000000000	0.000000000	0.000000000	0.000000000	0.000000000
400.000000000	-200.000000000	1.733716517	96.621003450	0.000000000	0.000000000	0.000000000	0.000000000	0.000000000
500.000000000	-200.000000000	1.733689148	96.621003450	0.000000000	0.000000000	0.000000000	0.000000000	0.000000000
600.000000000	-200.000000000	1.732942140	96.621003450	0.000000000	0.000000000	0.000000000	0.000000000	0.000000000
700.000000000	-200.000000000	1.732360955	96.621003450	0.000000000	0.000000000	0.000000000	0.000000000	0.000000000
800.000000000	-200.000000000	1.732022869	96.621003450	0.000000000	0.000000000	0.000000000	0.000000000	0.000000000
900.000000000	-200.000000000	1.732567026	96.621003450	0.000000000	0.000000000	0.000000000	0.000000000	0.000000000
1000.000000000	-200.000000000	1.732718360	96.621003450	0.000000000	0.000000000	0.000000000	0.000000000	0.000000000
-1000.000000000	-100.000000000	1.728332907	96.553487114	0.000000000	0.000000000	0.000000000	0.000000000	0.000000000
-900.000000000	-100.000000000	1.727651907	96.553487114	0.000000000	0.000000000	0.000000000	0.000000000	0.000000000
-800.000000000	-100.000000000	1.727880517	96.553487114	0.000000000	0.000000000	0.000000000	0.000000000	0.000000000
-700.000000000	-100.000000000	1.728096247	96.553487114	0.000000000	0.000000000	0.000000000	0.000000000	0.000000000
-600.000000000	-100.000000000	1.727899836	96.553487114	0.000000000	0.000000000	0.000000000	0.000000000	0.000000000
-500.000000000	-100.000000000	1.728107517	96.553487114	0.000000000	0.000000000	0.000000000	0.000000000	0.000000000
-400.000000000	-100.000000000	1.727412027	96.553487114	0.000000000	0.000000000	0.000000000	0.000000000	0.000000000
-300.000000000	-100.000000000	1.727642247	96.553487114	0.000000000	0.000000000	0.000000000	0.000000000	0.000000000
-200.000000000	-100.000000000	1.728149375	96.553487114	0.000000000	0.000000000	0.000000000	0.000000000	0.000000000
-100.000000000	-100.000000000	1.728696752	96.553487114	0.000000000	0.000000000	0.000000000	0.000000000	0.000000000
0.000000000	-100.000000000	1.730504704	96.553487114	0.000000000	0.000000000	0.000000000	0.000000000	0.000000000
100.000000000	-100.000000000	1.729257008	96.553487114	0.000000000	0.000000000	0.000000000	0.000000000	0.000000000
200.000000000	-100.000000000	1.727800020	96.553487114	0.000000000	0.000000000	0.000000000	0.000000000	0.000000000
300.000000000	-100.000000000	1.726618331	96.553487114	0.000000000	0.000000000	0.000000000	0.000000000	0.000000000
400.000000000	-100.000000000	1.725864883	96.553487114	0.000000000	0.000000000	0.000000000	0.000000000	0.000000000
500.000000000	-100.000000000	1.725349705	96.553487114	0.000000000	0.000000000	0.000000000	0.000000000	0.000000000
600.000000000	-100.000000000	1.724671924	96.553487114	0.000000000	0.000000000	0.000000000	0.000000000	0.000000000
700.000000000	-100.000000000	1.725375464	96.553487114	0.000000000	0.000000000	0.000000000	0.000000000	0.000000000
800.000000000	-100.000000000	1.724762080	96.553487114	0.000000000	0.000000000	0.000000000	0.000000000	0.000000000
900.000000000	-100.000000000	1.724737931	96.553487114	0.000000000	0.000000000	0.000000000	0.000000000	0.000000000
1000.000000000	-100.000000000	1.724691243	96.553487114	0.000000000	0.000000000	0.000000000	0.000000000	0.000000000
-1000.000000000	0.000000000	1.724924683	96.699764429	0.000000000	0.000000000	0.000000000	0.000000000	0.000000000
-900.000000000	0.000000000	1.724778179	96.699764429	0.000000000	0.000000000	0.000000000	0.000000000	0.000000000
-800.000000000	0.000000000	1.725035768	96.699764429	0.000000000	0.000000000	0.000000000	0.000000000	0.000000000
-700.000000000	0.000000000	1.724836137	96.699764429	0.000000000	0.000000000	0.000000000	0.000000000	0.000000000
-600.000000000	0.000000000	1.724011852	96.699764429	0.000000000	0.000000000	0.000000000	0.000000000	0.000000000
-500.000000000	0.000000000	1.724164796	96.699764429	0.000000000	0.000000000	0.000000000	0.000000000	0.000000000
-400.000000000	0.000000000	1.724613967	96.699764429	0.000000000	0.000000000	0.000000000	0.000000000	0.000000000
-300.000000000	0.000000000	1.724860286	96.699764429	0.000000000	0.000000000	0.000000000	0.000000000	0.000000000
-200.000000000	0.000000000	1.725616954	96.699764429	0.000000000	0.000000000	0.000000000	0.000000000	0.000000000
-100.000000000	0.000000000	1.725605684	96.699764429	0.000000000	0.000000000	0.000000000	0.000000000	0.000000000
0.000000000	0.000000000	1.728754709	96.699764429	0.000000000	0.000000000	0.000000000	0.000000000	0.000000000
100.000000000	0.000000000	1.726531394	96.699764429	0.000000000	0.000000000	0.000000000	0.000000000	0.000000000
200.000000000	0.000000000	1.725341655	96.699764429	0.000000000	0.000000000	0.000000000	0.000000000	0.000000000
300.000000000	0.000000000	1.725164563	96.699764429	0.000000000	0.000000000	0.000000000	0.000000000	0.000000000
400.000000000	0.000000000	1.724694463	96.699764429	0.000000000	0.000000000	0.000000000	0.000000000	0.000000000
500.000000000	0.000000000	1.724757250	96.699764429	0.000000000	0.000000000	0.000000000	0.000000000	0.000000000
600.000000000	0.000000000	1.725275648	96.699764429	0.000000000	0.000000000	0.000000000	0.000000000	0.000000000
700.000000000	0.000000000	1.724512541	96.699764429	0.000000000	0.000000000	0.000000000	0.000000000	0.000000000
800.000000000	0.000000000	1.724820038	96.699764429	0.000000000	0.000000000	0.000000000	0.000000000	0.000000000
900.000000000	0.000000000	1.724380527	96.699764429	0.000000000	0.000000000	0.000000000	0.000000000	0.000000000
1000.000000000	0.000000000	1.724417555	96.699764429	0.000000000	0.000000000	0.000000000	0.000000000	0.000000000
-1000.000000000	100.000000000	1.726111202	96.891004497	0.000000000	0.000000000	0.000000000	0.000000000	0.000000000
-900.000000000	100.000000000	1.726846941	96.891004497	0.000000000	0.000000000	0.000000000	0.000000000	0.000000000
-800.000000000	100.000000000	1.727346020	96.891004497	0.000000000	0.000000000	0.000000000	0.000000000	0.000000000
-700.000000000	100.000000000	1.726742295	96.891004497	0.000000000	0.000000000	0.000000000	0.000000000	0.000000000
-600.000000000	100.000000000	1.727661566	96.891004497	0.000000000	0.000000000	0.000000000	0.000000000	0.000000000
-500.000000000	100.000000000	1.727374998	96.891004497	0.000000000	0.000000000	0.000000000	0.000000000	0.000000000
-400.000000000	100.000000000	1.727632587	96.891004497	0.000000000	0.000000000	0.000000000	0.000000000	0.000000000
-300.000000000	100.000000000	1.726826012	96.891004497	0.000000000	0.000000000	0.000000000	0.000000000	0.000000000
-200.000000000	100.000000000	1.728345787	96.891004497	0.000000000	0.000000000	0.000000000	0.000000000	0.000000000
-100.000000000	100.000000000	1.729843023	96.891004497	0.000000000	0.000000000	0.000000000	0.000000000	0.000000000
0.000000000	100.000000000	1.732113026	96.891004497	0.000000000	0.000000000	0.000000000	0.000000000	0.000000000
100.000000000	100.000000000	1.731362798	96.891004497	0.000000000	0.000000000	0.000000000	0.000000000	0.000000000
200.000000000	100.000000000	1.729551625	96.891004497	0.000000000	0.000000000	0.000000000	0.000000000	0.000000000
300.000000000	100.000000000	1.729442150	96.891004497	0.000000000	0.000000000	0.000000000	0.000000000	0.000000000
400.000000000	100.000000000	1.729331065	96.891004497	0.000000000	0.000000000	0.000000000	0.000000000	0.000000000
500.000000000	100.000000000	1.729854292	96.891004497	0.000000000	0.000000000	0.000000000	0.000000000	0.000000000
600.000000000	100.000000000	1.730295413	96.891004497	0.000000000	0.000000000	0.000000000	0.000000000	0.000000000
700.000000000	100.000000000	1.728888334	96.891004497	0.000000000	0.000000000	0.000000000	0.000000000	0.000000000
800.000000000	100.000000000	1.729422831	96.891004497	0.000000000	0.000000000	0.000000000	0.000000000	0.000000000
900.000000000	100.000000000	1.729572554	96.891004497	0.000000000	0.000000000	0.000000000	0.000000000	0.000000000
1000.000000000	100.000000000	1.728350617	96.891004497	0.000000000	0.000000000	0.000000000	0.000000000	0.000000000
-1000.000000000	200.000000000	1.731869926	96.823513959	0.000000000	0.000000000	0.000000000	0.000000000	0.000000000
-900.000000000	200.000000000	1.732747339	96.823513959	0.000000000	0.000000000	0.000000000	0.000000000	0.000000000
-800.000000000	200.000000000	1.733792184	96.823513959	0.000000000	0.000000000	0.000000000	0.000000000	0.000000000
-700.000000000	200.000000000	1.733685928	96.823513959	0.000000000	0.000000000	0.000000000	0.000000000	0.000000000
-600.000000000	200.000000000	1.734447426	96.823513959	0.000000000	0.000000000	0.000000000	0.000000000	0.000000000
-500.000000000	200.000000000	1.733980546	96.823513959	0.000000000	0.000000000	0.000000000	0.000000000	0.000000000
-400.000000000	200.000000000	1.735315179	96.823513959	0.000000000	0.000000000	0.000000000	0.000000000	0.000000000
-300.000000000	200.000000000	1.734700185	96.823513959	0.000000000	0.000000000	0.000000000	0.000000000	0.000000000
-200.000000000	200.000000000	1.735418214	96.823513959	0.000000000	0.000000000	0.000000000	0.000000000	0.000000000
-100.000000000	200.000000000	1.737454777	96.823513959	0.000000000	0.000000000	0.000000000	0.000000000	0.000000000
0.000000000	200.000000000	1.738320920	96.823513959	0.000000000	0.000000000	0.000000000	0.000000000	0.000000000
100.000000000	200.000000000	1.736644982	96.823513959	0.000000000	0.000000000	0.000000000	0.000000000	0.000000000
200.000000000	200.000000000	1.734317021	96.823513959	0.000000000	0.000000000	0.000000000	0.000000000	0.000000000
300.000000000	200.000000000	1.734341170	96.823513959	0.000000000	0.000000000	0.000000000	0.000000000	0.000000000
400.000000000	200.000000000	1.734317021	96.823513959	0.000000000	0.000000000	0.000000000	0.000000000	0.000000000
500.000000000	200.000000000	1.734431326	96.823513959	0.000000000	0.000000000	0.000000000	0.000000000	0.000000000
600.000000000	200.000000000	1.734341170	96.823513959	0.000000000	0.000000000	0.000000000	0.000000000	0.000000000
700.000000000	200.000000000	1.734450646	96.823513959	0.000000000	0.000000000	0.000000000	0.000000000	0.000000000
800.000000000	200.000000000	1.735450413	96.823513959	0.000000000	0.000000000	0.000000000	0.000000000	0.000000000
900.000000000	200.000000000	1.733759985	96.823513959	0.000000000	0.000000000	0.000000000	0.000000000	0.000000000
1000.000000000	200.000000000	1.734204326	96.823513959	0.000000000	0.000000000	0.000000000	0.000000000	0.000000000
-1000.000000000	300.000000000	1.734267113	96.621003450	0.000000000	0.000000000	0.000000000	0.000000000	0.000000000
-900.000000000	300.000000000	1.735078519	96.621003450	0.000000000	0.000000000	0.000000000	0.000000000	0.000000000
-800.000000000	300.000000000	1.733943517	96.621003450	0.000000000	0.000000000	0.000000000	0.000000000	0.000000000
-700.000000000	300.000000000	1.733679489	96.621003450	0.000000000	0.000000000	0.000000000	0.000000000	0.000000000
-600.000000000	300.000000000	1.733711687	96.621003450	0.000000000	0.000000000	0.000000000	0.000000000	0.000000000
-500.000000000	300.000000000	1.734880497	96.621003450	0.000000000	0.000000000	0.000000000	0.000000000	0.000000000
-400.000000000	300.000000000	1.734622908	96.621003450	0.000000000	0.000000000	0.000000000	0.000000000	0.000000000
-300.000000000	300.000000000	1.735083349	96.621003450	0.000000000	0.000000000	0.000000000	0.000000000	0.000000000
-200.000000000	300.000000000	1.735736981	96.621003450	0.000000000	0.000000000	0.000000000	0.000000000	0.000000000
-100.000000000	300.000000000	1.735738591	96.621003450	0.000000000	0.000000000	0.000000000	0.000000000	0.000000000
0.000000000	300.000000000	1.736582194	96.621003450	0.000000000	0.000000000	0.000000000	0.000000000	0.000000000
100.000000000	300.000000000	1.735629115	96.621003450	0.000000000	0.000000000	0.000000000	0.000000000	0.000000000
200.000000000	300.000000000	1.735254001	96.621003450	0.000000000	0.000000000	0.000000000	0.000000000	0.000000000
300.000000000	300.000000000	1.734640618	96.621003450	0.000000000	0.000000000	0.000000000	0.000000000	0.000000000
400.000000000	300.000000000	1.733835652	96.621003450	0.000000000	0.000000000	0.000000000	0.000000000	0.000000000
500.000000000	300.000000000	1.734138319	96.621003450	0.000000000	0.000000000	0.000000000	0.000000000	0.000000000
600.000000000	300.000000000	1.733230318	96.621003450	0.000000000	0.000000000	0.000000000	0.000000000	0.000000000
700.000000000	300.000000000	1.733022637	96.621003450	0.000000000	0.000000000	0.000000000	0.000000000	0.000000000
800.000000000	300.000000000	1.731897295	96.621003450	0.000000000	0.000000000	0.000000000	0.000000000	0.000000000
900.000000000	300.000000000	1.731815188	96.621003450	0.000000000	0.000000000	0.000000000	0.000000000	0.000000000
1000.000000000	300.000000000	1.731995501	96.621003450	0.000000000	0.000000000	0.000000000	0.000000000	0.000000000
-1000.000000000	400.000000000	1.730192378	96.564740279	0.000000000	0.000000000	0.000000000	0.000000000	0.000000000
-900.000000000	400.000000000	1.730982854	96.564740279	0.000000000	0.000000000	0.000000000	0.000000000	0.000000000
-800.000000000	400.000000000	1.730417768	96.564740279	0.000000000	0.000000000	0.000000000	0.000000000	0.000000000
-700.000000000	400.000000000	1.730165009	96.564740279	0.000000000	0.000000000	0.000000000	0.000000000	0.000000000
-600.000000000	400.000000000	1.730214917	96.564740279	0.000000000	0.000000000	0.000000000	0.000000000	0.000000000
-500.000000000	400.000000000	1.730057144	96.564740279	0.000000000	0.000000000	0.000000000	0.000000000	0.000000000
-400.000000000	400.000000000	1.730664088	96.564740279	0.000000000	0.000000000	0.000000000	0.000000000	0.000000000
-300.000000000	400.000000000	1.729474349	96.564740279	0.000000000	0.000000000	0.000000000	0.000000000	0.000000000
-200.000000000	400.000000000	1.730958705	96.564740279	0.000000000	0.000000000	0.000000000	0.000000000	0.000000000
-100.000000000	400.000000000	1.731002173	96.564740279	0.000000000	0.000000000	0.000000000	0.000000000	0.000000000
0.000000000	400.000000000	1.731390167	96.564740279	0.000000000	0.000000000	0.000000000	0.000000000	0.000000000
100.000000000	400.000000000	1.731760451	96.564740279	0.000000000	0.000000000	0.000000000	0.000000000	0.000000000
200.000000000	400.000000000	1.730986074	96.564740279	0.000000000	0.000000000	0.000000000	0.000000000	0.000000000
300.000000000	400.000000000	1.730454797	96.564740279	0.000000000	0.000000000	0.000000000	0.000000000	0.000000000
400.000000000	400.000000000	1.728909263	96.564740279	0.000000000	0.000000000	0.000000000	0.000000000	0.000000000
500.000000000	400.000000000	1.728667773	96.564740279	0.000000000	0.000000000	0.000000000	0.000000000	0.000000000
600.000000000	400.000000000	1.727452275	96.564740279	0.000000000	0.000000000	0.000000000	0.000000000	0.000000000
700.000000000	400.000000000	1.727194686	96.564740279	0.000000000	0.000000000	0.000000000	0.000000000	0.000000000
800.000000000	400.000000000	1.726394550	96.564740279	0.000000000	0.000000000	0.000000000	0.000000000	0.000000000
900.000000000	400.000000000	1.727403977	96.564740279	0.000000000	0.000000000	0.000000000	0.000000000	0.000000000
1000.000000000	400.000000000	1.727255863	96.564740279	0.000000000	0.000000000	0.000000000	0.000000000	0.000000000
-1000.000000000	500.000000000	1.724879605	12.111526350	0.000000000	0.000000000	0.000000000	0.000000000	0.000000000
-900.000000000	500.000000000	1.725560606	12.111526350	0.000000000	0.000000000	0.000000000	0.000000000	0.000000000
-800.000000000	500.000000000	1.724708952	12.111526350	0.000000000	0.000000000	0.000000000	0.000000000	0.000000000
-700.000000000	500.000000000	1.724615576	12.111526350	0.000000000	0.000000000	0.000000000	0.000000000	0.000000000
-600.000000000	500.000000000	1.725346485	12.111526350	0.000000000	0.000000000	0.000000000	0.000000000	0.000000000
-500.000000000	500.000000000	1.726064514	12.111526350	0.000000000	0.000000000	0.000000000	0.000000000	0.000000000
-400.000000000	500.000000000	1.726755175	12.111526350	0.000000000	0.000000000	0.000000000	0.000000000	0.000000000
-300.000000000	500.000000000	1.727780701	12.111526350	0.000000000	0.000000000	0.000000000	0.000000000	0.000000000
-200.000000000	500.000000000	1.728070489	12.111526350	0.000000000	0.000000000	0.000000000	0.000000000	0.000000000
-100.000000000	500.000000000	1.730153739	12.111526350	0.000000000	0.000000000	0.000000000	0.000000000	0.000000000
0.000000000	500.000000000	1.729678810	12.111526350	0.000000000	0.000000000	0.000000000	0.000000000	0.000000000
100.000000000	500.000000000	1.730100612	12.111526350	0.000000000	0.000000000	0.000000000	0.000000000	0.000000000
200.000000000	500.000000000	1.730461236	12.111526350	0.000000000	0.000000000	0.000000000	0.000000000	0.000000000
300.000000000	500.000000000	1.729002639	12.111526350	0.000000000	0.000000000	0.000000000	0.000000000	0.000000000
400.000000000	500.000000000	1.729265057	12.111526350	0.000000000	0.000000000	0.000000000	0.000000000	0.000000000
500.000000000	500.000000000	1.729308526	12.111526350	0.000000000	0.000000000	0.000000000	0.000000000	0.000000000
600.000000000	500.000000000	1.729009078	12.111526350	0.000000000	0.000000000	0.000000000	0.000000000	0.000000000
700.000000000	500.000000000	1.728954341	12.111526350	0.000000000	0.000000000	0.000000000	0.000000000	0.000000000
800.000000000	500.000000000	1.728757929	12.111526350	0.000000000	0.000000000	0.000000000	0.000000000	0.000000000
900.000000000	500.000000000	1.728542198	12.111526350	0.000000000	0.000000000	0.000000000	0.000000000	0.000000000
1000.000000000	500.000000000	1.729044497	12.111526350	0.000000000	0.000000000	0.000000000	0.000000000	0.000000000
-1000.000000000	600.000000000	1.731250103	96.935994555	0.000000000	0.000000000	0.000000000	0.000000000	0.000000000
-900.000000000	600.000000000	1.733190070	96.935994555	0.000000000	0.000000000	0.000000000	0.000000000	0.000000000
-800.000000000	600.000000000	1.734606809	96.935994555	0.000000000	0.000000000	0.000000000	0.000000000	0.000000000
-700.000000000	600.000000000	1.733175580	96.935994555	0.000000000	0.000000000	0.000000000	0.000000000	0.000000000
-600.000000000	600.000000000	1.734286433	96.935994555	0.000000000	0.000000000	0.000000000	0.000000000	0.000000000
-500.000000000	600.000000000	1.735461682	96.935994555	0.000000000	0.000000000	0.000000000	0.000000000	0.000000000
-400.000000000	600.000000000	1.735265271	96.935994555	0.000000000	0.000000000	0.000000000	0.000000000	0.000000000
-300.000000000	600.000000000	1.735962371	96.935994555	0.000000000	0.000000000	0.000000000	0.000000000	0.000000000
-200.000000000	600.000000000	1.737045855	96.935994555	0.000000000	0.000000000	0.000000000	0.000000000	0.000000000
-100.000000000	600.000000000	1.737968345	96.935994555	0.000000000	0.000000000	0.000000000	0.000000000	0.000000000
0.000000000	600.000000000	1.738119679	96.935994555	0.000000000	0.000000000	0.000000000	0.000000000	0.000000000
100.000000000	600.000000000	1.738324140	96.935994555	0.000000000	0.000000000	0.000000000	0.000000000	0.000000000
200.000000000	600.000000000	1.737100592	96.935994555	0.000000000	0.000000000	0.000000000	0.000000000	0.000000000
300.000000000	600.000000000	1.736508138	96.935994555	0.000000000	0.000000000	0.000000000	0.000000000	0.000000000
400.000000000	600.000000000	1.735939832	96.935994555	0.000000000	0.000000000	0.000000000	0.000000000	0.000000000
500.000000000	600.000000000	1.735031831	96.935994555	0.000000000	0.000000000	0.000000000	0.000000000	0.000000000
600.000000000	600.000000000	1.735791718	96.935994555	0.000000000	0.000000000	0.000000000	0.000000000	0.000000000
700.000000000	600.000000000	1.736350364	96.935994555	0.000000000	0.000000000	0.000000000	0.000000000	0.000000000
800.000000000	600.000000000	1.735149356	96.935994555	0.000000000	0.000000000	0.000000000	0.000000000	0.000000000
900.000000000	600.000000000	1.735068859	96.935994555	0.000000000	0.000000000	0.000000000	0.000000000	0.000000000
1000.000000000	600.000000000	1.735225023	96.935994555	0.000000000	0.000000000	0.000000000	0.000000000	0.000000000
-1000.000000000	700.000000000	1.738895666	96.823513959	0.000000000	0.000000000	0.000000000	0.000000000	0.000000000
-900.000000000	700.000000000	1.738770091	96.823513959	0.000000000	0.000000000	0.000000000	0.000000000	0.000000000
-800.000000000	700.000000000	1.739710291	96.823513959	0.000000000	0.000000000	0.000000000	0.000000000	0.000000000
-700.000000000	700.000000000	1.739676482	96.823513959	0.000000000	0.000000000	0.000000000	0.000000000	0.000000000
-600.000000000	700.000000000	1.739446262	96.823513959	0.000000000	0.000000000	0.000000000	0.000000000	0.000000000
-500.000000000	700.000000000	1.740452469	96.823513959	0.000000000	0.000000000	0.000000000	0.000000000	0.000000000
-400.000000000	700.000000000	1.741115761	96.823513959	0.000000000	0.000000000	0.000000000	0.000000000	0.000000000
-300.000000000	700.000000000	1.742633926	96.823513959	0.000000000	0.000000000	0.000000000	0.000000000	0.000000000
-200.000000000	700.000000000	1.742102648	96.823513959	0.000000000	0.000000000	0.000000000	0.000000000	0.000000000
-100.000000000	700.000000000	1.742485812	96.823513959	0.000000000	0.000000000	0.000000000	0.000000000	0.000000000
0.000000000	700.000000000	1.742637146	96.823513959	0.000000000	0.000000000	0.000000000	0.000000000	0.000000000
100.000000000	700.000000000	1.742101039	96.823513959	0.000000000	0.000000000	0.000000000	0.000000000	0.000000000
200.000000000	700.000000000	1.743329416	96.823513959	0.000000000	0.000000000	0.000000000	0.000000000	0.000000000
300.000000000	700.000000000	1.742645195	96.823513959	0.000000000	0.000000000	0.000000000	0.000000000	0.000000000
400.000000000	700.000000000	1.743194182	96.823513959	0.000000000	0.000000000	0.000000000	0.000000000	0.000000000
500.000000000	700.000000000	1.742976841	96.823513959	0.000000000	0.000000000	0.000000000	0.000000000	0.000000000
600.000000000	700.000000000	1.742667734	96.823513959	0.000000000	0.000000000	0.000000000	0.000000000	0.000000000
700.000000000	700.000000000	1.742247542	96.823513959	0.000000000	0.000000000	0.000000000	0.000000000	0.000000000
800.000000000	700.000000000	1.741057803	96.823513959	0.000000000	0.000000000	0.000000000	0.000000000	0.000000000
900.000000000	700.000000000	1.742128407	96.823513959	0.000000000	0.000000000	0.000000000	0.000000000	0.000000000
1000.000000000	700.000000000	1.741582641	96.823513959	0.000000000	0.000000000	0.000000000	0.000000000	0.000000000
-1000.000000000	800.000000000	1.741223626	96.575993267	0.000000000	0.000000000	0.000000000	0.000000000	0.000000000
-900.000000000	800.000000000	1.741341151	96.575993267	0.000000000	0.000000000	0.000000000	0.000000000	0.000000000
-800.000000000	800.000000000	1.741154399	96.575993267	0.000000000	0.000000000	0.000000000	0.000000000	0.000000000
-700.000000000	800.000000000	1.740996626	96.575993267	0.000000000	0.000000000	0.000000000	0.000000000	0.000000000
-600.000000000	800.000000000	1.742509961	96.575993267	0.000000000	0.000000000	0.000000000	0.000000000	0.000000000
-500.000000000	800.000000000	1.742410145	96.575993267	0.000000000	0.000000000	0.000000000	0.000000000	0.000000000
-400.000000000	800.000000000	1.742266861	96.575993267	0.000000000	0.000000000	0.000000000	0.000000000	0.000000000
-300.000000000	800.000000000	1.742621046	96.575993267	0.000000000	0.000000000	0.000000000	0.000000000	0.000000000
-200.000000000	800.000000000	1.742534110	96.575993267	0.000000000	0.000000000	0.000000000	0.000000000	0.000000000
-100.000000000	800.000000000	1.743527438	96.575993267	0.000000000	0.000000000	0.000000000	0.000000000	0.000000000
0.000000000	800.000000000	1.743548367	96.575993267	0.000000000	0.000000000	0.000000000	0.000000000	0.000000000
100.000000000	800.000000000	1.742213734	96.575993267	0.000000000	0.000000000	0.000000000	0.000000000	0.000000000
200.000000000	800.000000000	1.742476152	96.575993267	0.000000000	0.000000000	0.000000000	0.000000000	0.000000000
300.000000000	800.000000000	1.741226846	96.575993267	0.000000000	0.000000000	0.000000000	0.000000000	0.000000000
400.000000000	800.000000000	1.740532966	96.575993267	0.000000000	0.000000000	0.000000000	0.000000000	0.000000000
500.000000000	800.000000000	1.740595753	96.575993267	0.000000000	0.000000000	0.000000000	0.000000000	0.000000000
600.000000000	800.000000000	1.740230298	96.575993267	0.000000000	0.000000000	0.000000000	0.000000000	0.000000000
700.000000000	800.000000000	1.739536418	96.575993267	0.000000000	0.000000000	0.000000000	0.000000000	0.000000000
800.000000000	800.000000000	1.737997324	96.575993267	0.000000000	0.000000000	0.000000000	0.000000000	0.000000000
900.000000000	800.000000000	1.738163147	96.575993267	0.000000000	0.000000000	0.000000000	0.000000000	0.000000000
1000.000000000	800.000000000	1.737152110	96.575993267	0.000000000	0.000000000	0.000000000	0.000000000	0.000000000
-1000.000000000	900.000000000	1.734761362	96.542233773	0.000000000	0.000000000	0.000000000	0.000000000	0.000000000
-900.000000000	900.000000000	1.734593930	96.542233773	0.000000000	0.000000000	0.000000000	0.000000000	0.000000000
-800.000000000	900.000000000	1.734610029	96.542233773	0.000000000	0.000000000	0.000000000	0.000000000	0.000000000
-700.000000000	900.000000000	1.735017341	96.542233773	0.000000000	0.000000000	0.000000000	0.000000000	0.000000000
-600.000000000	900.000000000	1.734970653	96.542233773	0.000000000	0.000000000	0.000000000	0.000000000	0.000000000
-500.000000000	900.000000000	1.735033441	96.542233773	0.000000000	0.000000000	0.000000000	0.000000000	0.000000000
-400.000000000	900.000000000	1.734733994	96.542233773	0.000000000	0.000000000	0.000000000	0.000000000	0.000000000
-300.000000000	900.000000000	1.734896597	96.542233773	0.000000000	0.000000000	0.000000000	0.000000000	0.000000000
-200.000000000	900.000000000	1.735258831	96.542233773	0.000000000	0.000000000	0.000000000	0.000000000	0.000000000
-100.000000000	900.000000000	1.734730774	96.542233773	0.000000000	0.000000000	0.000000000	0.000000000	0.000000000
0.000000000	900.000000000	1.734745263	96.542233773	0.000000000	0.000000000	0.000000000	0.000000000	0.000000000
100.000000000	900.000000000	1.734365319	96.542233773	0.000000000	0.000000000	0.000000000	0.000000000	0.000000000
200.000000000	900.000000000	1.733805063	96.542233773	0.000000000	0.000000000	0.000000000	0.000000000	0.000000000
300.000000000	900.000000000	1.732214451	96.542233773	0.000000000	0.000000000	0.000000000	0.000000000	0.000000000
400.000000000	900.000000000	1.733447659	96.542233773	0.000000000	0.000000000	0.000000000	0.000000000	0.000000000
500.000000000	900.000000000	1.734151198	96.542233773	0.000000000	0.000000000	0.000000000	0.000000000	0.000000000
600.000000000	900.000000000	1.734698575	96.542233773	0.000000000	0.000000000	0.000000000	0.000000000	0.000000000
700.000000000	900.000000000	1.733336573	96.542233773	0.000000000	0.000000000	0.000000000	0.000000000	0.000000000
800.000000000	900.000000000	1.731551160	96.542233773	0.000000000	0.000000000	0.000000000	0.000000000	0.000000000
900.000000000	900.000000000	1.731570479	96.542233773	0.000000000	0.000000000	0.000000000	0.000000000	0.000000000
1000.000000000	900.000000000	1.731457784	96.542233773	0.000000000	0.000000000	0.000000000	0.000000000	0.000000000
-1000.000000000	1000.000000000	1.727725963	96.654759224	0.000000000	0.000000000	0.000000000	0.000000000	0.000000000
-900.000000000	1000.000000000	1.727787141	96.654759224	0.000000000	0.000000000	0.000000000	0.000000000	0.000000000
-800.000000000	1000.000000000	1.728241141	96.654759224	0.000000000	0.000000000	0.000000000	0.000000000	0.000000000
-700.000000000	1000.000000000	1.728501950	96.654759224	0.000000000	0.000000000	0.000000000	0.000000000	0.000000000
-600.000000000	1000.000000000	1.729429270	96.654759224	0.000000000	0.000000000	0.000000000	0.000000000	0.000000000
-500.000000000	1000.000000000	1.728902823	96.654759224	0.000000000	0.000000000	0.000000000	0.000000000	0.000000000
-400.000000000	1000.000000000	1.729276327	96.654759224	0.000000000	0.000000000	0.000000000	0.000000000	0.000000000
-300.000000000	1000.000000000	1.730193988	96.654759224	0.000000000	0.000000000	0.000000000	0.000000000	0.000000000
-200.000000000	1000.000000000	1.729653051	96.654759224	0.000000000	0.000000000	0.000000000	0.000000000	0.000000000
-100.000000000	1000.000000000	1.729239299	96.654759224	0.000000000	0.000000000	0.000000000	0.000000000	0.000000000
0.000000000	1000.000000000	1.729257008	96.654759224	0.000000000	0.000000000	0.000000000	0.000000000	0.000000000
100.000000000	1000.000000000	1.728819107	96.654759224	0.000000000	0.000000000	0.000000000	0.000000000	0.000000000
200.000000000	1000.000000000	1.728234702	96.654759224	0.000000000	0.000000000	0.000000000	0.000000000	0.000000000
300.000000000	1000.000000000	1.729540356	96.654759224	0.000000000	0.000000000	0.000000000	0.000000000	0.000000000
400.000000000	1000.000000000	1.729949278	96.654759224	0.000000000	0.000000000	0.000000000	0.000000000	0.000000000
500.000000000	1000.000000000	1.728817497	96.654759224	0.000000000	0.000000000	0.000000000	0.000000000	0.000000000
600.000000000	1000.000000000	1.729057376	96.654759224	0.000000000	0.000000000	0.000000000	0.000000000	0.000000000
700.000000000	1000.000000000	1.728717681	96.654759224	0.000000000	0.000000000	0.000000000	0.000000000	0.000000000
800.000000000	1000.000000000	1.728178354	96.654759224	0.000000000	0.000000000	0.000000000	0.000000000	0.000000000
900.000000000	1000.000000000	1.728244361	96.654759224	0.000000000	0.000000000	0.000000000	0.000000000	0.000000000
1000.000000000	1000.000000000	1.728007701	96.654759224	0.000000000	0.000000000	0.000000000	0.000000000	0.000000000
