Set Temp (deg C)	84.000000	Laser Power (uW)	1035	Laser Detuning (GHz)	12
X  Field (nT)	Z  Field (nT)	Photodiode Voltage (V)	Temperature (C) 2D	Y  Field (nT)	Photodiode Voltage (V)	Temperature (C) 1D	Frequency (Hz)	Photodiode Voltage (V)		
-1000.000000000	-1000.000000000	NaN	85.015773264	-1000.000000000	NaN	85.015773264	0.000000000	0.000000000
-900.000000000	-1000.000000000	NaN	85.015773264	-960.000000000	NaN	85.015773264	0.000000000	0.000000000
-800.000000000	-1000.000000000	NaN	85.015773264	-920.000000000	NaN	85.015773264	0.000000000	0.000000000
-700.000000000	-1000.000000000	NaN	85.015773264	-880.000000000	NaN	85.015773264	0.000000000	0.000000000
-600.000000000	-1000.000000000	NaN	85.015773264	-840.000000000	NaN	85.015773264	0.000000000	0.000000000
-500.000000000	-1000.000000000	NaN	85.015773264	-800.000000000	NaN	85.015773264	0.000000000	0.000000000
-400.000000000	-1000.000000000	NaN	85.015773264	-760.000000000	NaN	85.015773264	0.000000000	0.000000000
-300.000000000	-1000.000000000	NaN	85.015773264	-720.000000000	NaN	85.015773264	0.000000000	0.000000000
-200.000000000	-1000.000000000	NaN	85.015773264	-680.000000000	NaN	85.015773264	0.000000000	0.000000000
-100.000000000	-1000.000000000	NaN	85.015773264	-640.000000000	NaN	85.015773264	0.000000000	0.000000000
0.000000000	-1000.000000000	NaN	85.015773264	-600.000000000	NaN	85.015773264	0.000000000	0.000000000
100.000000000	-1000.000000000	NaN	85.015773264	-560.000000000	NaN	85.015773264	0.000000000	0.000000000
200.000000000	-1000.000000000	NaN	85.015773264	-520.000000000	NaN	85.015773264	0.000000000	0.000000000
300.000000000	-1000.000000000	NaN	85.015773264	-480.000000000	NaN	85.015773264	0.000000000	0.000000000
400.000000000	-1000.000000000	NaN	85.015773264	-440.000000000	NaN	85.015773264	0.000000000	0.000000000
500.000000000	-1000.000000000	NaN	85.015773264	-400.000000000	NaN	85.015773264	0.000000000	0.000000000
600.000000000	-1000.000000000	NaN	85.015773264	-360.000000000	NaN	85.015773264	0.000000000	0.000000000
700.000000000	-1000.000000000	NaN	85.015773264	-320.000000000	NaN	85.015773264	0.000000000	0.000000000
800.000000000	-1000.000000000	NaN	85.015773264	-280.000000000	NaN	85.015773264	0.000000000	0.000000000
900.000000000	-1000.000000000	NaN	85.015773264	-240.000000000	NaN	85.015773264	0.000000000	0.000000000
1000.000000000	-1000.000000000	NaN	85.015773264	-200.000000000	NaN	85.015773264	0.000000000	0.000000000
-1000.000000000	-900.000000000	NaN	85.095139388	-160.000000000	NaN	85.015773264	0.000000000	0.000000000
-900.000000000	-900.000000000	NaN	85.095139388	-120.000000000	NaN	85.015773264	0.000000000	0.000000000
-800.000000000	-900.000000000	NaN	85.095139388	-80.000000000	NaN	85.015773264	0.000000000	0.000000000
-700.000000000	-900.000000000	NaN	85.095139388	-40.000000000	NaN	85.015773264	0.000000000	0.000000000
-600.000000000	-900.000000000	NaN	85.095139388	0.000000000	NaN	85.015773264	0.000000000	0.000000000
-500.000000000	-900.000000000	NaN	85.095139388	40.000000000	NaN	85.015773264	0.000000000	0.000000000
-400.000000000	-900.000000000	NaN	85.095139388	80.000000000	NaN	85.015773264	0.000000000	0.000000000
-300.000000000	-900.000000000	NaN	85.095139388	120.000000000	NaN	85.015773264	0.000000000	0.000000000
-200.000000000	-900.000000000	NaN	85.095139388	160.000000000	NaN	85.015773264	0.000000000	0.000000000
-100.000000000	-900.000000000	NaN	85.095139388	200.000000000	NaN	85.015773264	0.000000000	0.000000000
0.000000000	-900.000000000	NaN	85.095139388	240.000000000	NaN	85.015773264	0.000000000	0.000000000
100.000000000	-900.000000000	NaN	85.095139388	280.000000000	NaN	85.015773264	0.000000000	0.000000000
200.000000000	-900.000000000	NaN	85.095139388	320.000000000	NaN	85.015773264	0.000000000	0.000000000
300.000000000	-900.000000000	NaN	85.095139388	360.000000000	NaN	85.015773264	0.000000000	0.000000000
400.000000000	-900.000000000	NaN	85.095139388	400.000000000	NaN	85.015773264	0.000000000	0.000000000
500.000000000	-900.000000000	NaN	85.095139388	440.000000000	NaN	85.015773264	0.000000000	0.000000000
600.000000000	-900.000000000	NaN	85.095139388	480.000000000	NaN	85.015773264	0.000000000	0.000000000
700.000000000	-900.000000000	NaN	85.095139388	520.000000000	NaN	85.015773264	0.000000000	0.000000000
800.000000000	-900.000000000	NaN	85.095139388	560.000000000	NaN	85.015773264	0.000000000	0.000000000
900.000000000	-900.000000000	NaN	85.095139388	600.000000000	NaN	85.015773264	0.000000000	0.000000000
1000.000000000	-900.000000000	NaN	85.095139388	640.000000000	NaN	85.015773264	0.000000000	0.000000000
-1000.000000000	-800.000000000	NaN	85.095139388	680.000000000	NaN	85.015773264	0.000000000	0.000000000
-900.000000000	-800.000000000	NaN	85.095139388	720.000000000	NaN	85.015773264	0.000000000	0.000000000
-800.000000000	-800.000000000	NaN	85.095139388	760.000000000	NaN	85.015773264	0.000000000	0.000000000
-700.000000000	-800.000000000	NaN	85.095139388	800.000000000	NaN	85.015773264	0.000000000	0.000000000
-600.000000000	-800.000000000	NaN	85.095139388	840.000000000	NaN	85.015773264	0.000000000	0.000000000
-500.000000000	-800.000000000	NaN	85.095139388	880.000000000	NaN	85.015773264	0.000000000	0.000000000
-400.000000000	-800.000000000	NaN	85.095139388	920.000000000	NaN	85.015773264	0.000000000	0.000000000
-300.000000000	-800.000000000	NaN	85.095139388	960.000000000	NaN	85.015773264	0.000000000	0.000000000
-200.000000000	-800.000000000	NaN	85.095139388	1000.000000000	NaN	85.015773264	0.000000000	0.000000000
-100.000000000	-800.000000000	NaN	85.095139388	0.000000000	0.000000000	0.000000000	0.000000000	0.000000000
0.000000000	-800.000000000	NaN	85.095139388	0.000000000	0.000000000	0.000000000	0.000000000	0.000000000
100.000000000	-800.000000000	NaN	85.095139388	0.000000000	0.000000000	0.000000000	0.000000000	0.000000000
200.000000000	-800.000000000	NaN	85.095139388	0.000000000	0.000000000	0.000000000	0.000000000	0.000000000
300.000000000	-800.000000000	NaN	85.095139388	0.000000000	0.000000000	0.000000000	0.000000000	0.000000000
400.000000000	-800.000000000	NaN	85.095139388	0.000000000	0.000000000	0.000000000	0.000000000	0.000000000
500.000000000	-800.000000000	NaN	85.095139388	0.000000000	0.000000000	0.000000000	0.000000000	0.000000000
600.000000000	-800.000000000	NaN	85.095139388	0.000000000	0.000000000	0.000000000	0.000000000	0.000000000
700.000000000	-800.000000000	NaN	85.095139388	0.000000000	0.000000000	0.000000000	0.000000000	0.000000000
800.000000000	-800.000000000	NaN	85.095139388	0.000000000	0.000000000	0.000000000	0.000000000	0.000000000
900.000000000	-800.000000000	NaN	85.095139388	0.000000000	0.000000000	0.000000000	0.000000000	0.000000000
1000.000000000	-800.000000000	NaN	85.095139388	0.000000000	0.000000000	0.000000000	0.000000000	0.000000000
-1000.000000000	-700.000000000	NaN	85.140491660	0.000000000	0.000000000	0.000000000	0.000000000	0.000000000
-900.000000000	-700.000000000	NaN	85.140491660	0.000000000	0.000000000	0.000000000	0.000000000	0.000000000
-800.000000000	-700.000000000	NaN	85.140491660	0.000000000	0.000000000	0.000000000	0.000000000	0.000000000
-700.000000000	-700.000000000	NaN	85.140491660	0.000000000	0.000000000	0.000000000	0.000000000	0.000000000
-600.000000000	-700.000000000	NaN	85.140491660	0.000000000	0.000000000	0.000000000	0.000000000	0.000000000
-500.000000000	-700.000000000	NaN	85.140491660	0.000000000	0.000000000	0.000000000	0.000000000	0.000000000
-400.000000000	-700.000000000	NaN	85.140491660	0.000000000	0.000000000	0.000000000	0.000000000	0.000000000
-300.000000000	-700.000000000	NaN	85.140491660	0.000000000	0.000000000	0.000000000	0.000000000	0.000000000
-200.000000000	-700.000000000	NaN	85.140491660	0.000000000	0.000000000	0.000000000	0.000000000	0.000000000
-100.000000000	-700.000000000	NaN	85.140491660	0.000000000	0.000000000	0.000000000	0.000000000	0.000000000
0.000000000	-700.000000000	NaN	85.140491660	0.000000000	0.000000000	0.000000000	0.000000000	0.000000000
100.000000000	-700.000000000	NaN	85.140491660	0.000000000	0.000000000	0.000000000	0.000000000	0.000000000
200.000000000	-700.000000000	NaN	85.140491660	0.000000000	0.000000000	0.000000000	0.000000000	0.000000000
300.000000000	-700.000000000	NaN	85.140491660	0.000000000	0.000000000	0.000000000	0.000000000	0.000000000
400.000000000	-700.000000000	NaN	85.140491660	0.000000000	0.000000000	0.000000000	0.000000000	0.000000000
500.000000000	-700.000000000	NaN	85.140491660	0.000000000	0.000000000	0.000000000	0.000000000	0.000000000
600.000000000	-700.000000000	NaN	85.140491660	0.000000000	0.000000000	0.000000000	0.000000000	0.000000000
700.000000000	-700.000000000	NaN	85.140491660	0.000000000	0.000000000	0.000000000	0.000000000	0.000000000
800.000000000	-700.000000000	NaN	85.140491660	0.000000000	0.000000000	0.000000000	0.000000000	0.000000000
900.000000000	-700.000000000	NaN	85.140491660	0.000000000	0.000000000	0.000000000	0.000000000	0.000000000
1000.000000000	-700.000000000	NaN	85.140491660	0.000000000	0.000000000	0.000000000	0.000000000	0.000000000
-1000.000000000	-600.000000000	NaN	85.140491660	0.000000000	0.000000000	0.000000000	0.000000000	0.000000000
-900.000000000	-600.000000000	NaN	85.140491660	0.000000000	0.000000000	0.000000000	0.000000000	0.000000000
-800.000000000	-600.000000000	NaN	85.140491660	0.000000000	0.000000000	0.000000000	0.000000000	0.000000000
-700.000000000	-600.000000000	NaN	85.140491660	0.000000000	0.000000000	0.000000000	0.000000000	0.000000000
-600.000000000	-600.000000000	NaN	85.140491660	0.000000000	0.000000000	0.000000000	0.000000000	0.000000000
-500.000000000	-600.000000000	NaN	85.140491660	0.000000000	0.000000000	0.000000000	0.000000000	0.000000000
-400.000000000	-600.000000000	NaN	85.140491660	0.000000000	0.000000000	0.000000000	0.000000000	0.000000000
-300.000000000	-600.000000000	NaN	85.140491660	0.000000000	0.000000000	0.000000000	0.000000000	0.000000000
-200.000000000	-600.000000000	NaN	85.140491660	0.000000000	0.000000000	0.000000000	0.000000000	0.000000000
-100.000000000	-600.000000000	NaN	85.140491660	0.000000000	0.000000000	0.000000000	0.000000000	0.000000000
0.000000000	-600.000000000	NaN	85.140491660	0.000000000	0.000000000	0.000000000	0.000000000	0.000000000
100.000000000	-600.000000000	NaN	85.140491660	0.000000000	0.000000000	0.000000000	0.000000000	0.000000000
200.000000000	-600.000000000	NaN	85.140491660	0.000000000	0.000000000	0.000000000	0.000000000	0.000000000
300.000000000	-600.000000000	NaN	85.140491660	0.000000000	0.000000000	0.000000000	0.000000000	0.000000000
400.000000000	-600.000000000	NaN	85.140491660	0.000000000	0.000000000	0.000000000	0.000000000	0.000000000
500.000000000	-600.000000000	NaN	85.140491660	0.000000000	0.000000000	0.000000000	0.000000000	0.000000000
600.000000000	-600.000000000	NaN	85.140491660	0.000000000	0.000000000	0.000000000	0.000000000	0.000000000
700.000000000	-600.000000000	NaN	85.140491660	0.000000000	0.000000000	0.000000000	0.000000000	0.000000000
800.000000000	-600.000000000	NaN	85.140491660	0.000000000	0.000000000	0.000000000	0.000000000	0.000000000
900.000000000	-600.000000000	NaN	85.140491660	0.000000000	0.000000000	0.000000000	0.000000000	0.000000000
1000.000000000	-600.000000000	NaN	85.140491660	0.000000000	0.000000000	0.000000000	0.000000000	0.000000000
-1000.000000000	-500.000000000	NaN	85.072463305	0.000000000	0.000000000	0.000000000	0.000000000	0.000000000
-900.000000000	-500.000000000	NaN	85.072463305	0.000000000	0.000000000	0.000000000	0.000000000	0.000000000
-800.000000000	-500.000000000	NaN	85.072463305	0.000000000	0.000000000	0.000000000	0.000000000	0.000000000
-700.000000000	-500.000000000	NaN	85.072463305	0.000000000	0.000000000	0.000000000	0.000000000	0.000000000
-600.000000000	-500.000000000	NaN	85.072463305	0.000000000	0.000000000	0.000000000	0.000000000	0.000000000
-500.000000000	-500.000000000	NaN	85.072463305	0.000000000	0.000000000	0.000000000	0.000000000	0.000000000
-400.000000000	-500.000000000	NaN	85.072463305	0.000000000	0.000000000	0.000000000	0.000000000	0.000000000
-300.000000000	-500.000000000	NaN	85.072463305	0.000000000	0.000000000	0.000000000	0.000000000	0.000000000
-200.000000000	-500.000000000	NaN	85.072463305	0.000000000	0.000000000	0.000000000	0.000000000	0.000000000
-100.000000000	-500.000000000	NaN	85.072463305	0.000000000	0.000000000	0.000000000	0.000000000	0.000000000
0.000000000	-500.000000000	NaN	85.072463305	0.000000000	0.000000000	0.000000000	0.000000000	0.000000000
100.000000000	-500.000000000	NaN	85.072463305	0.000000000	0.000000000	0.000000000	0.000000000	0.000000000
200.000000000	-500.000000000	NaN	85.072463305	0.000000000	0.000000000	0.000000000	0.000000000	0.000000000
300.000000000	-500.000000000	NaN	85.072463305	0.000000000	0.000000000	0.000000000	0.000000000	0.000000000
400.000000000	-500.000000000	NaN	85.072463305	0.000000000	0.000000000	0.000000000	0.000000000	0.000000000
500.000000000	-500.000000000	NaN	85.072463305	0.000000000	0.000000000	0.000000000	0.000000000	0.000000000
600.000000000	-500.000000000	NaN	85.072463305	0.000000000	0.000000000	0.000000000	0.000000000	0.000000000
700.000000000	-500.000000000	NaN	85.072463305	0.000000000	0.000000000	0.000000000	0.000000000	0.000000000
800.000000000	-500.000000000	NaN	85.072463305	0.000000000	0.000000000	0.000000000	0.000000000	0.000000000
900.000000000	-500.000000000	NaN	85.072463305	0.000000000	0.000000000	0.000000000	0.000000000	0.000000000
1000.000000000	-500.000000000	NaN	85.072463305	0.000000000	0.000000000	0.000000000	0.000000000	0.000000000
-1000.000000000	-400.000000000	NaN	85.072463305	0.000000000	0.000000000	0.000000000	0.000000000	0.000000000
-900.000000000	-400.000000000	NaN	85.072463305	0.000000000	0.000000000	0.000000000	0.000000000	0.000000000
-800.000000000	-400.000000000	NaN	85.072463305	0.000000000	0.000000000	0.000000000	0.000000000	0.000000000
-700.000000000	-400.000000000	NaN	85.072463305	0.000000000	0.000000000	0.000000000	0.000000000	0.000000000
-600.000000000	-400.000000000	NaN	85.072463305	0.000000000	0.000000000	0.000000000	0.000000000	0.000000000
-500.000000000	-400.000000000	NaN	85.072463305	0.000000000	0.000000000	0.000000000	0.000000000	0.000000000
-400.000000000	-400.000000000	NaN	85.072463305	0.000000000	0.000000000	0.000000000	0.000000000	0.000000000
-300.000000000	-400.000000000	NaN	85.072463305	0.000000000	0.000000000	0.000000000	0.000000000	0.000000000
-200.000000000	-400.000000000	NaN	85.072463305	0.000000000	0.000000000	0.000000000	0.000000000	0.000000000
-100.000000000	-400.000000000	NaN	85.072463305	0.000000000	0.000000000	0.000000000	0.000000000	0.000000000
0.000000000	-400.000000000	NaN	85.072463305	0.000000000	0.000000000	0.000000000	0.000000000	0.000000000
100.000000000	-400.000000000	NaN	85.072463305	0.000000000	0.000000000	0.000000000	0.000000000	0.000000000
200.000000000	-400.000000000	NaN	85.072463305	0.000000000	0.000000000	0.000000000	0.000000000	0.000000000
300.000000000	-400.000000000	NaN	85.072463305	0.000000000	0.000000000	0.000000000	0.000000000	0.000000000
400.000000000	-400.000000000	NaN	85.072463305	0.000000000	0.000000000	0.000000000	0.000000000	0.000000000
500.000000000	-400.000000000	NaN	85.072463305	0.000000000	0.000000000	0.000000000	0.000000000	0.000000000
600.000000000	-400.000000000	NaN	85.072463305	0.000000000	0.000000000	0.000000000	0.000000000	0.000000000
700.000000000	-400.000000000	NaN	85.072463305	0.000000000	0.000000000	0.000000000	0.000000000	0.000000000
800.000000000	-400.000000000	NaN	85.072463305	0.000000000	0.000000000	0.000000000	0.000000000	0.000000000
900.000000000	-400.000000000	NaN	85.072463305	0.000000000	0.000000000	0.000000000	0.000000000	0.000000000
1000.000000000	-400.000000000	NaN	85.072463305	0.000000000	0.000000000	0.000000000	0.000000000	0.000000000
-1000.000000000	-300.000000000	NaN	85.061125277	0.000000000	0.000000000	0.000000000	0.000000000	0.000000000
-900.000000000	-300.000000000	NaN	85.061125277	0.000000000	0.000000000	0.000000000	0.000000000	0.000000000
-800.000000000	-300.000000000	NaN	85.061125277	0.000000000	0.000000000	0.000000000	0.000000000	0.000000000
-700.000000000	-300.000000000	NaN	85.061125277	0.000000000	0.000000000	0.000000000	0.000000000	0.000000000
-600.000000000	-300.000000000	NaN	85.061125277	0.000000000	0.000000000	0.000000000	0.000000000	0.000000000
-500.000000000	-300.000000000	NaN	85.061125277	0.000000000	0.000000000	0.000000000	0.000000000	0.000000000
-400.000000000	-300.000000000	NaN	85.061125277	0.000000000	0.000000000	0.000000000	0.000000000	0.000000000
-300.000000000	-300.000000000	NaN	85.061125277	0.000000000	0.000000000	0.000000000	0.000000000	0.000000000
-200.000000000	-300.000000000	NaN	85.061125277	0.000000000	0.000000000	0.000000000	0.000000000	0.000000000
-100.000000000	-300.000000000	NaN	85.061125277	0.000000000	0.000000000	0.000000000	0.000000000	0.000000000
0.000000000	-300.000000000	NaN	85.061125277	0.000000000	0.000000000	0.000000000	0.000000000	0.000000000
100.000000000	-300.000000000	NaN	85.061125277	0.000000000	0.000000000	0.000000000	0.000000000	0.000000000
200.000000000	-300.000000000	NaN	85.061125277	0.000000000	0.000000000	0.000000000	0.000000000	0.000000000
300.000000000	-300.000000000	NaN	85.061125277	0.000000000	0.000000000	0.000000000	0.000000000	0.000000000
400.000000000	-300.000000000	NaN	85.061125277	0.000000000	0.000000000	0.000000000	0.000000000	0.000000000
500.000000000	-300.000000000	NaN	85.061125277	0.000000000	0.000000000	0.000000000	0.000000000	0.000000000
600.000000000	-300.000000000	NaN	85.061125277	0.000000000	0.000000000	0.000000000	0.000000000	0.000000000
700.000000000	-300.000000000	NaN	85.061125277	0.000000000	0.000000000	0.000000000	0.000000000	0.000000000
800.000000000	-300.000000000	NaN	85.061125277	0.000000000	0.000000000	0.000000000	0.000000000	0.000000000
900.000000000	-300.000000000	NaN	85.061125277	0.000000000	0.000000000	0.000000000	0.000000000	0.000000000
1000.000000000	-300.000000000	NaN	85.061125277	0.000000000	0.000000000	0.000000000	0.000000000	0.000000000
-1000.000000000	-200.000000000	NaN	85.061125277	0.000000000	0.000000000	0.000000000	0.000000000	0.000000000
-900.000000000	-200.000000000	NaN	85.061125277	0.000000000	0.000000000	0.000000000	0.000000000	0.000000000
-800.000000000	-200.000000000	NaN	85.061125277	0.000000000	0.000000000	0.000000000	0.000000000	0.000000000
-700.000000000	-200.000000000	NaN	85.061125277	0.000000000	0.000000000	0.000000000	0.000000000	0.000000000
-600.000000000	-200.000000000	NaN	85.061125277	0.000000000	0.000000000	0.000000000	0.000000000	0.000000000
-500.000000000	-200.000000000	NaN	85.061125277	0.000000000	0.000000000	0.000000000	0.000000000	0.000000000
-400.000000000	-200.000000000	NaN	85.061125277	0.000000000	0.000000000	0.000000000	0.000000000	0.000000000
-300.000000000	-200.000000000	NaN	85.061125277	0.000000000	0.000000000	0.000000000	0.000000000	0.000000000
-200.000000000	-200.000000000	NaN	85.061125277	0.000000000	0.000000000	0.000000000	0.000000000	0.000000000
-100.000000000	-200.000000000	NaN	85.061125277	0.000000000	0.000000000	0.000000000	0.000000000	0.000000000
0.000000000	-200.000000000	NaN	85.061125277	0.000000000	0.000000000	0.000000000	0.000000000	0.000000000
100.000000000	-200.000000000	NaN	85.061125277	0.000000000	0.000000000	0.000000000	0.000000000	0.000000000
200.000000000	-200.000000000	NaN	85.061125277	0.000000000	0.000000000	0.000000000	0.000000000	0.000000000
300.000000000	-200.000000000	NaN	85.061125277	0.000000000	0.000000000	0.000000000	0.000000000	0.000000000
400.000000000	-200.000000000	NaN	85.061125277	0.000000000	0.000000000	0.000000000	0.000000000	0.000000000
500.000000000	-200.000000000	NaN	85.061125277	0.000000000	0.000000000	0.000000000	0.000000000	0.000000000
600.000000000	-200.000000000	NaN	85.061125277	0.000000000	0.000000000	0.000000000	0.000000000	0.000000000
700.000000000	-200.000000000	NaN	85.061125277	0.000000000	0.000000000	0.000000000	0.000000000	0.000000000
800.000000000	-200.000000000	NaN	85.061125277	0.000000000	0.000000000	0.000000000	0.000000000	0.000000000
900.000000000	-200.000000000	NaN	85.061125277	0.000000000	0.000000000	0.000000000	0.000000000	0.000000000
1000.000000000	-200.000000000	NaN	85.061125277	0.000000000	0.000000000	0.000000000	0.000000000	0.000000000
-1000.000000000	-100.000000000	NaN	84.925069742	0.000000000	0.000000000	0.000000000	0.000000000	0.000000000
-900.000000000	-100.000000000	NaN	84.925069742	0.000000000	0.000000000	0.000000000	0.000000000	0.000000000
-800.000000000	-100.000000000	NaN	84.925069742	0.000000000	0.000000000	0.000000000	0.000000000	0.000000000
-700.000000000	-100.000000000	NaN	84.925069742	0.000000000	0.000000000	0.000000000	0.000000000	0.000000000
-600.000000000	-100.000000000	NaN	84.925069742	0.000000000	0.000000000	0.000000000	0.000000000	0.000000000
-500.000000000	-100.000000000	NaN	84.925069742	0.000000000	0.000000000	0.000000000	0.000000000	0.000000000
-400.000000000	-100.000000000	NaN	84.925069742	0.000000000	0.000000000	0.000000000	0.000000000	0.000000000
-300.000000000	-100.000000000	NaN	84.925069742	0.000000000	0.000000000	0.000000000	0.000000000	0.000000000
-200.000000000	-100.000000000	NaN	84.925069742	0.000000000	0.000000000	0.000000000	0.000000000	0.000000000
-100.000000000	-100.000000000	NaN	84.925069742	0.000000000	0.000000000	0.000000000	0.000000000	0.000000000
0.000000000	-100.000000000	NaN	84.925069742	0.000000000	0.000000000	0.000000000	0.000000000	0.000000000
100.000000000	-100.000000000	NaN	84.925069742	0.000000000	0.000000000	0.000000000	0.000000000	0.000000000
200.000000000	-100.000000000	NaN	84.925069742	0.000000000	0.000000000	0.000000000	0.000000000	0.000000000
300.000000000	-100.000000000	NaN	84.925069742	0.000000000	0.000000000	0.000000000	0.000000000	0.000000000
400.000000000	-100.000000000	NaN	84.925069742	0.000000000	0.000000000	0.000000000	0.000000000	0.000000000
500.000000000	-100.000000000	NaN	84.925069742	0.000000000	0.000000000	0.000000000	0.000000000	0.000000000
600.000000000	-100.000000000	NaN	84.925069742	0.000000000	0.000000000	0.000000000	0.000000000	0.000000000
700.000000000	-100.000000000	NaN	84.925069742	0.000000000	0.000000000	0.000000000	0.000000000	0.000000000
800.000000000	-100.000000000	NaN	84.925069742	0.000000000	0.000000000	0.000000000	0.000000000	0.000000000
900.000000000	-100.000000000	NaN	84.925069742	0.000000000	0.000000000	0.000000000	0.000000000	0.000000000
1000.000000000	-100.000000000	NaN	84.925069742	0.000000000	0.000000000	0.000000000	0.000000000	0.000000000
-1000.000000000	0.000000000	NaN	84.925069742	0.000000000	0.000000000	0.000000000	0.000000000	0.000000000
-900.000000000	0.000000000	NaN	84.925069742	0.000000000	0.000000000	0.000000000	0.000000000	0.000000000
-800.000000000	0.000000000	NaN	84.925069742	0.000000000	0.000000000	0.000000000	0.000000000	0.000000000
-700.000000000	0.000000000	NaN	84.925069742	0.000000000	0.000000000	0.000000000	0.000000000	0.000000000
-600.000000000	0.000000000	NaN	84.925069742	0.000000000	0.000000000	0.000000000	0.000000000	0.000000000
-500.000000000	0.000000000	NaN	84.925069742	0.000000000	0.000000000	0.000000000	0.000000000	0.000000000
-400.000000000	0.000000000	NaN	84.925069742	0.000000000	0.000000000	0.000000000	0.000000000	0.000000000
-300.000000000	0.000000000	NaN	84.925069742	0.000000000	0.000000000	0.000000000	0.000000000	0.000000000
-200.000000000	0.000000000	NaN	84.925069742	0.000000000	0.000000000	0.000000000	0.000000000	0.000000000
-100.000000000	0.000000000	NaN	84.925069742	0.000000000	0.000000000	0.000000000	0.000000000	0.000000000
0.000000000	0.000000000	NaN	84.925069742	0.000000000	0.000000000	0.000000000	0.000000000	0.000000000
100.000000000	0.000000000	NaN	84.925069742	0.000000000	0.000000000	0.000000000	0.000000000	0.000000000
200.000000000	0.000000000	NaN	84.925069742	0.000000000	0.000000000	0.000000000	0.000000000	0.000000000
300.000000000	0.000000000	NaN	84.925069742	0.000000000	0.000000000	0.000000000	0.000000000	0.000000000
400.000000000	0.000000000	NaN	84.925069742	0.000000000	0.000000000	0.000000000	0.000000000	0.000000000
500.000000000	0.000000000	NaN	84.925069742	0.000000000	0.000000000	0.000000000	0.000000000	0.000000000
600.000000000	0.000000000	NaN	84.925069742	0.000000000	0.000000000	0.000000000	0.000000000	0.000000000
700.000000000	0.000000000	NaN	84.925069742	0.000000000	0.000000000	0.000000000	0.000000000	0.000000000
800.000000000	0.000000000	NaN	84.925069742	0.000000000	0.000000000	0.000000000	0.000000000	0.000000000
900.000000000	0.000000000	NaN	84.925069742	0.000000000	0.000000000	0.000000000	0.000000000	0.000000000
1000.000000000	0.000000000	NaN	84.925069742	0.000000000	0.000000000	0.000000000	0.000000000	0.000000000
-1000.000000000	100.000000000	NaN	84.993097319	0.000000000	0.000000000	0.000000000	0.000000000	0.000000000
-900.000000000	100.000000000	NaN	84.993097319	0.000000000	0.000000000	0.000000000	0.000000000	0.000000000
-800.000000000	100.000000000	NaN	84.993097319	0.000000000	0.000000000	0.000000000	0.000000000	0.000000000
-700.000000000	100.000000000	NaN	84.993097319	0.000000000	0.000000000	0.000000000	0.000000000	0.000000000
-600.000000000	100.000000000	NaN	84.993097319	0.000000000	0.000000000	0.000000000	0.000000000	0.000000000
-500.000000000	100.000000000	NaN	84.993097319	0.000000000	0.000000000	0.000000000	0.000000000	0.000000000
-400.000000000	100.000000000	NaN	84.993097319	0.000000000	0.000000000	0.000000000	0.000000000	0.000000000
-300.000000000	100.000000000	NaN	84.993097319	0.000000000	0.000000000	0.000000000	0.000000000	0.000000000
-200.000000000	100.000000000	NaN	84.993097319	0.000000000	0.000000000	0.000000000	0.000000000	0.000000000
-100.000000000	100.000000000	NaN	84.993097319	0.000000000	0.000000000	0.000000000	0.000000000	0.000000000
0.000000000	100.000000000	NaN	84.993097319	0.000000000	0.000000000	0.000000000	0.000000000	0.000000000
100.000000000	100.000000000	NaN	84.993097319	0.000000000	0.000000000	0.000000000	0.000000000	0.000000000
200.000000000	100.000000000	NaN	84.993097319	0.000000000	0.000000000	0.000000000	0.000000000	0.000000000
300.000000000	100.000000000	NaN	84.993097319	0.000000000	0.000000000	0.000000000	0.000000000	0.000000000
400.000000000	100.000000000	NaN	84.993097319	0.000000000	0.000000000	0.000000000	0.000000000	0.000000000
500.000000000	100.000000000	NaN	84.993097319	0.000000000	0.000000000	0.000000000	0.000000000	0.000000000
600.000000000	100.000000000	NaN	84.993097319	0.000000000	0.000000000	0.000000000	0.000000000	0.000000000
700.000000000	100.000000000	NaN	84.993097319	0.000000000	0.000000000	0.000000000	0.000000000	0.000000000
800.000000000	100.000000000	NaN	84.993097319	0.000000000	0.000000000	0.000000000	0.000000000	0.000000000
900.000000000	100.000000000	NaN	84.993097319	0.000000000	0.000000000	0.000000000	0.000000000	0.000000000
1000.000000000	100.000000000	NaN	84.993097319	0.000000000	0.000000000	0.000000000	0.000000000	0.000000000
-1000.000000000	200.000000000	NaN	84.993097319	0.000000000	0.000000000	0.000000000	0.000000000	0.000000000
-900.000000000	200.000000000	NaN	84.993097319	0.000000000	0.000000000	0.000000000	0.000000000	0.000000000
-800.000000000	200.000000000	NaN	84.993097319	0.000000000	0.000000000	0.000000000	0.000000000	0.000000000
-700.000000000	200.000000000	NaN	84.993097319	0.000000000	0.000000000	0.000000000	0.000000000	0.000000000
-600.000000000	200.000000000	NaN	84.993097319	0.000000000	0.000000000	0.000000000	0.000000000	0.000000000
-500.000000000	200.000000000	NaN	84.993097319	0.000000000	0.000000000	0.000000000	0.000000000	0.000000000
-400.000000000	200.000000000	NaN	84.993097319	0.000000000	0.000000000	0.000000000	0.000000000	0.000000000
-300.000000000	200.000000000	NaN	84.993097319	0.000000000	0.000000000	0.000000000	0.000000000	0.000000000
-200.000000000	200.000000000	NaN	84.993097319	0.000000000	0.000000000	0.000000000	0.000000000	0.000000000
-100.000000000	200.000000000	NaN	84.993097319	0.000000000	0.000000000	0.000000000	0.000000000	0.000000000
0.000000000	200.000000000	NaN	84.993097319	0.000000000	0.000000000	0.000000000	0.000000000	0.000000000
100.000000000	200.000000000	NaN	84.993097319	0.000000000	0.000000000	0.000000000	0.000000000	0.000000000
200.000000000	200.000000000	NaN	84.993097319	0.000000000	0.000000000	0.000000000	0.000000000	0.000000000
300.000000000	200.000000000	NaN	84.993097319	0.000000000	0.000000000	0.000000000	0.000000000	0.000000000
400.000000000	200.000000000	NaN	84.993097319	0.000000000	0.000000000	0.000000000	0.000000000	0.000000000
500.000000000	200.000000000	NaN	84.993097319	0.000000000	0.000000000	0.000000000	0.000000000	0.000000000
600.000000000	200.000000000	NaN	84.993097319	0.000000000	0.000000000	0.000000000	0.000000000	0.000000000
700.000000000	200.000000000	NaN	84.993097319	0.000000000	0.000000000	0.000000000	0.000000000	0.000000000
800.000000000	200.000000000	NaN	84.993097319	0.000000000	0.000000000	0.000000000	0.000000000	0.000000000
900.000000000	200.000000000	NaN	84.993097319	0.000000000	0.000000000	0.000000000	0.000000000	0.000000000
1000.000000000	200.000000000	NaN	84.993097319	0.000000000	0.000000000	0.000000000	0.000000000	0.000000000
-1000.000000000	300.000000000	NaN	85.083801342	0.000000000	0.000000000	0.000000000	0.000000000	0.000000000
-900.000000000	300.000000000	NaN	85.083801342	0.000000000	0.000000000	0.000000000	0.000000000	0.000000000
-800.000000000	300.000000000	NaN	85.083801342	0.000000000	0.000000000	0.000000000	0.000000000	0.000000000
-700.000000000	300.000000000	NaN	85.083801342	0.000000000	0.000000000	0.000000000	0.000000000	0.000000000
-600.000000000	300.000000000	NaN	85.083801342	0.000000000	0.000000000	0.000000000	0.000000000	0.000000000
-500.000000000	300.000000000	NaN	85.083801342	0.000000000	0.000000000	0.000000000	0.000000000	0.000000000
-400.000000000	300.000000000	NaN	85.083801342	0.000000000	0.000000000	0.000000000	0.000000000	0.000000000
-300.000000000	300.000000000	NaN	85.083801342	0.000000000	0.000000000	0.000000000	0.000000000	0.000000000
-200.000000000	300.000000000	NaN	85.083801342	0.000000000	0.000000000	0.000000000	0.000000000	0.000000000
-100.000000000	300.000000000	NaN	85.083801342	0.000000000	0.000000000	0.000000000	0.000000000	0.000000000
0.000000000	300.000000000	NaN	85.083801342	0.000000000	0.000000000	0.000000000	0.000000000	0.000000000
100.000000000	300.000000000	NaN	85.083801342	0.000000000	0.000000000	0.000000000	0.000000000	0.000000000
200.000000000	300.000000000	NaN	85.083801342	0.000000000	0.000000000	0.000000000	0.000000000	0.000000000
300.000000000	300.000000000	NaN	85.083801342	0.000000000	0.000000000	0.000000000	0.000000000	0.000000000
400.000000000	300.000000000	NaN	85.083801342	0.000000000	0.000000000	0.000000000	0.000000000	0.000000000
500.000000000	300.000000000	NaN	85.083801342	0.000000000	0.000000000	0.000000000	0.000000000	0.000000000
600.000000000	300.000000000	NaN	85.083801342	0.000000000	0.000000000	0.000000000	0.000000000	0.000000000
700.000000000	300.000000000	NaN	85.083801342	0.000000000	0.000000000	0.000000000	0.000000000	0.000000000
800.000000000	300.000000000	NaN	85.083801342	0.000000000	0.000000000	0.000000000	0.000000000	0.000000000
900.000000000	300.000000000	NaN	85.083801342	0.000000000	0.000000000	0.000000000	0.000000000	0.000000000
1000.000000000	300.000000000	NaN	85.083801342	0.000000000	0.000000000	0.000000000	0.000000000	0.000000000
-1000.000000000	400.000000000	NaN	85.083801342	0.000000000	0.000000000	0.000000000	0.000000000	0.000000000
-900.000000000	400.000000000	NaN	85.083801342	0.000000000	0.000000000	0.000000000	0.000000000	0.000000000
-800.000000000	400.000000000	NaN	85.083801342	0.000000000	0.000000000	0.000000000	0.000000000	0.000000000
-700.000000000	400.000000000	NaN	85.083801342	0.000000000	0.000000000	0.000000000	0.000000000	0.000000000
-600.000000000	400.000000000	NaN	85.083801342	0.000000000	0.000000000	0.000000000	0.000000000	0.000000000
-500.000000000	400.000000000	NaN	85.083801342	0.000000000	0.000000000	0.000000000	0.000000000	0.000000000
-400.000000000	400.000000000	NaN	85.083801342	0.000000000	0.000000000	0.000000000	0.000000000	0.000000000
-300.000000000	400.000000000	NaN	85.083801342	0.000000000	0.000000000	0.000000000	0.000000000	0.000000000
-200.000000000	400.000000000	NaN	85.083801342	0.000000000	0.000000000	0.000000000	0.000000000	0.000000000
-100.000000000	400.000000000	NaN	85.083801342	0.000000000	0.000000000	0.000000000	0.000000000	0.000000000
0.000000000	400.000000000	NaN	85.083801342	0.000000000	0.000000000	0.000000000	0.000000000	0.000000000
100.000000000	400.000000000	NaN	85.083801342	0.000000000	0.000000000	0.000000000	0.000000000	0.000000000
200.000000000	400.000000000	NaN	85.083801342	0.000000000	0.000000000	0.000000000	0.000000000	0.000000000
300.000000000	400.000000000	NaN	85.083801342	0.000000000	0.000000000	0.000000000	0.000000000	0.000000000
400.000000000	400.000000000	NaN	85.083801342	0.000000000	0.000000000	0.000000000	0.000000000	0.000000000
500.000000000	400.000000000	NaN	85.083801342	0.000000000	0.000000000	0.000000000	0.000000000	0.000000000
600.000000000	400.000000000	NaN	85.083801342	0.000000000	0.000000000	0.000000000	0.000000000	0.000000000
700.000000000	400.000000000	NaN	85.083801342	0.000000000	0.000000000	0.000000000	0.000000000	0.000000000
800.000000000	400.000000000	NaN	85.083801342	0.000000000	0.000000000	0.000000000	0.000000000	0.000000000
900.000000000	400.000000000	NaN	85.083801342	0.000000000	0.000000000	0.000000000	0.000000000	0.000000000
1000.000000000	400.000000000	NaN	85.083801342	0.000000000	0.000000000	0.000000000	0.000000000	0.000000000
-1000.000000000	500.000000000	NaN	85.117815507	0.000000000	0.000000000	0.000000000	0.000000000	0.000000000
-900.000000000	500.000000000	NaN	85.117815507	0.000000000	0.000000000	0.000000000	0.000000000	0.000000000
-800.000000000	500.000000000	NaN	85.117815507	0.000000000	0.000000000	0.000000000	0.000000000	0.000000000
-700.000000000	500.000000000	NaN	85.117815507	0.000000000	0.000000000	0.000000000	0.000000000	0.000000000
-600.000000000	500.000000000	NaN	85.117815507	0.000000000	0.000000000	0.000000000	0.000000000	0.000000000
-500.000000000	500.000000000	NaN	85.117815507	0.000000000	0.000000000	0.000000000	0.000000000	0.000000000
-400.000000000	500.000000000	NaN	85.117815507	0.000000000	0.000000000	0.000000000	0.000000000	0.000000000
-300.000000000	500.000000000	NaN	85.117815507	0.000000000	0.000000000	0.000000000	0.000000000	0.000000000
-200.000000000	500.000000000	NaN	85.117815507	0.000000000	0.000000000	0.000000000	0.000000000	0.000000000
-100.000000000	500.000000000	NaN	85.117815507	0.000000000	0.000000000	0.000000000	0.000000000	0.000000000
0.000000000	500.000000000	NaN	85.117815507	0.000000000	0.000000000	0.000000000	0.000000000	0.000000000
100.000000000	500.000000000	NaN	85.117815507	0.000000000	0.000000000	0.000000000	0.000000000	0.000000000
200.000000000	500.000000000	NaN	85.117815507	0.000000000	0.000000000	0.000000000	0.000000000	0.000000000
300.000000000	500.000000000	NaN	85.117815507	0.000000000	0.000000000	0.000000000	0.000000000	0.000000000
400.000000000	500.000000000	NaN	85.117815507	0.000000000	0.000000000	0.000000000	0.000000000	0.000000000
500.000000000	500.000000000	NaN	85.117815507	0.000000000	0.000000000	0.000000000	0.000000000	0.000000000
600.000000000	500.000000000	NaN	85.117815507	0.000000000	0.000000000	0.000000000	0.000000000	0.000000000
700.000000000	500.000000000	NaN	85.117815507	0.000000000	0.000000000	0.000000000	0.000000000	0.000000000
800.000000000	500.000000000	NaN	85.117815507	0.000000000	0.000000000	0.000000000	0.000000000	0.000000000
900.000000000	500.000000000	NaN	85.117815507	0.000000000	0.000000000	0.000000000	0.000000000	0.000000000
1000.000000000	500.000000000	NaN	85.117815507	0.000000000	0.000000000	0.000000000	0.000000000	0.000000000
-1000.000000000	600.000000000	NaN	85.117815507	0.000000000	0.000000000	0.000000000	0.000000000	0.000000000
-900.000000000	600.000000000	NaN	85.117815507	0.000000000	0.000000000	0.000000000	0.000000000	0.000000000
-800.000000000	600.000000000	NaN	85.117815507	0.000000000	0.000000000	0.000000000	0.000000000	0.000000000
-700.000000000	600.000000000	NaN	85.117815507	0.000000000	0.000000000	0.000000000	0.000000000	0.000000000
-600.000000000	600.000000000	NaN	85.117815507	0.000000000	0.000000000	0.000000000	0.000000000	0.000000000
-500.000000000	600.000000000	NaN	85.117815507	0.000000000	0.000000000	0.000000000	0.000000000	0.000000000
-400.000000000	600.000000000	NaN	85.117815507	0.000000000	0.000000000	0.000000000	0.000000000	0.000000000
-300.000000000	600.000000000	NaN	85.117815507	0.000000000	0.000000000	0.000000000	0.000000000	0.000000000
-200.000000000	600.000000000	NaN	85.117815507	0.000000000	0.000000000	0.000000000	0.000000000	0.000000000
-100.000000000	600.000000000	NaN	85.117815507	0.000000000	0.000000000	0.000000000	0.000000000	0.000000000
0.000000000	600.000000000	NaN	85.117815507	0.000000000	0.000000000	0.000000000	0.000000000	0.000000000
100.000000000	600.000000000	NaN	85.117815507	0.000000000	0.000000000	0.000000000	0.000000000	0.000000000
200.000000000	600.000000000	NaN	85.117815507	0.000000000	0.000000000	0.000000000	0.000000000	0.000000000
300.000000000	600.000000000	NaN	85.117815507	0.000000000	0.000000000	0.000000000	0.000000000	0.000000000
400.000000000	600.000000000	NaN	85.117815507	0.000000000	0.000000000	0.000000000	0.000000000	0.000000000
500.000000000	600.000000000	NaN	85.117815507	0.000000000	0.000000000	0.000000000	0.000000000	0.000000000
600.000000000	600.000000000	NaN	85.117815507	0.000000000	0.000000000	0.000000000	0.000000000	0.000000000
700.000000000	600.000000000	NaN	85.117815507	0.000000000	0.000000000	0.000000000	0.000000000	0.000000000
800.000000000	600.000000000	NaN	85.117815507	0.000000000	0.000000000	0.000000000	0.000000000	0.000000000
900.000000000	600.000000000	NaN	85.117815507	0.000000000	0.000000000	0.000000000	0.000000000	0.000000000
1000.000000000	600.000000000	NaN	85.117815507	0.000000000	0.000000000	0.000000000	0.000000000	0.000000000
-1000.000000000	700.000000000	NaN	85.208520312	0.000000000	0.000000000	0.000000000	0.000000000	0.000000000
-900.000000000	700.000000000	NaN	85.208520312	0.000000000	0.000000000	0.000000000	0.000000000	0.000000000
-800.000000000	700.000000000	NaN	85.208520312	0.000000000	0.000000000	0.000000000	0.000000000	0.000000000
-700.000000000	700.000000000	NaN	85.208520312	0.000000000	0.000000000	0.000000000	0.000000000	0.000000000
-600.000000000	700.000000000	NaN	85.208520312	0.000000000	0.000000000	0.000000000	0.000000000	0.000000000
-500.000000000	700.000000000	NaN	85.208520312	0.000000000	0.000000000	0.000000000	0.000000000	0.000000000
-400.000000000	700.000000000	NaN	85.208520312	0.000000000	0.000000000	0.000000000	0.000000000	0.000000000
-300.000000000	700.000000000	NaN	85.208520312	0.000000000	0.000000000	0.000000000	0.000000000	0.000000000
-200.000000000	700.000000000	NaN	85.208520312	0.000000000	0.000000000	0.000000000	0.000000000	0.000000000
-100.000000000	700.000000000	NaN	85.208520312	0.000000000	0.000000000	0.000000000	0.000000000	0.000000000
0.000000000	700.000000000	NaN	85.208520312	0.000000000	0.000000000	0.000000000	0.000000000	0.000000000
100.000000000	700.000000000	NaN	85.208520312	0.000000000	0.000000000	0.000000000	0.000000000	0.000000000
200.000000000	700.000000000	NaN	85.208520312	0.000000000	0.000000000	0.000000000	0.000000000	0.000000000
300.000000000	700.000000000	NaN	85.208520312	0.000000000	0.000000000	0.000000000	0.000000000	0.000000000
400.000000000	700.000000000	NaN	85.208520312	0.000000000	0.000000000	0.000000000	0.000000000	0.000000000
500.000000000	700.000000000	NaN	85.208520312	0.000000000	0.000000000	0.000000000	0.000000000	0.000000000
600.000000000	700.000000000	NaN	85.208520312	0.000000000	0.000000000	0.000000000	0.000000000	0.000000000
700.000000000	700.000000000	NaN	85.208520312	0.000000000	0.000000000	0.000000000	0.000000000	0.000000000
800.000000000	700.000000000	NaN	85.208520312	0.000000000	0.000000000	0.000000000	0.000000000	0.000000000
900.000000000	700.000000000	NaN	85.208520312	0.000000000	0.000000000	0.000000000	0.000000000	0.000000000
1000.000000000	700.000000000	NaN	85.208520312	0.000000000	0.000000000	0.000000000	0.000000000	0.000000000
-1000.000000000	800.000000000	NaN	85.208520312	0.000000000	0.000000000	0.000000000	0.000000000	0.000000000
-900.000000000	800.000000000	NaN	85.208520312	0.000000000	0.000000000	0.000000000	0.000000000	0.000000000
-800.000000000	800.000000000	NaN	85.208520312	0.000000000	0.000000000	0.000000000	0.000000000	0.000000000
-700.000000000	800.000000000	NaN	85.208520312	0.000000000	0.000000000	0.000000000	0.000000000	0.000000000
-600.000000000	800.000000000	NaN	85.208520312	0.000000000	0.000000000	0.000000000	0.000000000	0.000000000
-500.000000000	800.000000000	NaN	85.208520312	0.000000000	0.000000000	0.000000000	0.000000000	0.000000000
-400.000000000	800.000000000	NaN	85.208520312	0.000000000	0.000000000	0.000000000	0.000000000	0.000000000
-300.000000000	800.000000000	NaN	85.208520312	0.000000000	0.000000000	0.000000000	0.000000000	0.000000000
-200.000000000	800.000000000	NaN	85.208520312	0.000000000	0.000000000	0.000000000	0.000000000	0.000000000
-100.000000000	800.000000000	NaN	85.208520312	0.000000000	0.000000000	0.000000000	0.000000000	0.000000000
0.000000000	800.000000000	NaN	85.208520312	0.000000000	0.000000000	0.000000000	0.000000000	0.000000000
100.000000000	800.000000000	NaN	85.208520312	0.000000000	0.000000000	0.000000000	0.000000000	0.000000000
200.000000000	800.000000000	NaN	85.208520312	0.000000000	0.000000000	0.000000000	0.000000000	0.000000000
300.000000000	800.000000000	NaN	85.208520312	0.000000000	0.000000000	0.000000000	0.000000000	0.000000000
400.000000000	800.000000000	NaN	85.208520312	0.000000000	0.000000000	0.000000000	0.000000000	0.000000000
500.000000000	800.000000000	NaN	85.208520312	0.000000000	0.000000000	0.000000000	0.000000000	0.000000000
600.000000000	800.000000000	NaN	85.208520312	0.000000000	0.000000000	0.000000000	0.000000000	0.000000000
700.000000000	800.000000000	NaN	85.208520312	0.000000000	0.000000000	0.000000000	0.000000000	0.000000000
800.000000000	800.000000000	NaN	85.208520312	0.000000000	0.000000000	0.000000000	0.000000000	0.000000000
900.000000000	800.000000000	NaN	85.208520312	0.000000000	0.000000000	0.000000000	0.000000000	0.000000000
1000.000000000	800.000000000	NaN	85.208520312	0.000000000	0.000000000	0.000000000	0.000000000	0.000000000
-1000.000000000	900.000000000	NaN	85.061125277	0.000000000	0.000000000	0.000000000	0.000000000	0.000000000
-900.000000000	900.000000000	NaN	85.061125277	0.000000000	0.000000000	0.000000000	0.000000000	0.000000000
-800.000000000	900.000000000	NaN	85.061125277	0.000000000	0.000000000	0.000000000	0.000000000	0.000000000
-700.000000000	900.000000000	NaN	85.061125277	0.000000000	0.000000000	0.000000000	0.000000000	0.000000000
-600.000000000	900.000000000	NaN	85.061125277	0.000000000	0.000000000	0.000000000	0.000000000	0.000000000
-500.000000000	900.000000000	NaN	85.061125277	0.000000000	0.000000000	0.000000000	0.000000000	0.000000000
-400.000000000	900.000000000	NaN	85.061125277	0.000000000	0.000000000	0.000000000	0.000000000	0.000000000
-300.000000000	900.000000000	NaN	85.061125277	0.000000000	0.000000000	0.000000000	0.000000000	0.000000000
-200.000000000	900.000000000	NaN	85.061125277	0.000000000	0.000000000	0.000000000	0.000000000	0.000000000
-100.000000000	900.000000000	NaN	85.061125277	0.000000000	0.000000000	0.000000000	0.000000000	0.000000000
0.000000000	900.000000000	NaN	85.061125277	0.000000000	0.000000000	0.000000000	0.000000000	0.000000000
100.000000000	900.000000000	NaN	85.061125277	0.000000000	0.000000000	0.000000000	0.000000000	0.000000000
200.000000000	900.000000000	NaN	85.061125277	0.000000000	0.000000000	0.000000000	0.000000000	0.000000000
300.000000000	900.000000000	NaN	85.061125277	0.000000000	0.000000000	0.000000000	0.000000000	0.000000000
400.000000000	900.000000000	NaN	85.061125277	0.000000000	0.000000000	0.000000000	0.000000000	0.000000000
500.000000000	900.000000000	NaN	85.061125277	0.000000000	0.000000000	0.000000000	0.000000000	0.000000000
600.000000000	900.000000000	NaN	85.061125277	0.000000000	0.000000000	0.000000000	0.000000000	0.000000000
700.000000000	900.000000000	NaN	85.061125277	0.000000000	0.000000000	0.000000000	0.000000000	0.000000000
800.000000000	900.000000000	NaN	85.061125277	0.000000000	0.000000000	0.000000000	0.000000000	0.000000000
900.000000000	900.000000000	NaN	85.061125277	0.000000000	0.000000000	0.000000000	0.000000000	0.000000000
1000.000000000	900.000000000	NaN	85.061125277	0.000000000	0.000000000	0.000000000	0.000000000	0.000000000
-1000.000000000	1000.000000000	NaN	84.959083480	0.000000000	0.000000000	0.000000000	0.000000000	0.000000000
-900.000000000	1000.000000000	NaN	84.959083480	0.000000000	0.000000000	0.000000000	0.000000000	0.000000000
-800.000000000	1000.000000000	NaN	84.959083480	0.000000000	0.000000000	0.000000000	0.000000000	0.000000000
-700.000000000	1000.000000000	NaN	84.959083480	0.000000000	0.000000000	0.000000000	0.000000000	0.000000000
-600.000000000	1000.000000000	NaN	84.959083480	0.000000000	0.000000000	0.000000000	0.000000000	0.000000000
-500.000000000	1000.000000000	NaN	84.959083480	0.000000000	0.000000000	0.000000000	0.000000000	0.000000000
-400.000000000	1000.000000000	NaN	84.959083480	0.000000000	0.000000000	0.000000000	0.000000000	0.000000000
-300.000000000	1000.000000000	NaN	84.959083480	0.000000000	0.000000000	0.000000000	0.000000000	0.000000000
-200.000000000	1000.000000000	NaN	84.959083480	0.000000000	0.000000000	0.000000000	0.000000000	0.000000000
-100.000000000	1000.000000000	NaN	84.959083480	0.000000000	0.000000000	0.000000000	0.000000000	0.000000000
0.000000000	1000.000000000	NaN	84.959083480	0.000000000	0.000000000	0.000000000	0.000000000	0.000000000
100.000000000	1000.000000000	NaN	84.959083480	0.000000000	0.000000000	0.000000000	0.000000000	0.000000000
200.000000000	1000.000000000	NaN	84.959083480	0.000000000	0.000000000	0.000000000	0.000000000	0.000000000
300.000000000	1000.000000000	NaN	84.959083480	0.000000000	0.000000000	0.000000000	0.000000000	0.000000000
400.000000000	1000.000000000	NaN	84.959083480	0.000000000	0.000000000	0.000000000	0.000000000	0.000000000
500.000000000	1000.000000000	NaN	84.959083480	0.000000000	0.000000000	0.000000000	0.000000000	0.000000000
600.000000000	1000.000000000	NaN	84.959083480	0.000000000	0.000000000	0.000000000	0.000000000	0.000000000
700.000000000	1000.000000000	NaN	84.959083480	0.000000000	0.000000000	0.000000000	0.000000000	0.000000000
800.000000000	1000.000000000	NaN	84.959083480	0.000000000	0.000000000	0.000000000	0.000000000	0.000000000
900.000000000	1000.000000000	NaN	84.959083480	0.000000000	0.000000000	0.000000000	0.000000000	0.000000000
1000.000000000	1000.000000000	NaN	84.959083480	0.000000000	0.000000000	0.000000000	0.000000000	0.000000000
