Set Temp (deg C)	85.000000	Laser Power (uW)	877	Laser Detuning (GHz)	10
X  Field (nT)	Z  Field (nT)	Photodiode Voltage (V)	Temperature (C) 2D	Y  Field (nT)	Photodiode Voltage (V)	Temperature (C) 1D	Frequency (Hz)	Photodiode Voltage (V)		
-1000.000000000	-1000.000000000	NaN	102.544062025	-1000.000000000	NaN	102.544062025	0.000000000	0.000000000
-900.000000000	-1000.000000000	NaN	102.544062025	-960.000000000	NaN	102.544062025	0.000000000	0.000000000
-800.000000000	-1000.000000000	NaN	102.544062025	-920.000000000	NaN	102.544062025	0.000000000	0.000000000
-700.000000000	-1000.000000000	NaN	102.544062025	-880.000000000	NaN	102.544062025	0.000000000	0.000000000
-600.000000000	-1000.000000000	NaN	102.544062025	-840.000000000	NaN	102.544062025	0.000000000	0.000000000
-500.000000000	-1000.000000000	NaN	102.544062025	-800.000000000	NaN	102.544062025	0.000000000	0.000000000
-400.000000000	-1000.000000000	NaN	102.544062025	-760.000000000	NaN	102.544062025	0.000000000	0.000000000
-300.000000000	-1000.000000000	NaN	102.544062025	-720.000000000	NaN	102.544062025	0.000000000	0.000000000
-200.000000000	-1000.000000000	NaN	102.544062025	-680.000000000	NaN	102.544062025	0.000000000	0.000000000
-100.000000000	-1000.000000000	NaN	102.544062025	-640.000000000	NaN	102.544062025	0.000000000	0.000000000
0.000000000	-1000.000000000	NaN	102.544062025	-600.000000000	NaN	102.544062025	0.000000000	0.000000000
100.000000000	-1000.000000000	NaN	102.544062025	-560.000000000	NaN	102.544062025	0.000000000	0.000000000
200.000000000	-1000.000000000	NaN	102.544062025	-520.000000000	NaN	102.544062025	0.000000000	0.000000000
300.000000000	-1000.000000000	NaN	102.544062025	-480.000000000	NaN	102.544062025	0.000000000	0.000000000
400.000000000	-1000.000000000	NaN	102.544062025	-440.000000000	NaN	102.544062025	0.000000000	0.000000000
500.000000000	-1000.000000000	NaN	102.544062025	-400.000000000	NaN	102.544062025	0.000000000	0.000000000
600.000000000	-1000.000000000	NaN	102.544062025	-360.000000000	NaN	102.544062025	0.000000000	0.000000000
700.000000000	-1000.000000000	NaN	102.544062025	-320.000000000	NaN	102.544062025	0.000000000	0.000000000
800.000000000	-1000.000000000	NaN	102.544062025	-280.000000000	NaN	102.544062025	0.000000000	0.000000000
900.000000000	-1000.000000000	NaN	102.544062025	-240.000000000	NaN	102.544062025	0.000000000	0.000000000
1000.000000000	-1000.000000000	NaN	102.544062025	-200.000000000	NaN	102.544062025	0.000000000	0.000000000
-1000.000000000	-900.000000000	NaN	102.421585882	-160.000000000	NaN	102.544062025	0.000000000	0.000000000
-900.000000000	-900.000000000	NaN	102.421585882	-120.000000000	NaN	102.544062025	0.000000000	0.000000000
-800.000000000	-900.000000000	NaN	102.421585882	-80.000000000	NaN	102.544062025	0.000000000	0.000000000
-700.000000000	-900.000000000	NaN	102.421585882	-40.000000000	NaN	102.544062025	0.000000000	0.000000000
-600.000000000	-900.000000000	NaN	102.421585882	0.000000000	NaN	102.544062025	0.000000000	0.000000000
-500.000000000	-900.000000000	NaN	102.421585882	40.000000000	NaN	102.544062025	0.000000000	0.000000000
-400.000000000	-900.000000000	NaN	102.421585882	80.000000000	NaN	102.544062025	0.000000000	0.000000000
-300.000000000	-900.000000000	NaN	102.421585882	120.000000000	NaN	102.544062025	0.000000000	0.000000000
-200.000000000	-900.000000000	NaN	102.421585882	160.000000000	NaN	102.544062025	0.000000000	0.000000000
-100.000000000	-900.000000000	NaN	102.421585882	200.000000000	NaN	102.544062025	0.000000000	0.000000000
0.000000000	-900.000000000	NaN	102.421585882	240.000000000	NaN	102.544062025	0.000000000	0.000000000
100.000000000	-900.000000000	NaN	102.421585882	280.000000000	NaN	102.544062025	0.000000000	0.000000000
200.000000000	-900.000000000	NaN	102.421585882	320.000000000	NaN	102.544062025	0.000000000	0.000000000
300.000000000	-900.000000000	NaN	102.421585882	360.000000000	NaN	102.544062025	0.000000000	0.000000000
400.000000000	-900.000000000	NaN	102.421585882	400.000000000	NaN	102.544062025	0.000000000	0.000000000
500.000000000	-900.000000000	NaN	102.421585882	440.000000000	NaN	102.544062025	0.000000000	0.000000000
600.000000000	-900.000000000	NaN	102.421585882	480.000000000	NaN	102.544062025	0.000000000	0.000000000
700.000000000	-900.000000000	NaN	102.421585882	520.000000000	NaN	102.544062025	0.000000000	0.000000000
800.000000000	-900.000000000	NaN	102.421585882	560.000000000	NaN	102.544062025	0.000000000	0.000000000
900.000000000	-900.000000000	NaN	102.421585882	600.000000000	NaN	102.544062025	0.000000000	0.000000000
1000.000000000	-900.000000000	NaN	102.421585882	640.000000000	NaN	102.544062025	0.000000000	0.000000000
-1000.000000000	-800.000000000	NaN	102.421585882	680.000000000	NaN	102.544062025	0.000000000	0.000000000
-900.000000000	-800.000000000	NaN	102.421585882	720.000000000	NaN	102.544062025	0.000000000	0.000000000
-800.000000000	-800.000000000	NaN	102.421585882	760.000000000	NaN	102.544062025	0.000000000	0.000000000
-700.000000000	-800.000000000	NaN	102.421585882	800.000000000	NaN	102.544062025	0.000000000	0.000000000
-600.000000000	-800.000000000	NaN	102.421585882	840.000000000	NaN	102.544062025	0.000000000	0.000000000
-500.000000000	-800.000000000	NaN	102.421585882	880.000000000	NaN	102.544062025	0.000000000	0.000000000
-400.000000000	-800.000000000	NaN	102.421585882	920.000000000	NaN	102.544062025	0.000000000	0.000000000
-300.000000000	-800.000000000	NaN	102.421585882	960.000000000	NaN	102.544062025	0.000000000	0.000000000
-200.000000000	-800.000000000	NaN	102.421585882	1000.000000000	NaN	102.544062025	0.000000000	0.000000000
-100.000000000	-800.000000000	NaN	102.421585882	0.000000000	0.000000000	0.000000000	0.000000000	0.000000000
0.000000000	-800.000000000	NaN	102.421585882	0.000000000	0.000000000	0.000000000	0.000000000	0.000000000
100.000000000	-800.000000000	NaN	102.421585882	0.000000000	0.000000000	0.000000000	0.000000000	0.000000000
200.000000000	-800.000000000	NaN	102.421585882	0.000000000	0.000000000	0.000000000	0.000000000	0.000000000
300.000000000	-800.000000000	NaN	102.421585882	0.000000000	0.000000000	0.000000000	0.000000000	0.000000000
400.000000000	-800.000000000	NaN	102.421585882	0.000000000	0.000000000	0.000000000	0.000000000	0.000000000
500.000000000	-800.000000000	NaN	102.421585882	0.000000000	0.000000000	0.000000000	0.000000000	0.000000000
600.000000000	-800.000000000	NaN	102.421585882	0.000000000	0.000000000	0.000000000	0.000000000	0.000000000
700.000000000	-800.000000000	NaN	102.421585882	0.000000000	0.000000000	0.000000000	0.000000000	0.000000000
800.000000000	-800.000000000	NaN	102.421585882	0.000000000	0.000000000	0.000000000	0.000000000	0.000000000
900.000000000	-800.000000000	NaN	102.421585882	0.000000000	0.000000000	0.000000000	0.000000000	0.000000000
1000.000000000	-800.000000000	NaN	102.421585882	0.000000000	0.000000000	0.000000000	0.000000000	0.000000000
-1000.000000000	-700.000000000	NaN	102.677634500	0.000000000	0.000000000	0.000000000	0.000000000	0.000000000
-900.000000000	-700.000000000	NaN	102.677634500	0.000000000	0.000000000	0.000000000	0.000000000	0.000000000
-800.000000000	-700.000000000	NaN	102.677634500	0.000000000	0.000000000	0.000000000	0.000000000	0.000000000
-700.000000000	-700.000000000	NaN	102.677634500	0.000000000	0.000000000	0.000000000	0.000000000	0.000000000
-600.000000000	-700.000000000	NaN	102.677634500	0.000000000	0.000000000	0.000000000	0.000000000	0.000000000
-500.000000000	-700.000000000	NaN	102.677634500	0.000000000	0.000000000	0.000000000	0.000000000	0.000000000
-400.000000000	-700.000000000	NaN	102.677634500	0.000000000	0.000000000	0.000000000	0.000000000	0.000000000
-300.000000000	-700.000000000	NaN	102.677634500	0.000000000	0.000000000	0.000000000	0.000000000	0.000000000
-200.000000000	-700.000000000	NaN	102.677634500	0.000000000	0.000000000	0.000000000	0.000000000	0.000000000
-100.000000000	-700.000000000	NaN	102.677634500	0.000000000	0.000000000	0.000000000	0.000000000	0.000000000
0.000000000	-700.000000000	NaN	102.677634500	0.000000000	0.000000000	0.000000000	0.000000000	0.000000000
100.000000000	-700.000000000	NaN	102.677634500	0.000000000	0.000000000	0.000000000	0.000000000	0.000000000
200.000000000	-700.000000000	NaN	102.677634500	0.000000000	0.000000000	0.000000000	0.000000000	0.000000000
300.000000000	-700.000000000	NaN	102.677634500	0.000000000	0.000000000	0.000000000	0.000000000	0.000000000
400.000000000	-700.000000000	NaN	102.677634500	0.000000000	0.000000000	0.000000000	0.000000000	0.000000000
500.000000000	-700.000000000	NaN	102.677634500	0.000000000	0.000000000	0.000000000	0.000000000	0.000000000
600.000000000	-700.000000000	NaN	102.677634500	0.000000000	0.000000000	0.000000000	0.000000000	0.000000000
700.000000000	-700.000000000	NaN	102.677634500	0.000000000	0.000000000	0.000000000	0.000000000	0.000000000
800.000000000	-700.000000000	NaN	102.677634500	0.000000000	0.000000000	0.000000000	0.000000000	0.000000000
900.000000000	-700.000000000	NaN	102.677634500	0.000000000	0.000000000	0.000000000	0.000000000	0.000000000
1000.000000000	-700.000000000	NaN	102.677634500	0.000000000	0.000000000	0.000000000	0.000000000	0.000000000
-1000.000000000	-600.000000000	NaN	102.677634500	0.000000000	0.000000000	0.000000000	0.000000000	0.000000000
-900.000000000	-600.000000000	NaN	102.677634500	0.000000000	0.000000000	0.000000000	0.000000000	0.000000000
-800.000000000	-600.000000000	NaN	102.677634500	0.000000000	0.000000000	0.000000000	0.000000000	0.000000000
-700.000000000	-600.000000000	NaN	102.677634500	0.000000000	0.000000000	0.000000000	0.000000000	0.000000000
-600.000000000	-600.000000000	NaN	102.677634500	0.000000000	0.000000000	0.000000000	0.000000000	0.000000000
-500.000000000	-600.000000000	NaN	102.677634500	0.000000000	0.000000000	0.000000000	0.000000000	0.000000000
-400.000000000	-600.000000000	NaN	102.677634500	0.000000000	0.000000000	0.000000000	0.000000000	0.000000000
-300.000000000	-600.000000000	NaN	102.677634500	0.000000000	0.000000000	0.000000000	0.000000000	0.000000000
-200.000000000	-600.000000000	NaN	102.677634500	0.000000000	0.000000000	0.000000000	0.000000000	0.000000000
-100.000000000	-600.000000000	NaN	102.677634500	0.000000000	0.000000000	0.000000000	0.000000000	0.000000000
0.000000000	-600.000000000	NaN	102.677634500	0.000000000	0.000000000	0.000000000	0.000000000	0.000000000
100.000000000	-600.000000000	NaN	102.677634500	0.000000000	0.000000000	0.000000000	0.000000000	0.000000000
200.000000000	-600.000000000	NaN	102.677634500	0.000000000	0.000000000	0.000000000	0.000000000	0.000000000
300.000000000	-600.000000000	NaN	102.677634500	0.000000000	0.000000000	0.000000000	0.000000000	0.000000000
400.000000000	-600.000000000	NaN	102.677634500	0.000000000	0.000000000	0.000000000	0.000000000	0.000000000
500.000000000	-600.000000000	NaN	102.677634500	0.000000000	0.000000000	0.000000000	0.000000000	0.000000000
600.000000000	-600.000000000	NaN	102.677634500	0.000000000	0.000000000	0.000000000	0.000000000	0.000000000
700.000000000	-600.000000000	NaN	102.677634500	0.000000000	0.000000000	0.000000000	0.000000000	0.000000000
800.000000000	-600.000000000	NaN	102.677634500	0.000000000	0.000000000	0.000000000	0.000000000	0.000000000
900.000000000	-600.000000000	NaN	102.677634500	0.000000000	0.000000000	0.000000000	0.000000000	0.000000000
1000.000000000	-600.000000000	NaN	102.677634500	0.000000000	0.000000000	0.000000000	0.000000000	0.000000000
-1000.000000000	-500.000000000	NaN	103.000269653	0.000000000	0.000000000	0.000000000	0.000000000	0.000000000
-900.000000000	-500.000000000	NaN	103.000269653	0.000000000	0.000000000	0.000000000	0.000000000	0.000000000
-800.000000000	-500.000000000	NaN	103.000269653	0.000000000	0.000000000	0.000000000	0.000000000	0.000000000
-700.000000000	-500.000000000	NaN	103.000269653	0.000000000	0.000000000	0.000000000	0.000000000	0.000000000
-600.000000000	-500.000000000	NaN	103.000269653	0.000000000	0.000000000	0.000000000	0.000000000	0.000000000
-500.000000000	-500.000000000	NaN	103.000269653	0.000000000	0.000000000	0.000000000	0.000000000	0.000000000
-400.000000000	-500.000000000	NaN	103.000269653	0.000000000	0.000000000	0.000000000	0.000000000	0.000000000
-300.000000000	-500.000000000	NaN	103.000269653	0.000000000	0.000000000	0.000000000	0.000000000	0.000000000
-200.000000000	-500.000000000	NaN	103.000269653	0.000000000	0.000000000	0.000000000	0.000000000	0.000000000
-100.000000000	-500.000000000	NaN	103.000269653	0.000000000	0.000000000	0.000000000	0.000000000	0.000000000
0.000000000	-500.000000000	NaN	103.000269653	0.000000000	0.000000000	0.000000000	0.000000000	0.000000000
100.000000000	-500.000000000	NaN	103.000269653	0.000000000	0.000000000	0.000000000	0.000000000	0.000000000
200.000000000	-500.000000000	NaN	103.000269653	0.000000000	0.000000000	0.000000000	0.000000000	0.000000000
300.000000000	-500.000000000	NaN	103.000269653	0.000000000	0.000000000	0.000000000	0.000000000	0.000000000
400.000000000	-500.000000000	NaN	103.000269653	0.000000000	0.000000000	0.000000000	0.000000000	0.000000000
500.000000000	-500.000000000	NaN	103.000269653	0.000000000	0.000000000	0.000000000	0.000000000	0.000000000
600.000000000	-500.000000000	NaN	103.000269653	0.000000000	0.000000000	0.000000000	0.000000000	0.000000000
700.000000000	-500.000000000	NaN	103.000269653	0.000000000	0.000000000	0.000000000	0.000000000	0.000000000
800.000000000	-500.000000000	NaN	103.000269653	0.000000000	0.000000000	0.000000000	0.000000000	0.000000000
900.000000000	-500.000000000	NaN	103.000269653	0.000000000	0.000000000	0.000000000	0.000000000	0.000000000
1000.000000000	-500.000000000	NaN	103.000269653	0.000000000	0.000000000	0.000000000	0.000000000	0.000000000
-1000.000000000	-400.000000000	NaN	102.978026510	0.000000000	0.000000000	0.000000000	0.000000000	0.000000000
-900.000000000	-400.000000000	NaN	102.978026510	0.000000000	0.000000000	0.000000000	0.000000000	0.000000000
-800.000000000	-400.000000000	NaN	102.978026510	0.000000000	0.000000000	0.000000000	0.000000000	0.000000000
-700.000000000	-400.000000000	NaN	102.978026510	0.000000000	0.000000000	0.000000000	0.000000000	0.000000000
-600.000000000	-400.000000000	NaN	102.978026510	0.000000000	0.000000000	0.000000000	0.000000000	0.000000000
-500.000000000	-400.000000000	NaN	102.978026510	0.000000000	0.000000000	0.000000000	0.000000000	0.000000000
-400.000000000	-400.000000000	NaN	102.978026510	0.000000000	0.000000000	0.000000000	0.000000000	0.000000000
-300.000000000	-400.000000000	NaN	102.978026510	0.000000000	0.000000000	0.000000000	0.000000000	0.000000000
-200.000000000	-400.000000000	NaN	102.978026510	0.000000000	0.000000000	0.000000000	0.000000000	0.000000000
-100.000000000	-400.000000000	NaN	102.978026510	0.000000000	0.000000000	0.000000000	0.000000000	0.000000000
0.000000000	-400.000000000	NaN	102.978026510	0.000000000	0.000000000	0.000000000	0.000000000	0.000000000
100.000000000	-400.000000000	NaN	102.978026510	0.000000000	0.000000000	0.000000000	0.000000000	0.000000000
200.000000000	-400.000000000	NaN	102.978026510	0.000000000	0.000000000	0.000000000	0.000000000	0.000000000
300.000000000	-400.000000000	NaN	102.978026510	0.000000000	0.000000000	0.000000000	0.000000000	0.000000000
400.000000000	-400.000000000	NaN	102.978026510	0.000000000	0.000000000	0.000000000	0.000000000	0.000000000
500.000000000	-400.000000000	NaN	102.978026510	0.000000000	0.000000000	0.000000000	0.000000000	0.000000000
600.000000000	-400.000000000	NaN	102.978026510	0.000000000	0.000000000	0.000000000	0.000000000	0.000000000
700.000000000	-400.000000000	NaN	102.978026510	0.000000000	0.000000000	0.000000000	0.000000000	0.000000000
800.000000000	-400.000000000	NaN	102.978026510	0.000000000	0.000000000	0.000000000	0.000000000	0.000000000
900.000000000	-400.000000000	NaN	102.978026510	0.000000000	0.000000000	0.000000000	0.000000000	0.000000000
1000.000000000	-400.000000000	NaN	102.978026510	0.000000000	0.000000000	0.000000000	0.000000000	0.000000000
-1000.000000000	-300.000000000	NaN	102.978026510	0.000000000	0.000000000	0.000000000	0.000000000	0.000000000
-900.000000000	-300.000000000	NaN	102.978026510	0.000000000	0.000000000	0.000000000	0.000000000	0.000000000
-800.000000000	-300.000000000	NaN	102.978026510	0.000000000	0.000000000	0.000000000	0.000000000	0.000000000
-700.000000000	-300.000000000	NaN	102.978026510	0.000000000	0.000000000	0.000000000	0.000000000	0.000000000
-600.000000000	-300.000000000	NaN	102.978026510	0.000000000	0.000000000	0.000000000	0.000000000	0.000000000
-500.000000000	-300.000000000	NaN	102.978026510	0.000000000	0.000000000	0.000000000	0.000000000	0.000000000
-400.000000000	-300.000000000	NaN	102.978026510	0.000000000	0.000000000	0.000000000	0.000000000	0.000000000
-300.000000000	-300.000000000	NaN	102.978026510	0.000000000	0.000000000	0.000000000	0.000000000	0.000000000
-200.000000000	-300.000000000	NaN	102.978026510	0.000000000	0.000000000	0.000000000	0.000000000	0.000000000
-100.000000000	-300.000000000	NaN	102.978026510	0.000000000	0.000000000	0.000000000	0.000000000	0.000000000
0.000000000	-300.000000000	NaN	102.978026510	0.000000000	0.000000000	0.000000000	0.000000000	0.000000000
100.000000000	-300.000000000	NaN	102.978026510	0.000000000	0.000000000	0.000000000	0.000000000	0.000000000
200.000000000	-300.000000000	NaN	102.978026510	0.000000000	0.000000000	0.000000000	0.000000000	0.000000000
300.000000000	-300.000000000	NaN	102.978026510	0.000000000	0.000000000	0.000000000	0.000000000	0.000000000
400.000000000	-300.000000000	NaN	102.978026510	0.000000000	0.000000000	0.000000000	0.000000000	0.000000000
500.000000000	-300.000000000	NaN	102.978026510	0.000000000	0.000000000	0.000000000	0.000000000	0.000000000
600.000000000	-300.000000000	NaN	102.978026510	0.000000000	0.000000000	0.000000000	0.000000000	0.000000000
700.000000000	-300.000000000	NaN	102.978026510	0.000000000	0.000000000	0.000000000	0.000000000	0.000000000
800.000000000	-300.000000000	NaN	102.978026510	0.000000000	0.000000000	0.000000000	0.000000000	0.000000000
900.000000000	-300.000000000	NaN	102.978026510	0.000000000	0.000000000	0.000000000	0.000000000	0.000000000
1000.000000000	-300.000000000	NaN	102.978026510	0.000000000	0.000000000	0.000000000	0.000000000	0.000000000
-1000.000000000	-200.000000000	NaN	102.655375177	0.000000000	0.000000000	0.000000000	0.000000000	0.000000000
-900.000000000	-200.000000000	NaN	102.655375177	0.000000000	0.000000000	0.000000000	0.000000000	0.000000000
-800.000000000	-200.000000000	NaN	102.655375177	0.000000000	0.000000000	0.000000000	0.000000000	0.000000000
-700.000000000	-200.000000000	NaN	102.655375177	0.000000000	0.000000000	0.000000000	0.000000000	0.000000000
-600.000000000	-200.000000000	NaN	102.655375177	0.000000000	0.000000000	0.000000000	0.000000000	0.000000000
-500.000000000	-200.000000000	NaN	102.655375177	0.000000000	0.000000000	0.000000000	0.000000000	0.000000000
-400.000000000	-200.000000000	NaN	102.655375177	0.000000000	0.000000000	0.000000000	0.000000000	0.000000000
-300.000000000	-200.000000000	NaN	102.655375177	0.000000000	0.000000000	0.000000000	0.000000000	0.000000000
-200.000000000	-200.000000000	NaN	102.655375177	0.000000000	0.000000000	0.000000000	0.000000000	0.000000000
-100.000000000	-200.000000000	NaN	102.655375177	0.000000000	0.000000000	0.000000000	0.000000000	0.000000000
0.000000000	-200.000000000	NaN	102.655375177	0.000000000	0.000000000	0.000000000	0.000000000	0.000000000
100.000000000	-200.000000000	NaN	102.655375177	0.000000000	0.000000000	0.000000000	0.000000000	0.000000000
200.000000000	-200.000000000	NaN	102.655375177	0.000000000	0.000000000	0.000000000	0.000000000	0.000000000
300.000000000	-200.000000000	NaN	102.655375177	0.000000000	0.000000000	0.000000000	0.000000000	0.000000000
400.000000000	-200.000000000	NaN	102.655375177	0.000000000	0.000000000	0.000000000	0.000000000	0.000000000
500.000000000	-200.000000000	NaN	102.655375177	0.000000000	0.000000000	0.000000000	0.000000000	0.000000000
600.000000000	-200.000000000	NaN	102.655375177	0.000000000	0.000000000	0.000000000	0.000000000	0.000000000
700.000000000	-200.000000000	NaN	102.655375177	0.000000000	0.000000000	0.000000000	0.000000000	0.000000000
800.000000000	-200.000000000	NaN	102.655375177	0.000000000	0.000000000	0.000000000	0.000000000	0.000000000
900.000000000	-200.000000000	NaN	102.655375177	0.000000000	0.000000000	0.000000000	0.000000000	0.000000000
1000.000000000	-200.000000000	NaN	102.655375177	0.000000000	0.000000000	0.000000000	0.000000000	0.000000000
-1000.000000000	-100.000000000	NaN	102.655375177	0.000000000	0.000000000	0.000000000	0.000000000	0.000000000
-900.000000000	-100.000000000	NaN	102.655375177	0.000000000	0.000000000	0.000000000	0.000000000	0.000000000
-800.000000000	-100.000000000	NaN	102.655375177	0.000000000	0.000000000	0.000000000	0.000000000	0.000000000
-700.000000000	-100.000000000	NaN	102.655375177	0.000000000	0.000000000	0.000000000	0.000000000	0.000000000
-600.000000000	-100.000000000	NaN	102.655375177	0.000000000	0.000000000	0.000000000	0.000000000	0.000000000
-500.000000000	-100.000000000	NaN	102.655375177	0.000000000	0.000000000	0.000000000	0.000000000	0.000000000
-400.000000000	-100.000000000	NaN	102.655375177	0.000000000	0.000000000	0.000000000	0.000000000	0.000000000
-300.000000000	-100.000000000	NaN	102.655375177	0.000000000	0.000000000	0.000000000	0.000000000	0.000000000
-200.000000000	-100.000000000	NaN	102.655375177	0.000000000	0.000000000	0.000000000	0.000000000	0.000000000
-100.000000000	-100.000000000	NaN	102.655375177	0.000000000	0.000000000	0.000000000	0.000000000	0.000000000
0.000000000	-100.000000000	NaN	102.655375177	0.000000000	0.000000000	0.000000000	0.000000000	0.000000000
100.000000000	-100.000000000	NaN	102.655375177	0.000000000	0.000000000	0.000000000	0.000000000	0.000000000
200.000000000	-100.000000000	NaN	102.655375177	0.000000000	0.000000000	0.000000000	0.000000000	0.000000000
300.000000000	-100.000000000	NaN	102.655375177	0.000000000	0.000000000	0.000000000	0.000000000	0.000000000
400.000000000	-100.000000000	NaN	102.655375177	0.000000000	0.000000000	0.000000000	0.000000000	0.000000000
500.000000000	-100.000000000	NaN	102.655375177	0.000000000	0.000000000	0.000000000	0.000000000	0.000000000
600.000000000	-100.000000000	NaN	102.655375177	0.000000000	0.000000000	0.000000000	0.000000000	0.000000000
700.000000000	-100.000000000	NaN	102.655375177	0.000000000	0.000000000	0.000000000	0.000000000	0.000000000
800.000000000	-100.000000000	NaN	102.655375177	0.000000000	0.000000000	0.000000000	0.000000000	0.000000000
900.000000000	-100.000000000	NaN	102.655375177	0.000000000	0.000000000	0.000000000	0.000000000	0.000000000
1000.000000000	-100.000000000	NaN	102.655375177	0.000000000	0.000000000	0.000000000	0.000000000	0.000000000
-1000.000000000	0.000000000	NaN	102.443856729	0.000000000	0.000000000	0.000000000	0.000000000	0.000000000
-900.000000000	0.000000000	NaN	102.443856729	0.000000000	0.000000000	0.000000000	0.000000000	0.000000000
-800.000000000	0.000000000	NaN	102.443856729	0.000000000	0.000000000	0.000000000	0.000000000	0.000000000
-700.000000000	0.000000000	NaN	102.443856729	0.000000000	0.000000000	0.000000000	0.000000000	0.000000000
-600.000000000	0.000000000	NaN	102.443856729	0.000000000	0.000000000	0.000000000	0.000000000	0.000000000
-500.000000000	0.000000000	NaN	102.443856729	0.000000000	0.000000000	0.000000000	0.000000000	0.000000000
-400.000000000	0.000000000	NaN	102.443856729	0.000000000	0.000000000	0.000000000	0.000000000	0.000000000
-300.000000000	0.000000000	NaN	102.443856729	0.000000000	0.000000000	0.000000000	0.000000000	0.000000000
-200.000000000	0.000000000	NaN	102.443856729	0.000000000	0.000000000	0.000000000	0.000000000	0.000000000
-100.000000000	0.000000000	NaN	102.443856729	0.000000000	0.000000000	0.000000000	0.000000000	0.000000000
0.000000000	0.000000000	NaN	102.443856729	0.000000000	0.000000000	0.000000000	0.000000000	0.000000000
100.000000000	0.000000000	NaN	102.443856729	0.000000000	0.000000000	0.000000000	0.000000000	0.000000000
200.000000000	0.000000000	NaN	102.443856729	0.000000000	0.000000000	0.000000000	0.000000000	0.000000000
300.000000000	0.000000000	NaN	102.443856729	0.000000000	0.000000000	0.000000000	0.000000000	0.000000000
400.000000000	0.000000000	NaN	102.443856729	0.000000000	0.000000000	0.000000000	0.000000000	0.000000000
500.000000000	0.000000000	NaN	102.443856729	0.000000000	0.000000000	0.000000000	0.000000000	0.000000000
600.000000000	0.000000000	NaN	102.443856729	0.000000000	0.000000000	0.000000000	0.000000000	0.000000000
700.000000000	0.000000000	NaN	102.443856729	0.000000000	0.000000000	0.000000000	0.000000000	0.000000000
800.000000000	0.000000000	NaN	102.443856729	0.000000000	0.000000000	0.000000000	0.000000000	0.000000000
900.000000000	0.000000000	NaN	102.443856729	0.000000000	0.000000000	0.000000000	0.000000000	0.000000000
1000.000000000	0.000000000	NaN	102.443856729	0.000000000	0.000000000	0.000000000	0.000000000	0.000000000
-1000.000000000	100.000000000	NaN	102.443856729	0.000000000	0.000000000	0.000000000	0.000000000	0.000000000
-900.000000000	100.000000000	NaN	102.443856729	0.000000000	0.000000000	0.000000000	0.000000000	0.000000000
-800.000000000	100.000000000	NaN	102.443856729	0.000000000	0.000000000	0.000000000	0.000000000	0.000000000
-700.000000000	100.000000000	NaN	102.443856729	0.000000000	0.000000000	0.000000000	0.000000000	0.000000000
-600.000000000	100.000000000	NaN	102.443856729	0.000000000	0.000000000	0.000000000	0.000000000	0.000000000
-500.000000000	100.000000000	NaN	102.443856729	0.000000000	0.000000000	0.000000000	0.000000000	0.000000000
-400.000000000	100.000000000	NaN	102.443856729	0.000000000	0.000000000	0.000000000	0.000000000	0.000000000
-300.000000000	100.000000000	NaN	102.443856729	0.000000000	0.000000000	0.000000000	0.000000000	0.000000000
-200.000000000	100.000000000	NaN	102.443856729	0.000000000	0.000000000	0.000000000	0.000000000	0.000000000
-100.000000000	100.000000000	NaN	102.443856729	0.000000000	0.000000000	0.000000000	0.000000000	0.000000000
0.000000000	100.000000000	NaN	102.443856729	0.000000000	0.000000000	0.000000000	0.000000000	0.000000000
100.000000000	100.000000000	NaN	102.443856729	0.000000000	0.000000000	0.000000000	0.000000000	0.000000000
200.000000000	100.000000000	NaN	102.443856729	0.000000000	0.000000000	0.000000000	0.000000000	0.000000000
300.000000000	100.000000000	NaN	102.443856729	0.000000000	0.000000000	0.000000000	0.000000000	0.000000000
400.000000000	100.000000000	NaN	102.443856729	0.000000000	0.000000000	0.000000000	0.000000000	0.000000000
500.000000000	100.000000000	NaN	102.443856729	0.000000000	0.000000000	0.000000000	0.000000000	0.000000000
600.000000000	100.000000000	NaN	102.443856729	0.000000000	0.000000000	0.000000000	0.000000000	0.000000000
700.000000000	100.000000000	NaN	102.443856729	0.000000000	0.000000000	0.000000000	0.000000000	0.000000000
800.000000000	100.000000000	NaN	102.443856729	0.000000000	0.000000000	0.000000000	0.000000000	0.000000000
900.000000000	100.000000000	NaN	102.443856729	0.000000000	0.000000000	0.000000000	0.000000000	0.000000000
1000.000000000	100.000000000	NaN	102.443856729	0.000000000	0.000000000	0.000000000	0.000000000	0.000000000
-1000.000000000	200.000000000	NaN	102.443856729	0.000000000	0.000000000	0.000000000	0.000000000	0.000000000
-900.000000000	200.000000000	NaN	102.443856729	0.000000000	0.000000000	0.000000000	0.000000000	0.000000000
-800.000000000	200.000000000	NaN	102.443856729	0.000000000	0.000000000	0.000000000	0.000000000	0.000000000
-700.000000000	200.000000000	NaN	102.443856729	0.000000000	0.000000000	0.000000000	0.000000000	0.000000000
-600.000000000	200.000000000	NaN	102.443856729	0.000000000	0.000000000	0.000000000	0.000000000	0.000000000
-500.000000000	200.000000000	NaN	102.443856729	0.000000000	0.000000000	0.000000000	0.000000000	0.000000000
-400.000000000	200.000000000	NaN	102.443856729	0.000000000	0.000000000	0.000000000	0.000000000	0.000000000
-300.000000000	200.000000000	NaN	102.443856729	0.000000000	0.000000000	0.000000000	0.000000000	0.000000000
-200.000000000	200.000000000	NaN	102.443856729	0.000000000	0.000000000	0.000000000	0.000000000	0.000000000
-100.000000000	200.000000000	NaN	102.443856729	0.000000000	0.000000000	0.000000000	0.000000000	0.000000000
0.000000000	200.000000000	NaN	102.443856729	0.000000000	0.000000000	0.000000000	0.000000000	0.000000000
100.000000000	200.000000000	NaN	102.443856729	0.000000000	0.000000000	0.000000000	0.000000000	0.000000000
200.000000000	200.000000000	NaN	102.443856729	0.000000000	0.000000000	0.000000000	0.000000000	0.000000000
300.000000000	200.000000000	NaN	102.443856729	0.000000000	0.000000000	0.000000000	0.000000000	0.000000000
400.000000000	200.000000000	NaN	102.443856729	0.000000000	0.000000000	0.000000000	0.000000000	0.000000000
500.000000000	200.000000000	NaN	102.443856729	0.000000000	0.000000000	0.000000000	0.000000000	0.000000000
600.000000000	200.000000000	NaN	102.443856729	0.000000000	0.000000000	0.000000000	0.000000000	0.000000000
700.000000000	200.000000000	NaN	102.443856729	0.000000000	0.000000000	0.000000000	0.000000000	0.000000000
800.000000000	200.000000000	NaN	102.443856729	0.000000000	0.000000000	0.000000000	0.000000000	0.000000000
900.000000000	200.000000000	NaN	102.443856729	0.000000000	0.000000000	0.000000000	0.000000000	0.000000000
1000.000000000	200.000000000	NaN	102.443856729	0.000000000	0.000000000	0.000000000	0.000000000	0.000000000
-1000.000000000	300.000000000	NaN	102.443856729	0.000000000	0.000000000	0.000000000	0.000000000	0.000000000
-900.000000000	300.000000000	NaN	102.443856729	0.000000000	0.000000000	0.000000000	0.000000000	0.000000000
-800.000000000	300.000000000	NaN	102.443856729	0.000000000	0.000000000	0.000000000	0.000000000	0.000000000
-700.000000000	300.000000000	NaN	102.443856729	0.000000000	0.000000000	0.000000000	0.000000000	0.000000000
-600.000000000	300.000000000	NaN	102.443856729	0.000000000	0.000000000	0.000000000	0.000000000	0.000000000
-500.000000000	300.000000000	NaN	102.443856729	0.000000000	0.000000000	0.000000000	0.000000000	0.000000000
-400.000000000	300.000000000	NaN	102.443856729	0.000000000	0.000000000	0.000000000	0.000000000	0.000000000
-300.000000000	300.000000000	NaN	102.443856729	0.000000000	0.000000000	0.000000000	0.000000000	0.000000000
-200.000000000	300.000000000	NaN	102.443856729	0.000000000	0.000000000	0.000000000	0.000000000	0.000000000
-100.000000000	300.000000000	NaN	102.443856729	0.000000000	0.000000000	0.000000000	0.000000000	0.000000000
0.000000000	300.000000000	NaN	102.443856729	0.000000000	0.000000000	0.000000000	0.000000000	0.000000000
100.000000000	300.000000000	NaN	102.443856729	0.000000000	0.000000000	0.000000000	0.000000000	0.000000000
200.000000000	300.000000000	NaN	102.443856729	0.000000000	0.000000000	0.000000000	0.000000000	0.000000000
300.000000000	300.000000000	NaN	102.443856729	0.000000000	0.000000000	0.000000000	0.000000000	0.000000000
400.000000000	300.000000000	NaN	102.443856729	0.000000000	0.000000000	0.000000000	0.000000000	0.000000000
500.000000000	300.000000000	NaN	102.443856729	0.000000000	0.000000000	0.000000000	0.000000000	0.000000000
600.000000000	300.000000000	NaN	102.443856729	0.000000000	0.000000000	0.000000000	0.000000000	0.000000000
700.000000000	300.000000000	NaN	102.443856729	0.000000000	0.000000000	0.000000000	0.000000000	0.000000000
800.000000000	300.000000000	NaN	102.443856729	0.000000000	0.000000000	0.000000000	0.000000000	0.000000000
900.000000000	300.000000000	NaN	102.443856729	0.000000000	0.000000000	0.000000000	0.000000000	0.000000000
1000.000000000	300.000000000	NaN	102.443856729	0.000000000	0.000000000	0.000000000	0.000000000	0.000000000
-1000.000000000	400.000000000	NaN	102.722149826	0.000000000	0.000000000	0.000000000	0.000000000	0.000000000
-900.000000000	400.000000000	NaN	102.722149826	0.000000000	0.000000000	0.000000000	0.000000000	0.000000000
-800.000000000	400.000000000	NaN	102.722149826	0.000000000	0.000000000	0.000000000	0.000000000	0.000000000
-700.000000000	400.000000000	NaN	102.722149826	0.000000000	0.000000000	0.000000000	0.000000000	0.000000000
-600.000000000	400.000000000	NaN	102.722149826	0.000000000	0.000000000	0.000000000	0.000000000	0.000000000
-500.000000000	400.000000000	NaN	102.722149826	0.000000000	0.000000000	0.000000000	0.000000000	0.000000000
-400.000000000	400.000000000	NaN	102.722149826	0.000000000	0.000000000	0.000000000	0.000000000	0.000000000
-300.000000000	400.000000000	NaN	102.722149826	0.000000000	0.000000000	0.000000000	0.000000000	0.000000000
-200.000000000	400.000000000	NaN	102.722149826	0.000000000	0.000000000	0.000000000	0.000000000	0.000000000
-100.000000000	400.000000000	NaN	102.722149826	0.000000000	0.000000000	0.000000000	0.000000000	0.000000000
0.000000000	400.000000000	NaN	102.722149826	0.000000000	0.000000000	0.000000000	0.000000000	0.000000000
100.000000000	400.000000000	NaN	102.722149826	0.000000000	0.000000000	0.000000000	0.000000000	0.000000000
200.000000000	400.000000000	NaN	102.722149826	0.000000000	0.000000000	0.000000000	0.000000000	0.000000000
300.000000000	400.000000000	NaN	102.722149826	0.000000000	0.000000000	0.000000000	0.000000000	0.000000000
400.000000000	400.000000000	NaN	102.722149826	0.000000000	0.000000000	0.000000000	0.000000000	0.000000000
500.000000000	400.000000000	NaN	102.722149826	0.000000000	0.000000000	0.000000000	0.000000000	0.000000000
600.000000000	400.000000000	NaN	102.722149826	0.000000000	0.000000000	0.000000000	0.000000000	0.000000000
700.000000000	400.000000000	NaN	102.722149826	0.000000000	0.000000000	0.000000000	0.000000000	0.000000000
800.000000000	400.000000000	NaN	102.722149826	0.000000000	0.000000000	0.000000000	0.000000000	0.000000000
900.000000000	400.000000000	NaN	102.722149826	0.000000000	0.000000000	0.000000000	0.000000000	0.000000000
1000.000000000	400.000000000	NaN	102.722149826	0.000000000	0.000000000	0.000000000	0.000000000	0.000000000
-1000.000000000	500.000000000	NaN	102.722149826	0.000000000	0.000000000	0.000000000	0.000000000	0.000000000
-900.000000000	500.000000000	NaN	102.722149826	0.000000000	0.000000000	0.000000000	0.000000000	0.000000000
-800.000000000	500.000000000	NaN	102.722149826	0.000000000	0.000000000	0.000000000	0.000000000	0.000000000
-700.000000000	500.000000000	NaN	102.722149826	0.000000000	0.000000000	0.000000000	0.000000000	0.000000000
-600.000000000	500.000000000	NaN	102.722149826	0.000000000	0.000000000	0.000000000	0.000000000	0.000000000
-500.000000000	500.000000000	NaN	102.722149826	0.000000000	0.000000000	0.000000000	0.000000000	0.000000000
-400.000000000	500.000000000	NaN	102.722149826	0.000000000	0.000000000	0.000000000	0.000000000	0.000000000
-300.000000000	500.000000000	NaN	102.722149826	0.000000000	0.000000000	0.000000000	0.000000000	0.000000000
-200.000000000	500.000000000	NaN	102.722149826	0.000000000	0.000000000	0.000000000	0.000000000	0.000000000
-100.000000000	500.000000000	NaN	102.722149826	0.000000000	0.000000000	0.000000000	0.000000000	0.000000000
0.000000000	500.000000000	NaN	102.722149826	0.000000000	0.000000000	0.000000000	0.000000000	0.000000000
100.000000000	500.000000000	NaN	102.722149826	0.000000000	0.000000000	0.000000000	0.000000000	0.000000000
200.000000000	500.000000000	NaN	102.722149826	0.000000000	0.000000000	0.000000000	0.000000000	0.000000000
300.000000000	500.000000000	NaN	102.722149826	0.000000000	0.000000000	0.000000000	0.000000000	0.000000000
400.000000000	500.000000000	NaN	102.722149826	0.000000000	0.000000000	0.000000000	0.000000000	0.000000000
500.000000000	500.000000000	NaN	102.722149826	0.000000000	0.000000000	0.000000000	0.000000000	0.000000000
600.000000000	500.000000000	NaN	102.722149826	0.000000000	0.000000000	0.000000000	0.000000000	0.000000000
700.000000000	500.000000000	NaN	102.722149826	0.000000000	0.000000000	0.000000000	0.000000000	0.000000000
800.000000000	500.000000000	NaN	102.722149826	0.000000000	0.000000000	0.000000000	0.000000000	0.000000000
900.000000000	500.000000000	NaN	102.722149826	0.000000000	0.000000000	0.000000000	0.000000000	0.000000000
1000.000000000	500.000000000	NaN	102.722149826	0.000000000	0.000000000	0.000000000	0.000000000	0.000000000
-1000.000000000	600.000000000	NaN	103.033632253	0.000000000	0.000000000	0.000000000	0.000000000	0.000000000
-900.000000000	600.000000000	NaN	103.033632253	0.000000000	0.000000000	0.000000000	0.000000000	0.000000000
-800.000000000	600.000000000	NaN	103.033632253	0.000000000	0.000000000	0.000000000	0.000000000	0.000000000
-700.000000000	600.000000000	NaN	103.033632253	0.000000000	0.000000000	0.000000000	0.000000000	0.000000000
-600.000000000	600.000000000	NaN	103.033632253	0.000000000	0.000000000	0.000000000	0.000000000	0.000000000
-500.000000000	600.000000000	NaN	103.033632253	0.000000000	0.000000000	0.000000000	0.000000000	0.000000000
-400.000000000	600.000000000	NaN	103.033632253	0.000000000	0.000000000	0.000000000	0.000000000	0.000000000
-300.000000000	600.000000000	NaN	103.033632253	0.000000000	0.000000000	0.000000000	0.000000000	0.000000000
-200.000000000	600.000000000	NaN	103.033632253	0.000000000	0.000000000	0.000000000	0.000000000	0.000000000
-100.000000000	600.000000000	NaN	103.033632253	0.000000000	0.000000000	0.000000000	0.000000000	0.000000000
0.000000000	600.000000000	NaN	103.033632253	0.000000000	0.000000000	0.000000000	0.000000000	0.000000000
100.000000000	600.000000000	NaN	103.033632253	0.000000000	0.000000000	0.000000000	0.000000000	0.000000000
200.000000000	600.000000000	NaN	103.033632253	0.000000000	0.000000000	0.000000000	0.000000000	0.000000000
300.000000000	600.000000000	NaN	103.033632253	0.000000000	0.000000000	0.000000000	0.000000000	0.000000000
400.000000000	600.000000000	NaN	103.033632253	0.000000000	0.000000000	0.000000000	0.000000000	0.000000000
500.000000000	600.000000000	NaN	103.033632253	0.000000000	0.000000000	0.000000000	0.000000000	0.000000000
600.000000000	600.000000000	NaN	103.033632253	0.000000000	0.000000000	0.000000000	0.000000000	0.000000000
700.000000000	600.000000000	NaN	103.033632253	0.000000000	0.000000000	0.000000000	0.000000000	0.000000000
800.000000000	600.000000000	NaN	103.033632253	0.000000000	0.000000000	0.000000000	0.000000000	0.000000000
900.000000000	600.000000000	NaN	103.033632253	0.000000000	0.000000000	0.000000000	0.000000000	0.000000000
1000.000000000	600.000000000	NaN	103.033632253	0.000000000	0.000000000	0.000000000	0.000000000	0.000000000
-1000.000000000	700.000000000	NaN	103.033632253	0.000000000	0.000000000	0.000000000	0.000000000	0.000000000
-900.000000000	700.000000000	NaN	103.033632253	0.000000000	0.000000000	0.000000000	0.000000000	0.000000000
-800.000000000	700.000000000	NaN	103.033632253	0.000000000	0.000000000	0.000000000	0.000000000	0.000000000
-700.000000000	700.000000000	NaN	103.033632253	0.000000000	0.000000000	0.000000000	0.000000000	0.000000000
-600.000000000	700.000000000	NaN	103.033632253	0.000000000	0.000000000	0.000000000	0.000000000	0.000000000
-500.000000000	700.000000000	NaN	103.033632253	0.000000000	0.000000000	0.000000000	0.000000000	0.000000000
-400.000000000	700.000000000	NaN	103.033632253	0.000000000	0.000000000	0.000000000	0.000000000	0.000000000
-300.000000000	700.000000000	NaN	103.033632253	0.000000000	0.000000000	0.000000000	0.000000000	0.000000000
-200.000000000	700.000000000	NaN	103.033632253	0.000000000	0.000000000	0.000000000	0.000000000	0.000000000
-100.000000000	700.000000000	NaN	103.033632253	0.000000000	0.000000000	0.000000000	0.000000000	0.000000000
0.000000000	700.000000000	NaN	103.033632253	0.000000000	0.000000000	0.000000000	0.000000000	0.000000000
100.000000000	700.000000000	NaN	103.033632253	0.000000000	0.000000000	0.000000000	0.000000000	0.000000000
200.000000000	700.000000000	NaN	103.033632253	0.000000000	0.000000000	0.000000000	0.000000000	0.000000000
300.000000000	700.000000000	NaN	103.033632253	0.000000000	0.000000000	0.000000000	0.000000000	0.000000000
400.000000000	700.000000000	NaN	103.033632253	0.000000000	0.000000000	0.000000000	0.000000000	0.000000000
500.000000000	700.000000000	NaN	103.033632253	0.000000000	0.000000000	0.000000000	0.000000000	0.000000000
600.000000000	700.000000000	NaN	103.033632253	0.000000000	0.000000000	0.000000000	0.000000000	0.000000000
700.000000000	700.000000000	NaN	103.033632253	0.000000000	0.000000000	0.000000000	0.000000000	0.000000000
800.000000000	700.000000000	NaN	103.033632253	0.000000000	0.000000000	0.000000000	0.000000000	0.000000000
900.000000000	700.000000000	NaN	103.033632253	0.000000000	0.000000000	0.000000000	0.000000000	0.000000000
1000.000000000	700.000000000	NaN	103.033632253	0.000000000	0.000000000	0.000000000	0.000000000	0.000000000
-1000.000000000	800.000000000	NaN	103.055872574	0.000000000	0.000000000	0.000000000	0.000000000	0.000000000
-900.000000000	800.000000000	NaN	103.055872574	0.000000000	0.000000000	0.000000000	0.000000000	0.000000000
-800.000000000	800.000000000	NaN	103.055872574	0.000000000	0.000000000	0.000000000	0.000000000	0.000000000
-700.000000000	800.000000000	NaN	103.055872574	0.000000000	0.000000000	0.000000000	0.000000000	0.000000000
-600.000000000	800.000000000	NaN	103.055872574	0.000000000	0.000000000	0.000000000	0.000000000	0.000000000
-500.000000000	800.000000000	NaN	103.055872574	0.000000000	0.000000000	0.000000000	0.000000000	0.000000000
-400.000000000	800.000000000	NaN	103.055872574	0.000000000	0.000000000	0.000000000	0.000000000	0.000000000
-300.000000000	800.000000000	NaN	103.055872574	0.000000000	0.000000000	0.000000000	0.000000000	0.000000000
-200.000000000	800.000000000	NaN	103.055872574	0.000000000	0.000000000	0.000000000	0.000000000	0.000000000
-100.000000000	800.000000000	NaN	103.055872574	0.000000000	0.000000000	0.000000000	0.000000000	0.000000000
0.000000000	800.000000000	NaN	103.055872574	0.000000000	0.000000000	0.000000000	0.000000000	0.000000000
100.000000000	800.000000000	NaN	103.055872574	0.000000000	0.000000000	0.000000000	0.000000000	0.000000000
200.000000000	800.000000000	NaN	103.055872574	0.000000000	0.000000000	0.000000000	0.000000000	0.000000000
300.000000000	800.000000000	NaN	103.055872574	0.000000000	0.000000000	0.000000000	0.000000000	0.000000000
400.000000000	800.000000000	NaN	103.055872574	0.000000000	0.000000000	0.000000000	0.000000000	0.000000000
500.000000000	800.000000000	NaN	103.055872574	0.000000000	0.000000000	0.000000000	0.000000000	0.000000000
600.000000000	800.000000000	NaN	103.055872574	0.000000000	0.000000000	0.000000000	0.000000000	0.000000000
700.000000000	800.000000000	NaN	103.055872574	0.000000000	0.000000000	0.000000000	0.000000000	0.000000000
800.000000000	800.000000000	NaN	103.055872574	0.000000000	0.000000000	0.000000000	0.000000000	0.000000000
900.000000000	800.000000000	NaN	103.055872574	0.000000000	0.000000000	0.000000000	0.000000000	0.000000000
1000.000000000	800.000000000	NaN	103.055872574	0.000000000	0.000000000	0.000000000	0.000000000	0.000000000
-1000.000000000	900.000000000	NaN	103.055872574	0.000000000	0.000000000	0.000000000	0.000000000	0.000000000
-900.000000000	900.000000000	NaN	103.055872574	0.000000000	0.000000000	0.000000000	0.000000000	0.000000000
-800.000000000	900.000000000	NaN	103.055872574	0.000000000	0.000000000	0.000000000	0.000000000	0.000000000
-700.000000000	900.000000000	NaN	103.055872574	0.000000000	0.000000000	0.000000000	0.000000000	0.000000000
-600.000000000	900.000000000	NaN	103.055872574	0.000000000	0.000000000	0.000000000	0.000000000	0.000000000
-500.000000000	900.000000000	NaN	103.055872574	0.000000000	0.000000000	0.000000000	0.000000000	0.000000000
-400.000000000	900.000000000	NaN	103.055872574	0.000000000	0.000000000	0.000000000	0.000000000	0.000000000
-300.000000000	900.000000000	NaN	103.055872574	0.000000000	0.000000000	0.000000000	0.000000000	0.000000000
-200.000000000	900.000000000	NaN	103.055872574	0.000000000	0.000000000	0.000000000	0.000000000	0.000000000
-100.000000000	900.000000000	NaN	103.055872574	0.000000000	0.000000000	0.000000000	0.000000000	0.000000000
0.000000000	900.000000000	NaN	103.055872574	0.000000000	0.000000000	0.000000000	0.000000000	0.000000000
100.000000000	900.000000000	NaN	103.055872574	0.000000000	0.000000000	0.000000000	0.000000000	0.000000000
200.000000000	900.000000000	NaN	103.055872574	0.000000000	0.000000000	0.000000000	0.000000000	0.000000000
300.000000000	900.000000000	NaN	103.055872574	0.000000000	0.000000000	0.000000000	0.000000000	0.000000000
400.000000000	900.000000000	NaN	103.055872574	0.000000000	0.000000000	0.000000000	0.000000000	0.000000000
500.000000000	900.000000000	NaN	103.055872574	0.000000000	0.000000000	0.000000000	0.000000000	0.000000000
600.000000000	900.000000000	NaN	103.055872574	0.000000000	0.000000000	0.000000000	0.000000000	0.000000000
700.000000000	900.000000000	NaN	103.055872574	0.000000000	0.000000000	0.000000000	0.000000000	0.000000000
800.000000000	900.000000000	NaN	103.055872574	0.000000000	0.000000000	0.000000000	0.000000000	0.000000000
900.000000000	900.000000000	NaN	103.055872574	0.000000000	0.000000000	0.000000000	0.000000000	0.000000000
1000.000000000	900.000000000	NaN	103.055872574	0.000000000	0.000000000	0.000000000	0.000000000	0.000000000
-1000.000000000	1000.000000000	NaN	102.621984123	0.000000000	0.000000000	0.000000000	0.000000000	0.000000000
-900.000000000	1000.000000000	NaN	102.621984123	0.000000000	0.000000000	0.000000000	0.000000000	0.000000000
-800.000000000	1000.000000000	NaN	102.621984123	0.000000000	0.000000000	0.000000000	0.000000000	0.000000000
-700.000000000	1000.000000000	NaN	102.621984123	0.000000000	0.000000000	0.000000000	0.000000000	0.000000000
-600.000000000	1000.000000000	NaN	102.621984123	0.000000000	0.000000000	0.000000000	0.000000000	0.000000000
-500.000000000	1000.000000000	NaN	102.621984123	0.000000000	0.000000000	0.000000000	0.000000000	0.000000000
-400.000000000	1000.000000000	NaN	102.621984123	0.000000000	0.000000000	0.000000000	0.000000000	0.000000000
-300.000000000	1000.000000000	NaN	102.621984123	0.000000000	0.000000000	0.000000000	0.000000000	0.000000000
-200.000000000	1000.000000000	NaN	102.621984123	0.000000000	0.000000000	0.000000000	0.000000000	0.000000000
-100.000000000	1000.000000000	NaN	102.621984123	0.000000000	0.000000000	0.000000000	0.000000000	0.000000000
0.000000000	1000.000000000	NaN	102.621984123	0.000000000	0.000000000	0.000000000	0.000000000	0.000000000
100.000000000	1000.000000000	NaN	102.621984123	0.000000000	0.000000000	0.000000000	0.000000000	0.000000000
200.000000000	1000.000000000	NaN	102.621984123	0.000000000	0.000000000	0.000000000	0.000000000	0.000000000
300.000000000	1000.000000000	NaN	102.621984123	0.000000000	0.000000000	0.000000000	0.000000000	0.000000000
400.000000000	1000.000000000	NaN	102.621984123	0.000000000	0.000000000	0.000000000	0.000000000	0.000000000
500.000000000	1000.000000000	NaN	102.621984123	0.000000000	0.000000000	0.000000000	0.000000000	0.000000000
600.000000000	1000.000000000	NaN	102.621984123	0.000000000	0.000000000	0.000000000	0.000000000	0.000000000
700.000000000	1000.000000000	NaN	102.621984123	0.000000000	0.000000000	0.000000000	0.000000000	0.000000000
800.000000000	1000.000000000	NaN	102.621984123	0.000000000	0.000000000	0.000000000	0.000000000	0.000000000
900.000000000	1000.000000000	NaN	102.621984123	0.000000000	0.000000000	0.000000000	0.000000000	0.000000000
1000.000000000	1000.000000000	NaN	102.621984123	0.000000000	0.000000000	0.000000000	0.000000000	0.000000000
