Set Temp (deg C)	86.000000	Laser Power (uW)	1017	Laser Detuning (GHz)	12
X  Field (nT)	Z  Field (nT)	Photodiode Voltage (V)	Temperature (C) 2D	Y  Field (nT)	Photodiode Voltage (V)	Temperature (C) 1D	Frequency (Hz)	Photodiode Voltage (V)		
-1000.000000000	-1000.000000000	NaN	122.250007420	-1000.000000000	NaN	122.250007420	0.000000000	0.000000000
-900.000000000	-1000.000000000	NaN	122.250007420	-960.000000000	NaN	122.250007420	0.000000000	0.000000000
-800.000000000	-1000.000000000	NaN	122.250007420	-920.000000000	NaN	122.250007420	0.000000000	0.000000000
-700.000000000	-1000.000000000	NaN	122.250007420	-880.000000000	NaN	122.250007420	0.000000000	0.000000000
-600.000000000	-1000.000000000	NaN	122.250007420	-840.000000000	NaN	122.250007420	0.000000000	0.000000000
-500.000000000	-1000.000000000	NaN	122.250007420	-800.000000000	NaN	122.250007420	0.000000000	0.000000000
-400.000000000	-1000.000000000	NaN	122.250007420	-760.000000000	NaN	122.250007420	0.000000000	0.000000000
-300.000000000	-1000.000000000	NaN	122.250007420	-720.000000000	NaN	122.250007420	0.000000000	0.000000000
-200.000000000	-1000.000000000	NaN	122.250007420	-680.000000000	NaN	122.250007420	0.000000000	0.000000000
-100.000000000	-1000.000000000	NaN	122.250007420	-640.000000000	NaN	122.250007420	0.000000000	0.000000000
0.000000000	-1000.000000000	NaN	122.250007420	-600.000000000	NaN	122.250007420	0.000000000	0.000000000
100.000000000	-1000.000000000	NaN	122.250007420	-560.000000000	NaN	122.250007420	0.000000000	0.000000000
200.000000000	-1000.000000000	NaN	122.250007420	-520.000000000	NaN	122.250007420	0.000000000	0.000000000
300.000000000	-1000.000000000	NaN	122.250007420	-480.000000000	NaN	122.250007420	0.000000000	0.000000000
400.000000000	-1000.000000000	NaN	122.250007420	-440.000000000	NaN	122.250007420	0.000000000	0.000000000
500.000000000	-1000.000000000	NaN	122.250007420	-400.000000000	NaN	122.250007420	0.000000000	0.000000000
600.000000000	-1000.000000000	NaN	122.250007420	-360.000000000	NaN	122.250007420	0.000000000	0.000000000
700.000000000	-1000.000000000	NaN	122.250007420	-320.000000000	NaN	122.250007420	0.000000000	0.000000000
800.000000000	-1000.000000000	NaN	122.250007420	-280.000000000	NaN	122.250007420	0.000000000	0.000000000
900.000000000	-1000.000000000	NaN	122.250007420	-240.000000000	NaN	122.250007420	0.000000000	0.000000000
1000.000000000	-1000.000000000	NaN	122.250007420	-200.000000000	NaN	122.250007420	0.000000000	0.000000000
-1000.000000000	-900.000000000	NaN	122.415137480	-160.000000000	NaN	122.250007420	0.000000000	0.000000000
-900.000000000	-900.000000000	NaN	122.415137480	-120.000000000	NaN	122.250007420	0.000000000	0.000000000
-800.000000000	-900.000000000	NaN	122.415137480	-80.000000000	NaN	122.250007420	0.000000000	0.000000000
-700.000000000	-900.000000000	NaN	122.415137480	-40.000000000	NaN	122.250007420	0.000000000	0.000000000
-600.000000000	-900.000000000	NaN	122.415137480	0.000000000	NaN	122.250007420	0.000000000	0.000000000
-500.000000000	-900.000000000	NaN	122.415137480	40.000000000	NaN	122.250007420	0.000000000	0.000000000
-400.000000000	-900.000000000	NaN	122.415137480	80.000000000	NaN	122.250007420	0.000000000	0.000000000
-300.000000000	-900.000000000	NaN	122.415137480	120.000000000	NaN	122.250007420	0.000000000	0.000000000
-200.000000000	-900.000000000	NaN	122.415137480	160.000000000	NaN	122.250007420	0.000000000	0.000000000
-100.000000000	-900.000000000	NaN	122.415137480	200.000000000	NaN	122.250007420	0.000000000	0.000000000
0.000000000	-900.000000000	NaN	122.415137480	240.000000000	NaN	122.250007420	0.000000000	0.000000000
100.000000000	-900.000000000	NaN	122.415137480	280.000000000	NaN	122.250007420	0.000000000	0.000000000
200.000000000	-900.000000000	NaN	122.415137480	320.000000000	NaN	122.250007420	0.000000000	0.000000000
300.000000000	-900.000000000	NaN	122.415137480	360.000000000	NaN	122.250007420	0.000000000	0.000000000
400.000000000	-900.000000000	NaN	122.415137480	400.000000000	NaN	122.250007420	0.000000000	0.000000000
500.000000000	-900.000000000	NaN	122.415137480	440.000000000	NaN	122.250007420	0.000000000	0.000000000
600.000000000	-900.000000000	NaN	122.415137480	480.000000000	NaN	122.250007420	0.000000000	0.000000000
700.000000000	-900.000000000	NaN	122.415137480	520.000000000	NaN	122.250007420	0.000000000	0.000000000
800.000000000	-900.000000000	NaN	122.415137480	560.000000000	NaN	122.250007420	0.000000000	0.000000000
900.000000000	-900.000000000	NaN	122.415137480	600.000000000	NaN	122.250007420	0.000000000	0.000000000
1000.000000000	-900.000000000	NaN	122.415137480	640.000000000	NaN	122.250007420	0.000000000	0.000000000
-1000.000000000	-800.000000000	NaN	122.415137480	680.000000000	NaN	122.250007420	0.000000000	0.000000000
-900.000000000	-800.000000000	NaN	122.415137480	720.000000000	NaN	122.250007420	0.000000000	0.000000000
-800.000000000	-800.000000000	NaN	122.415137480	760.000000000	NaN	122.250007420	0.000000000	0.000000000
-700.000000000	-800.000000000	NaN	122.415137480	800.000000000	NaN	122.250007420	0.000000000	0.000000000
-600.000000000	-800.000000000	NaN	122.415137480	840.000000000	NaN	122.250007420	0.000000000	0.000000000
-500.000000000	-800.000000000	NaN	122.415137480	880.000000000	NaN	122.250007420	0.000000000	0.000000000
-400.000000000	-800.000000000	NaN	122.415137480	920.000000000	NaN	122.250007420	0.000000000	0.000000000
-300.000000000	-800.000000000	NaN	122.415137480	960.000000000	NaN	122.250007420	0.000000000	0.000000000
-200.000000000	-800.000000000	NaN	122.415137480	1000.000000000	NaN	122.250007420	0.000000000	0.000000000
-100.000000000	-800.000000000	NaN	122.415137480	0.000000000	0.000000000	0.000000000	0.000000000	0.000000000
0.000000000	-800.000000000	NaN	122.415137480	0.000000000	0.000000000	0.000000000	0.000000000	0.000000000
100.000000000	-800.000000000	NaN	122.415137480	0.000000000	0.000000000	0.000000000	0.000000000	0.000000000
200.000000000	-800.000000000	NaN	122.415137480	0.000000000	0.000000000	0.000000000	0.000000000	0.000000000
300.000000000	-800.000000000	NaN	122.415137480	0.000000000	0.000000000	0.000000000	0.000000000	0.000000000
400.000000000	-800.000000000	NaN	122.415137480	0.000000000	0.000000000	0.000000000	0.000000000	0.000000000
500.000000000	-800.000000000	NaN	122.415137480	0.000000000	0.000000000	0.000000000	0.000000000	0.000000000
600.000000000	-800.000000000	NaN	122.415137480	0.000000000	0.000000000	0.000000000	0.000000000	0.000000000
700.000000000	-800.000000000	NaN	122.415137480	0.000000000	0.000000000	0.000000000	0.000000000	0.000000000
800.000000000	-800.000000000	NaN	122.415137480	0.000000000	0.000000000	0.000000000	0.000000000	0.000000000
900.000000000	-800.000000000	NaN	122.415137480	0.000000000	0.000000000	0.000000000	0.000000000	0.000000000
1000.000000000	-800.000000000	NaN	122.415137480	0.000000000	0.000000000	0.000000000	0.000000000	0.000000000
-1000.000000000	-700.000000000	NaN	122.363551124	0.000000000	0.000000000	0.000000000	0.000000000	0.000000000
-900.000000000	-700.000000000	NaN	122.363551124	0.000000000	0.000000000	0.000000000	0.000000000	0.000000000
-800.000000000	-700.000000000	NaN	122.363551124	0.000000000	0.000000000	0.000000000	0.000000000	0.000000000
-700.000000000	-700.000000000	NaN	122.363551124	0.000000000	0.000000000	0.000000000	0.000000000	0.000000000
-600.000000000	-700.000000000	NaN	122.363551124	0.000000000	0.000000000	0.000000000	0.000000000	0.000000000
-500.000000000	-700.000000000	NaN	122.363551124	0.000000000	0.000000000	0.000000000	0.000000000	0.000000000
-400.000000000	-700.000000000	NaN	122.363551124	0.000000000	0.000000000	0.000000000	0.000000000	0.000000000
-300.000000000	-700.000000000	NaN	122.363551124	0.000000000	0.000000000	0.000000000	0.000000000	0.000000000
-200.000000000	-700.000000000	NaN	122.363551124	0.000000000	0.000000000	0.000000000	0.000000000	0.000000000
-100.000000000	-700.000000000	NaN	122.363551124	0.000000000	0.000000000	0.000000000	0.000000000	0.000000000
0.000000000	-700.000000000	NaN	122.363551124	0.000000000	0.000000000	0.000000000	0.000000000	0.000000000
100.000000000	-700.000000000	NaN	122.363551124	0.000000000	0.000000000	0.000000000	0.000000000	0.000000000
200.000000000	-700.000000000	NaN	122.363551124	0.000000000	0.000000000	0.000000000	0.000000000	0.000000000
300.000000000	-700.000000000	NaN	122.363551124	0.000000000	0.000000000	0.000000000	0.000000000	0.000000000
400.000000000	-700.000000000	NaN	122.363551124	0.000000000	0.000000000	0.000000000	0.000000000	0.000000000
500.000000000	-700.000000000	NaN	122.363551124	0.000000000	0.000000000	0.000000000	0.000000000	0.000000000
600.000000000	-700.000000000	NaN	122.363551124	0.000000000	0.000000000	0.000000000	0.000000000	0.000000000
700.000000000	-700.000000000	NaN	122.363551124	0.000000000	0.000000000	0.000000000	0.000000000	0.000000000
800.000000000	-700.000000000	NaN	122.363551124	0.000000000	0.000000000	0.000000000	0.000000000	0.000000000
900.000000000	-700.000000000	NaN	122.363551124	0.000000000	0.000000000	0.000000000	0.000000000	0.000000000
1000.000000000	-700.000000000	NaN	122.363551124	0.000000000	0.000000000	0.000000000	0.000000000	0.000000000
-1000.000000000	-600.000000000	NaN	122.363551124	0.000000000	0.000000000	0.000000000	0.000000000	0.000000000
-900.000000000	-600.000000000	NaN	122.363551124	0.000000000	0.000000000	0.000000000	0.000000000	0.000000000
-800.000000000	-600.000000000	NaN	122.363551124	0.000000000	0.000000000	0.000000000	0.000000000	0.000000000
-700.000000000	-600.000000000	NaN	122.363551124	0.000000000	0.000000000	0.000000000	0.000000000	0.000000000
-600.000000000	-600.000000000	NaN	122.363551124	0.000000000	0.000000000	0.000000000	0.000000000	0.000000000
-500.000000000	-600.000000000	NaN	122.363551124	0.000000000	0.000000000	0.000000000	0.000000000	0.000000000
-400.000000000	-600.000000000	NaN	122.363551124	0.000000000	0.000000000	0.000000000	0.000000000	0.000000000
-300.000000000	-600.000000000	NaN	122.363551124	0.000000000	0.000000000	0.000000000	0.000000000	0.000000000
-200.000000000	-600.000000000	NaN	122.363551124	0.000000000	0.000000000	0.000000000	0.000000000	0.000000000
-100.000000000	-600.000000000	NaN	122.363551124	0.000000000	0.000000000	0.000000000	0.000000000	0.000000000
0.000000000	-600.000000000	NaN	122.363551124	0.000000000	0.000000000	0.000000000	0.000000000	0.000000000
100.000000000	-600.000000000	NaN	122.363551124	0.000000000	0.000000000	0.000000000	0.000000000	0.000000000
200.000000000	-600.000000000	NaN	122.363551124	0.000000000	0.000000000	0.000000000	0.000000000	0.000000000
300.000000000	-600.000000000	NaN	122.363551124	0.000000000	0.000000000	0.000000000	0.000000000	0.000000000
400.000000000	-600.000000000	NaN	122.363551124	0.000000000	0.000000000	0.000000000	0.000000000	0.000000000
500.000000000	-600.000000000	NaN	122.363551124	0.000000000	0.000000000	0.000000000	0.000000000	0.000000000
600.000000000	-600.000000000	NaN	122.363551124	0.000000000	0.000000000	0.000000000	0.000000000	0.000000000
700.000000000	-600.000000000	NaN	122.363551124	0.000000000	0.000000000	0.000000000	0.000000000	0.000000000
800.000000000	-600.000000000	NaN	122.363551124	0.000000000	0.000000000	0.000000000	0.000000000	0.000000000
900.000000000	-600.000000000	NaN	122.363551124	0.000000000	0.000000000	0.000000000	0.000000000	0.000000000
1000.000000000	-600.000000000	NaN	122.363551124	0.000000000	0.000000000	0.000000000	0.000000000	0.000000000
-1000.000000000	-500.000000000	NaN	122.208700522	0.000000000	0.000000000	0.000000000	0.000000000	0.000000000
-900.000000000	-500.000000000	NaN	122.208700522	0.000000000	0.000000000	0.000000000	0.000000000	0.000000000
-800.000000000	-500.000000000	NaN	122.208700522	0.000000000	0.000000000	0.000000000	0.000000000	0.000000000
-700.000000000	-500.000000000	NaN	122.208700522	0.000000000	0.000000000	0.000000000	0.000000000	0.000000000
-600.000000000	-500.000000000	NaN	122.208700522	0.000000000	0.000000000	0.000000000	0.000000000	0.000000000
-500.000000000	-500.000000000	NaN	122.208700522	0.000000000	0.000000000	0.000000000	0.000000000	0.000000000
-400.000000000	-500.000000000	NaN	122.208700522	0.000000000	0.000000000	0.000000000	0.000000000	0.000000000
-300.000000000	-500.000000000	NaN	122.208700522	0.000000000	0.000000000	0.000000000	0.000000000	0.000000000
-200.000000000	-500.000000000	NaN	122.208700522	0.000000000	0.000000000	0.000000000	0.000000000	0.000000000
-100.000000000	-500.000000000	NaN	122.208700522	0.000000000	0.000000000	0.000000000	0.000000000	0.000000000
0.000000000	-500.000000000	NaN	122.208700522	0.000000000	0.000000000	0.000000000	0.000000000	0.000000000
100.000000000	-500.000000000	NaN	122.208700522	0.000000000	0.000000000	0.000000000	0.000000000	0.000000000
200.000000000	-500.000000000	NaN	122.208700522	0.000000000	0.000000000	0.000000000	0.000000000	0.000000000
300.000000000	-500.000000000	NaN	122.208700522	0.000000000	0.000000000	0.000000000	0.000000000	0.000000000
400.000000000	-500.000000000	NaN	122.208700522	0.000000000	0.000000000	0.000000000	0.000000000	0.000000000
500.000000000	-500.000000000	NaN	122.208700522	0.000000000	0.000000000	0.000000000	0.000000000	0.000000000
600.000000000	-500.000000000	NaN	122.208700522	0.000000000	0.000000000	0.000000000	0.000000000	0.000000000
700.000000000	-500.000000000	NaN	122.208700522	0.000000000	0.000000000	0.000000000	0.000000000	0.000000000
800.000000000	-500.000000000	NaN	122.208700522	0.000000000	0.000000000	0.000000000	0.000000000	0.000000000
900.000000000	-500.000000000	NaN	122.208700522	0.000000000	0.000000000	0.000000000	0.000000000	0.000000000
1000.000000000	-500.000000000	NaN	122.208700522	0.000000000	0.000000000	0.000000000	0.000000000	0.000000000
-1000.000000000	-400.000000000	NaN	122.208700522	0.000000000	0.000000000	0.000000000	0.000000000	0.000000000
-900.000000000	-400.000000000	NaN	122.208700522	0.000000000	0.000000000	0.000000000	0.000000000	0.000000000
-800.000000000	-400.000000000	NaN	122.208700522	0.000000000	0.000000000	0.000000000	0.000000000	0.000000000
-700.000000000	-400.000000000	NaN	122.208700522	0.000000000	0.000000000	0.000000000	0.000000000	0.000000000
-600.000000000	-400.000000000	NaN	122.208700522	0.000000000	0.000000000	0.000000000	0.000000000	0.000000000
-500.000000000	-400.000000000	NaN	122.208700522	0.000000000	0.000000000	0.000000000	0.000000000	0.000000000
-400.000000000	-400.000000000	NaN	122.208700522	0.000000000	0.000000000	0.000000000	0.000000000	0.000000000
-300.000000000	-400.000000000	NaN	122.208700522	0.000000000	0.000000000	0.000000000	0.000000000	0.000000000
-200.000000000	-400.000000000	NaN	122.208700522	0.000000000	0.000000000	0.000000000	0.000000000	0.000000000
-100.000000000	-400.000000000	NaN	122.208700522	0.000000000	0.000000000	0.000000000	0.000000000	0.000000000
0.000000000	-400.000000000	NaN	122.208700522	0.000000000	0.000000000	0.000000000	0.000000000	0.000000000
100.000000000	-400.000000000	NaN	122.208700522	0.000000000	0.000000000	0.000000000	0.000000000	0.000000000
200.000000000	-400.000000000	NaN	122.208700522	0.000000000	0.000000000	0.000000000	0.000000000	0.000000000
300.000000000	-400.000000000	NaN	122.208700522	0.000000000	0.000000000	0.000000000	0.000000000	0.000000000
400.000000000	-400.000000000	NaN	122.208700522	0.000000000	0.000000000	0.000000000	0.000000000	0.000000000
500.000000000	-400.000000000	NaN	122.208700522	0.000000000	0.000000000	0.000000000	0.000000000	0.000000000
600.000000000	-400.000000000	NaN	122.208700522	0.000000000	0.000000000	0.000000000	0.000000000	0.000000000
700.000000000	-400.000000000	NaN	122.208700522	0.000000000	0.000000000	0.000000000	0.000000000	0.000000000
800.000000000	-400.000000000	NaN	122.208700522	0.000000000	0.000000000	0.000000000	0.000000000	0.000000000
900.000000000	-400.000000000	NaN	122.208700522	0.000000000	0.000000000	0.000000000	0.000000000	0.000000000
1000.000000000	-400.000000000	NaN	122.208700522	0.000000000	0.000000000	0.000000000	0.000000000	0.000000000
-1000.000000000	-300.000000000	NaN	122.208700522	0.000000000	0.000000000	0.000000000	0.000000000	0.000000000
-900.000000000	-300.000000000	NaN	122.208700522	0.000000000	0.000000000	0.000000000	0.000000000	0.000000000
-800.000000000	-300.000000000	NaN	122.208700522	0.000000000	0.000000000	0.000000000	0.000000000	0.000000000
-700.000000000	-300.000000000	NaN	122.208700522	0.000000000	0.000000000	0.000000000	0.000000000	0.000000000
-600.000000000	-300.000000000	NaN	122.208700522	0.000000000	0.000000000	0.000000000	0.000000000	0.000000000
-500.000000000	-300.000000000	NaN	122.208700522	0.000000000	0.000000000	0.000000000	0.000000000	0.000000000
-400.000000000	-300.000000000	NaN	122.208700522	0.000000000	0.000000000	0.000000000	0.000000000	0.000000000
-300.000000000	-300.000000000	NaN	122.208700522	0.000000000	0.000000000	0.000000000	0.000000000	0.000000000
-200.000000000	-300.000000000	NaN	122.208700522	0.000000000	0.000000000	0.000000000	0.000000000	0.000000000
-100.000000000	-300.000000000	NaN	122.208700522	0.000000000	0.000000000	0.000000000	0.000000000	0.000000000
0.000000000	-300.000000000	NaN	122.208700522	0.000000000	0.000000000	0.000000000	0.000000000	0.000000000
100.000000000	-300.000000000	NaN	122.208700522	0.000000000	0.000000000	0.000000000	0.000000000	0.000000000
200.000000000	-300.000000000	NaN	122.208700522	0.000000000	0.000000000	0.000000000	0.000000000	0.000000000
300.000000000	-300.000000000	NaN	122.208700522	0.000000000	0.000000000	0.000000000	0.000000000	0.000000000
400.000000000	-300.000000000	NaN	122.208700522	0.000000000	0.000000000	0.000000000	0.000000000	0.000000000
500.000000000	-300.000000000	NaN	122.208700522	0.000000000	0.000000000	0.000000000	0.000000000	0.000000000
600.000000000	-300.000000000	NaN	122.208700522	0.000000000	0.000000000	0.000000000	0.000000000	0.000000000
700.000000000	-300.000000000	NaN	122.208700522	0.000000000	0.000000000	0.000000000	0.000000000	0.000000000
800.000000000	-300.000000000	NaN	122.208700522	0.000000000	0.000000000	0.000000000	0.000000000	0.000000000
900.000000000	-300.000000000	NaN	122.208700522	0.000000000	0.000000000	0.000000000	0.000000000	0.000000000
1000.000000000	-300.000000000	NaN	122.208700522	0.000000000	0.000000000	0.000000000	0.000000000	0.000000000
-1000.000000000	-200.000000000	NaN	122.208700522	0.000000000	0.000000000	0.000000000	0.000000000	0.000000000
-900.000000000	-200.000000000	NaN	122.208700522	0.000000000	0.000000000	0.000000000	0.000000000	0.000000000
-800.000000000	-200.000000000	NaN	122.208700522	0.000000000	0.000000000	0.000000000	0.000000000	0.000000000
-700.000000000	-200.000000000	NaN	122.208700522	0.000000000	0.000000000	0.000000000	0.000000000	0.000000000
-600.000000000	-200.000000000	NaN	122.208700522	0.000000000	0.000000000	0.000000000	0.000000000	0.000000000
-500.000000000	-200.000000000	NaN	122.208700522	0.000000000	0.000000000	0.000000000	0.000000000	0.000000000
-400.000000000	-200.000000000	NaN	122.208700522	0.000000000	0.000000000	0.000000000	0.000000000	0.000000000
-300.000000000	-200.000000000	NaN	122.208700522	0.000000000	0.000000000	0.000000000	0.000000000	0.000000000
-200.000000000	-200.000000000	NaN	122.208700522	0.000000000	0.000000000	0.000000000	0.000000000	0.000000000
-100.000000000	-200.000000000	NaN	122.208700522	0.000000000	0.000000000	0.000000000	0.000000000	0.000000000
0.000000000	-200.000000000	NaN	122.208700522	0.000000000	0.000000000	0.000000000	0.000000000	0.000000000
100.000000000	-200.000000000	NaN	122.208700522	0.000000000	0.000000000	0.000000000	0.000000000	0.000000000
200.000000000	-200.000000000	NaN	122.208700522	0.000000000	0.000000000	0.000000000	0.000000000	0.000000000
300.000000000	-200.000000000	NaN	122.208700522	0.000000000	0.000000000	0.000000000	0.000000000	0.000000000
400.000000000	-200.000000000	NaN	122.208700522	0.000000000	0.000000000	0.000000000	0.000000000	0.000000000
500.000000000	-200.000000000	NaN	122.208700522	0.000000000	0.000000000	0.000000000	0.000000000	0.000000000
600.000000000	-200.000000000	NaN	122.208700522	0.000000000	0.000000000	0.000000000	0.000000000	0.000000000
700.000000000	-200.000000000	NaN	122.208700522	0.000000000	0.000000000	0.000000000	0.000000000	0.000000000
800.000000000	-200.000000000	NaN	122.208700522	0.000000000	0.000000000	0.000000000	0.000000000	0.000000000
900.000000000	-200.000000000	NaN	122.208700522	0.000000000	0.000000000	0.000000000	0.000000000	0.000000000
1000.000000000	-200.000000000	NaN	122.208700522	0.000000000	0.000000000	0.000000000	0.000000000	0.000000000
-1000.000000000	-100.000000000	NaN	122.322271043	0.000000000	0.000000000	0.000000000	0.000000000	0.000000000
-900.000000000	-100.000000000	NaN	122.322271043	0.000000000	0.000000000	0.000000000	0.000000000	0.000000000
-800.000000000	-100.000000000	NaN	122.322271043	0.000000000	0.000000000	0.000000000	0.000000000	0.000000000
-700.000000000	-100.000000000	NaN	122.322271043	0.000000000	0.000000000	0.000000000	0.000000000	0.000000000
-600.000000000	-100.000000000	NaN	122.322271043	0.000000000	0.000000000	0.000000000	0.000000000	0.000000000
-500.000000000	-100.000000000	NaN	122.322271043	0.000000000	0.000000000	0.000000000	0.000000000	0.000000000
-400.000000000	-100.000000000	NaN	122.322271043	0.000000000	0.000000000	0.000000000	0.000000000	0.000000000
-300.000000000	-100.000000000	NaN	122.322271043	0.000000000	0.000000000	0.000000000	0.000000000	0.000000000
-200.000000000	-100.000000000	NaN	122.322271043	0.000000000	0.000000000	0.000000000	0.000000000	0.000000000
-100.000000000	-100.000000000	NaN	122.322271043	0.000000000	0.000000000	0.000000000	0.000000000	0.000000000
0.000000000	-100.000000000	NaN	122.322271043	0.000000000	0.000000000	0.000000000	0.000000000	0.000000000
100.000000000	-100.000000000	NaN	122.322271043	0.000000000	0.000000000	0.000000000	0.000000000	0.000000000
200.000000000	-100.000000000	NaN	122.322271043	0.000000000	0.000000000	0.000000000	0.000000000	0.000000000
300.000000000	-100.000000000	NaN	122.322271043	0.000000000	0.000000000	0.000000000	0.000000000	0.000000000
400.000000000	-100.000000000	NaN	122.322271043	0.000000000	0.000000000	0.000000000	0.000000000	0.000000000
500.000000000	-100.000000000	NaN	122.322271043	0.000000000	0.000000000	0.000000000	0.000000000	0.000000000
600.000000000	-100.000000000	NaN	122.322271043	0.000000000	0.000000000	0.000000000	0.000000000	0.000000000
700.000000000	-100.000000000	NaN	122.322271043	0.000000000	0.000000000	0.000000000	0.000000000	0.000000000
800.000000000	-100.000000000	NaN	122.322271043	0.000000000	0.000000000	0.000000000	0.000000000	0.000000000
900.000000000	-100.000000000	NaN	122.322271043	0.000000000	0.000000000	0.000000000	0.000000000	0.000000000
1000.000000000	-100.000000000	NaN	122.322271043	0.000000000	0.000000000	0.000000000	0.000000000	0.000000000
-1000.000000000	0.000000000	NaN	122.322271043	0.000000000	0.000000000	0.000000000	0.000000000	0.000000000
-900.000000000	0.000000000	NaN	122.322271043	0.000000000	0.000000000	0.000000000	0.000000000	0.000000000
-800.000000000	0.000000000	NaN	122.322271043	0.000000000	0.000000000	0.000000000	0.000000000	0.000000000
-700.000000000	0.000000000	NaN	122.322271043	0.000000000	0.000000000	0.000000000	0.000000000	0.000000000
-600.000000000	0.000000000	NaN	122.322271043	0.000000000	0.000000000	0.000000000	0.000000000	0.000000000
-500.000000000	0.000000000	NaN	122.322271043	0.000000000	0.000000000	0.000000000	0.000000000	0.000000000
-400.000000000	0.000000000	NaN	122.322271043	0.000000000	0.000000000	0.000000000	0.000000000	0.000000000
-300.000000000	0.000000000	NaN	122.322271043	0.000000000	0.000000000	0.000000000	0.000000000	0.000000000
-200.000000000	0.000000000	NaN	122.322271043	0.000000000	0.000000000	0.000000000	0.000000000	0.000000000
-100.000000000	0.000000000	NaN	122.322271043	0.000000000	0.000000000	0.000000000	0.000000000	0.000000000
0.000000000	0.000000000	NaN	122.322271043	0.000000000	0.000000000	0.000000000	0.000000000	0.000000000
100.000000000	0.000000000	NaN	122.322271043	0.000000000	0.000000000	0.000000000	0.000000000	0.000000000
200.000000000	0.000000000	NaN	122.322271043	0.000000000	0.000000000	0.000000000	0.000000000	0.000000000
300.000000000	0.000000000	NaN	122.322271043	0.000000000	0.000000000	0.000000000	0.000000000	0.000000000
400.000000000	0.000000000	NaN	122.322271043	0.000000000	0.000000000	0.000000000	0.000000000	0.000000000
500.000000000	0.000000000	NaN	122.322271043	0.000000000	0.000000000	0.000000000	0.000000000	0.000000000
600.000000000	0.000000000	NaN	122.322271043	0.000000000	0.000000000	0.000000000	0.000000000	0.000000000
700.000000000	0.000000000	NaN	122.322271043	0.000000000	0.000000000	0.000000000	0.000000000	0.000000000
800.000000000	0.000000000	NaN	122.322271043	0.000000000	0.000000000	0.000000000	0.000000000	0.000000000
900.000000000	0.000000000	NaN	122.322271043	0.000000000	0.000000000	0.000000000	0.000000000	0.000000000
1000.000000000	0.000000000	NaN	122.322271043	0.000000000	0.000000000	0.000000000	0.000000000	0.000000000
-1000.000000000	100.000000000	NaN	122.404821431	0.000000000	0.000000000	0.000000000	0.000000000	0.000000000
-900.000000000	100.000000000	NaN	122.404821431	0.000000000	0.000000000	0.000000000	0.000000000	0.000000000
-800.000000000	100.000000000	NaN	122.404821431	0.000000000	0.000000000	0.000000000	0.000000000	0.000000000
-700.000000000	100.000000000	NaN	122.404821431	0.000000000	0.000000000	0.000000000	0.000000000	0.000000000
-600.000000000	100.000000000	NaN	122.404821431	0.000000000	0.000000000	0.000000000	0.000000000	0.000000000
-500.000000000	100.000000000	NaN	122.404821431	0.000000000	0.000000000	0.000000000	0.000000000	0.000000000
-400.000000000	100.000000000	NaN	122.404821431	0.000000000	0.000000000	0.000000000	0.000000000	0.000000000
-300.000000000	100.000000000	NaN	122.404821431	0.000000000	0.000000000	0.000000000	0.000000000	0.000000000
-200.000000000	100.000000000	NaN	122.404821431	0.000000000	0.000000000	0.000000000	0.000000000	0.000000000
-100.000000000	100.000000000	NaN	122.404821431	0.000000000	0.000000000	0.000000000	0.000000000	0.000000000
0.000000000	100.000000000	NaN	122.404821431	0.000000000	0.000000000	0.000000000	0.000000000	0.000000000
100.000000000	100.000000000	NaN	122.404821431	0.000000000	0.000000000	0.000000000	0.000000000	0.000000000
200.000000000	100.000000000	NaN	122.404821431	0.000000000	0.000000000	0.000000000	0.000000000	0.000000000
300.000000000	100.000000000	NaN	122.404821431	0.000000000	0.000000000	0.000000000	0.000000000	0.000000000
400.000000000	100.000000000	NaN	122.404821431	0.000000000	0.000000000	0.000000000	0.000000000	0.000000000
500.000000000	100.000000000	NaN	122.404821431	0.000000000	0.000000000	0.000000000	0.000000000	0.000000000
600.000000000	100.000000000	NaN	122.404821431	0.000000000	0.000000000	0.000000000	0.000000000	0.000000000
700.000000000	100.000000000	NaN	122.404821431	0.000000000	0.000000000	0.000000000	0.000000000	0.000000000
800.000000000	100.000000000	NaN	122.404821431	0.000000000	0.000000000	0.000000000	0.000000000	0.000000000
900.000000000	100.000000000	NaN	122.404821431	0.000000000	0.000000000	0.000000000	0.000000000	0.000000000
1000.000000000	100.000000000	NaN	122.404821431	0.000000000	0.000000000	0.000000000	0.000000000	0.000000000
-1000.000000000	200.000000000	NaN	122.404821431	0.000000000	0.000000000	0.000000000	0.000000000	0.000000000
-900.000000000	200.000000000	NaN	122.404821431	0.000000000	0.000000000	0.000000000	0.000000000	0.000000000
-800.000000000	200.000000000	NaN	122.404821431	0.000000000	0.000000000	0.000000000	0.000000000	0.000000000
-700.000000000	200.000000000	NaN	122.404821431	0.000000000	0.000000000	0.000000000	0.000000000	0.000000000
-600.000000000	200.000000000	NaN	122.404821431	0.000000000	0.000000000	0.000000000	0.000000000	0.000000000
-500.000000000	200.000000000	NaN	122.404821431	0.000000000	0.000000000	0.000000000	0.000000000	0.000000000
-400.000000000	200.000000000	NaN	122.404821431	0.000000000	0.000000000	0.000000000	0.000000000	0.000000000
-300.000000000	200.000000000	NaN	122.404821431	0.000000000	0.000000000	0.000000000	0.000000000	0.000000000
-200.000000000	200.000000000	NaN	122.404821431	0.000000000	0.000000000	0.000000000	0.000000000	0.000000000
-100.000000000	200.000000000	NaN	122.404821431	0.000000000	0.000000000	0.000000000	0.000000000	0.000000000
0.000000000	200.000000000	NaN	122.404821431	0.000000000	0.000000000	0.000000000	0.000000000	0.000000000
100.000000000	200.000000000	NaN	122.404821431	0.000000000	0.000000000	0.000000000	0.000000000	0.000000000
200.000000000	200.000000000	NaN	122.404821431	0.000000000	0.000000000	0.000000000	0.000000000	0.000000000
300.000000000	200.000000000	NaN	122.404821431	0.000000000	0.000000000	0.000000000	0.000000000	0.000000000
400.000000000	200.000000000	NaN	122.404821431	0.000000000	0.000000000	0.000000000	0.000000000	0.000000000
500.000000000	200.000000000	NaN	122.404821431	0.000000000	0.000000000	0.000000000	0.000000000	0.000000000
600.000000000	200.000000000	NaN	122.404821431	0.000000000	0.000000000	0.000000000	0.000000000	0.000000000
700.000000000	200.000000000	NaN	122.404821431	0.000000000	0.000000000	0.000000000	0.000000000	0.000000000
800.000000000	200.000000000	NaN	122.404821431	0.000000000	0.000000000	0.000000000	0.000000000	0.000000000
900.000000000	200.000000000	NaN	122.404821431	0.000000000	0.000000000	0.000000000	0.000000000	0.000000000
1000.000000000	200.000000000	NaN	122.404821431	0.000000000	0.000000000	0.000000000	0.000000000	0.000000000
-1000.000000000	300.000000000	NaN	122.353232020	0.000000000	0.000000000	0.000000000	0.000000000	0.000000000
-900.000000000	300.000000000	NaN	122.353232020	0.000000000	0.000000000	0.000000000	0.000000000	0.000000000
-800.000000000	300.000000000	NaN	122.353232020	0.000000000	0.000000000	0.000000000	0.000000000	0.000000000
-700.000000000	300.000000000	NaN	122.353232020	0.000000000	0.000000000	0.000000000	0.000000000	0.000000000
-600.000000000	300.000000000	NaN	122.353232020	0.000000000	0.000000000	0.000000000	0.000000000	0.000000000
-500.000000000	300.000000000	NaN	122.353232020	0.000000000	0.000000000	0.000000000	0.000000000	0.000000000
-400.000000000	300.000000000	NaN	122.353232020	0.000000000	0.000000000	0.000000000	0.000000000	0.000000000
-300.000000000	300.000000000	NaN	122.353232020	0.000000000	0.000000000	0.000000000	0.000000000	0.000000000
-200.000000000	300.000000000	NaN	122.353232020	0.000000000	0.000000000	0.000000000	0.000000000	0.000000000
-100.000000000	300.000000000	NaN	122.353232020	0.000000000	0.000000000	0.000000000	0.000000000	0.000000000
0.000000000	300.000000000	NaN	122.353232020	0.000000000	0.000000000	0.000000000	0.000000000	0.000000000
100.000000000	300.000000000	NaN	122.353232020	0.000000000	0.000000000	0.000000000	0.000000000	0.000000000
200.000000000	300.000000000	NaN	122.353232020	0.000000000	0.000000000	0.000000000	0.000000000	0.000000000
300.000000000	300.000000000	NaN	122.353232020	0.000000000	0.000000000	0.000000000	0.000000000	0.000000000
400.000000000	300.000000000	NaN	122.353232020	0.000000000	0.000000000	0.000000000	0.000000000	0.000000000
500.000000000	300.000000000	NaN	122.353232020	0.000000000	0.000000000	0.000000000	0.000000000	0.000000000
600.000000000	300.000000000	NaN	122.353232020	0.000000000	0.000000000	0.000000000	0.000000000	0.000000000
700.000000000	300.000000000	NaN	122.353232020	0.000000000	0.000000000	0.000000000	0.000000000	0.000000000
800.000000000	300.000000000	NaN	122.353232020	0.000000000	0.000000000	0.000000000	0.000000000	0.000000000
900.000000000	300.000000000	NaN	122.353232020	0.000000000	0.000000000	0.000000000	0.000000000	0.000000000
1000.000000000	300.000000000	NaN	122.353232020	0.000000000	0.000000000	0.000000000	0.000000000	0.000000000
-1000.000000000	400.000000000	NaN	122.353232020	0.000000000	0.000000000	0.000000000	0.000000000	0.000000000
-900.000000000	400.000000000	NaN	122.353232020	0.000000000	0.000000000	0.000000000	0.000000000	0.000000000
-800.000000000	400.000000000	NaN	122.353232020	0.000000000	0.000000000	0.000000000	0.000000000	0.000000000
-700.000000000	400.000000000	NaN	122.353232020	0.000000000	0.000000000	0.000000000	0.000000000	0.000000000
-600.000000000	400.000000000	NaN	122.353232020	0.000000000	0.000000000	0.000000000	0.000000000	0.000000000
-500.000000000	400.000000000	NaN	122.353232020	0.000000000	0.000000000	0.000000000	0.000000000	0.000000000
-400.000000000	400.000000000	NaN	122.353232020	0.000000000	0.000000000	0.000000000	0.000000000	0.000000000
-300.000000000	400.000000000	NaN	122.353232020	0.000000000	0.000000000	0.000000000	0.000000000	0.000000000
-200.000000000	400.000000000	NaN	122.353232020	0.000000000	0.000000000	0.000000000	0.000000000	0.000000000
-100.000000000	400.000000000	NaN	122.353232020	0.000000000	0.000000000	0.000000000	0.000000000	0.000000000
0.000000000	400.000000000	NaN	122.353232020	0.000000000	0.000000000	0.000000000	0.000000000	0.000000000
100.000000000	400.000000000	NaN	122.353232020	0.000000000	0.000000000	0.000000000	0.000000000	0.000000000
200.000000000	400.000000000	NaN	122.353232020	0.000000000	0.000000000	0.000000000	0.000000000	0.000000000
300.000000000	400.000000000	NaN	122.353232020	0.000000000	0.000000000	0.000000000	0.000000000	0.000000000
400.000000000	400.000000000	NaN	122.353232020	0.000000000	0.000000000	0.000000000	0.000000000	0.000000000
500.000000000	400.000000000	NaN	122.353232020	0.000000000	0.000000000	0.000000000	0.000000000	0.000000000
600.000000000	400.000000000	NaN	122.353232020	0.000000000	0.000000000	0.000000000	0.000000000	0.000000000
700.000000000	400.000000000	NaN	122.353232020	0.000000000	0.000000000	0.000000000	0.000000000	0.000000000
800.000000000	400.000000000	NaN	122.353232020	0.000000000	0.000000000	0.000000000	0.000000000	0.000000000
900.000000000	400.000000000	NaN	122.353232020	0.000000000	0.000000000	0.000000000	0.000000000	0.000000000
1000.000000000	400.000000000	NaN	122.353232020	0.000000000	0.000000000	0.000000000	0.000000000	0.000000000
-1000.000000000	500.000000000	NaN	122.311949497	0.000000000	0.000000000	0.000000000	0.000000000	0.000000000
-900.000000000	500.000000000	NaN	122.311949497	0.000000000	0.000000000	0.000000000	0.000000000	0.000000000
-800.000000000	500.000000000	NaN	122.311949497	0.000000000	0.000000000	0.000000000	0.000000000	0.000000000
-700.000000000	500.000000000	NaN	122.311949497	0.000000000	0.000000000	0.000000000	0.000000000	0.000000000
-600.000000000	500.000000000	NaN	122.311949497	0.000000000	0.000000000	0.000000000	0.000000000	0.000000000
-500.000000000	500.000000000	NaN	122.311949497	0.000000000	0.000000000	0.000000000	0.000000000	0.000000000
-400.000000000	500.000000000	NaN	122.311949497	0.000000000	0.000000000	0.000000000	0.000000000	0.000000000
-300.000000000	500.000000000	NaN	122.311949497	0.000000000	0.000000000	0.000000000	0.000000000	0.000000000
-200.000000000	500.000000000	NaN	122.311949497	0.000000000	0.000000000	0.000000000	0.000000000	0.000000000
-100.000000000	500.000000000	NaN	122.311949497	0.000000000	0.000000000	0.000000000	0.000000000	0.000000000
0.000000000	500.000000000	NaN	122.311949497	0.000000000	0.000000000	0.000000000	0.000000000	0.000000000
100.000000000	500.000000000	NaN	122.311949497	0.000000000	0.000000000	0.000000000	0.000000000	0.000000000
200.000000000	500.000000000	NaN	122.311949497	0.000000000	0.000000000	0.000000000	0.000000000	0.000000000
300.000000000	500.000000000	NaN	122.311949497	0.000000000	0.000000000	0.000000000	0.000000000	0.000000000
400.000000000	500.000000000	NaN	122.311949497	0.000000000	0.000000000	0.000000000	0.000000000	0.000000000
500.000000000	500.000000000	NaN	122.311949497	0.000000000	0.000000000	0.000000000	0.000000000	0.000000000
600.000000000	500.000000000	NaN	122.311949497	0.000000000	0.000000000	0.000000000	0.000000000	0.000000000
700.000000000	500.000000000	NaN	122.311949497	0.000000000	0.000000000	0.000000000	0.000000000	0.000000000
800.000000000	500.000000000	NaN	122.311949497	0.000000000	0.000000000	0.000000000	0.000000000	0.000000000
900.000000000	500.000000000	NaN	122.311949497	0.000000000	0.000000000	0.000000000	0.000000000	0.000000000
1000.000000000	500.000000000	NaN	122.311949497	0.000000000	0.000000000	0.000000000	0.000000000	0.000000000
-1000.000000000	600.000000000	NaN	122.311949497	0.000000000	0.000000000	0.000000000	0.000000000	0.000000000
-900.000000000	600.000000000	NaN	122.311949497	0.000000000	0.000000000	0.000000000	0.000000000	0.000000000
-800.000000000	600.000000000	NaN	122.311949497	0.000000000	0.000000000	0.000000000	0.000000000	0.000000000
-700.000000000	600.000000000	NaN	122.311949497	0.000000000	0.000000000	0.000000000	0.000000000	0.000000000
-600.000000000	600.000000000	NaN	122.311949497	0.000000000	0.000000000	0.000000000	0.000000000	0.000000000
-500.000000000	600.000000000	NaN	122.311949497	0.000000000	0.000000000	0.000000000	0.000000000	0.000000000
-400.000000000	600.000000000	NaN	122.311949497	0.000000000	0.000000000	0.000000000	0.000000000	0.000000000
-300.000000000	600.000000000	NaN	122.311949497	0.000000000	0.000000000	0.000000000	0.000000000	0.000000000
-200.000000000	600.000000000	NaN	122.311949497	0.000000000	0.000000000	0.000000000	0.000000000	0.000000000
-100.000000000	600.000000000	NaN	122.311949497	0.000000000	0.000000000	0.000000000	0.000000000	0.000000000
0.000000000	600.000000000	NaN	122.311949497	0.000000000	0.000000000	0.000000000	0.000000000	0.000000000
100.000000000	600.000000000	NaN	122.311949497	0.000000000	0.000000000	0.000000000	0.000000000	0.000000000
200.000000000	600.000000000	NaN	122.311949497	0.000000000	0.000000000	0.000000000	0.000000000	0.000000000
300.000000000	600.000000000	NaN	122.311949497	0.000000000	0.000000000	0.000000000	0.000000000	0.000000000
400.000000000	600.000000000	NaN	122.311949497	0.000000000	0.000000000	0.000000000	0.000000000	0.000000000
500.000000000	600.000000000	NaN	122.311949497	0.000000000	0.000000000	0.000000000	0.000000000	0.000000000
600.000000000	600.000000000	NaN	122.311949497	0.000000000	0.000000000	0.000000000	0.000000000	0.000000000
700.000000000	600.000000000	NaN	122.311949497	0.000000000	0.000000000	0.000000000	0.000000000	0.000000000
800.000000000	600.000000000	NaN	122.311949497	0.000000000	0.000000000	0.000000000	0.000000000	0.000000000
900.000000000	600.000000000	NaN	122.311949497	0.000000000	0.000000000	0.000000000	0.000000000	0.000000000
1000.000000000	600.000000000	NaN	122.311949497	0.000000000	0.000000000	0.000000000	0.000000000	0.000000000
-1000.000000000	700.000000000	NaN	122.208700522	0.000000000	0.000000000	0.000000000	0.000000000	0.000000000
-900.000000000	700.000000000	NaN	122.208700522	0.000000000	0.000000000	0.000000000	0.000000000	0.000000000
-800.000000000	700.000000000	NaN	122.208700522	0.000000000	0.000000000	0.000000000	0.000000000	0.000000000
-700.000000000	700.000000000	NaN	122.208700522	0.000000000	0.000000000	0.000000000	0.000000000	0.000000000
-600.000000000	700.000000000	NaN	122.208700522	0.000000000	0.000000000	0.000000000	0.000000000	0.000000000
-500.000000000	700.000000000	NaN	122.208700522	0.000000000	0.000000000	0.000000000	0.000000000	0.000000000
-400.000000000	700.000000000	NaN	122.208700522	0.000000000	0.000000000	0.000000000	0.000000000	0.000000000
-300.000000000	700.000000000	NaN	122.208700522	0.000000000	0.000000000	0.000000000	0.000000000	0.000000000
-200.000000000	700.000000000	NaN	122.208700522	0.000000000	0.000000000	0.000000000	0.000000000	0.000000000
-100.000000000	700.000000000	NaN	122.208700522	0.000000000	0.000000000	0.000000000	0.000000000	0.000000000
0.000000000	700.000000000	NaN	122.208700522	0.000000000	0.000000000	0.000000000	0.000000000	0.000000000
100.000000000	700.000000000	NaN	122.208700522	0.000000000	0.000000000	0.000000000	0.000000000	0.000000000
200.000000000	700.000000000	NaN	122.208700522	0.000000000	0.000000000	0.000000000	0.000000000	0.000000000
300.000000000	700.000000000	NaN	122.208700522	0.000000000	0.000000000	0.000000000	0.000000000	0.000000000
400.000000000	700.000000000	NaN	122.208700522	0.000000000	0.000000000	0.000000000	0.000000000	0.000000000
500.000000000	700.000000000	NaN	122.208700522	0.000000000	0.000000000	0.000000000	0.000000000	0.000000000
600.000000000	700.000000000	NaN	122.208700522	0.000000000	0.000000000	0.000000000	0.000000000	0.000000000
700.000000000	700.000000000	NaN	122.208700522	0.000000000	0.000000000	0.000000000	0.000000000	0.000000000
800.000000000	700.000000000	NaN	122.208700522	0.000000000	0.000000000	0.000000000	0.000000000	0.000000000
900.000000000	700.000000000	NaN	122.208700522	0.000000000	0.000000000	0.000000000	0.000000000	0.000000000
1000.000000000	700.000000000	NaN	122.208700522	0.000000000	0.000000000	0.000000000	0.000000000	0.000000000
-1000.000000000	800.000000000	NaN	122.208700522	0.000000000	0.000000000	0.000000000	0.000000000	0.000000000
-900.000000000	800.000000000	NaN	122.208700522	0.000000000	0.000000000	0.000000000	0.000000000	0.000000000
-800.000000000	800.000000000	NaN	122.208700522	0.000000000	0.000000000	0.000000000	0.000000000	0.000000000
-700.000000000	800.000000000	NaN	122.208700522	0.000000000	0.000000000	0.000000000	0.000000000	0.000000000
-600.000000000	800.000000000	NaN	122.208700522	0.000000000	0.000000000	0.000000000	0.000000000	0.000000000
-500.000000000	800.000000000	NaN	122.208700522	0.000000000	0.000000000	0.000000000	0.000000000	0.000000000
-400.000000000	800.000000000	NaN	122.208700522	0.000000000	0.000000000	0.000000000	0.000000000	0.000000000
-300.000000000	800.000000000	NaN	122.208700522	0.000000000	0.000000000	0.000000000	0.000000000	0.000000000
-200.000000000	800.000000000	NaN	122.208700522	0.000000000	0.000000000	0.000000000	0.000000000	0.000000000
-100.000000000	800.000000000	NaN	122.208700522	0.000000000	0.000000000	0.000000000	0.000000000	0.000000000
0.000000000	800.000000000	NaN	122.208700522	0.000000000	0.000000000	0.000000000	0.000000000	0.000000000
100.000000000	800.000000000	NaN	122.208700522	0.000000000	0.000000000	0.000000000	0.000000000	0.000000000
200.000000000	800.000000000	NaN	122.208700522	0.000000000	0.000000000	0.000000000	0.000000000	0.000000000
300.000000000	800.000000000	NaN	122.208700522	0.000000000	0.000000000	0.000000000	0.000000000	0.000000000
400.000000000	800.000000000	NaN	122.208700522	0.000000000	0.000000000	0.000000000	0.000000000	0.000000000
500.000000000	800.000000000	NaN	122.208700522	0.000000000	0.000000000	0.000000000	0.000000000	0.000000000
600.000000000	800.000000000	NaN	122.208700522	0.000000000	0.000000000	0.000000000	0.000000000	0.000000000
700.000000000	800.000000000	NaN	122.208700522	0.000000000	0.000000000	0.000000000	0.000000000	0.000000000
800.000000000	800.000000000	NaN	122.208700522	0.000000000	0.000000000	0.000000000	0.000000000	0.000000000
900.000000000	800.000000000	NaN	122.208700522	0.000000000	0.000000000	0.000000000	0.000000000	0.000000000
1000.000000000	800.000000000	NaN	122.208700522	0.000000000	0.000000000	0.000000000	0.000000000	0.000000000
-1000.000000000	900.000000000	NaN	122.250007420	0.000000000	0.000000000	0.000000000	0.000000000	0.000000000
-900.000000000	900.000000000	NaN	122.250007420	0.000000000	0.000000000	0.000000000	0.000000000	0.000000000
-800.000000000	900.000000000	NaN	122.250007420	0.000000000	0.000000000	0.000000000	0.000000000	0.000000000
-700.000000000	900.000000000	NaN	122.250007420	0.000000000	0.000000000	0.000000000	0.000000000	0.000000000
-600.000000000	900.000000000	NaN	122.250007420	0.000000000	0.000000000	0.000000000	0.000000000	0.000000000
-500.000000000	900.000000000	NaN	122.250007420	0.000000000	0.000000000	0.000000000	0.000000000	0.000000000
-400.000000000	900.000000000	NaN	122.250007420	0.000000000	0.000000000	0.000000000	0.000000000	0.000000000
-300.000000000	900.000000000	NaN	122.250007420	0.000000000	0.000000000	0.000000000	0.000000000	0.000000000
-200.000000000	900.000000000	NaN	122.250007420	0.000000000	0.000000000	0.000000000	0.000000000	0.000000000
-100.000000000	900.000000000	NaN	122.250007420	0.000000000	0.000000000	0.000000000	0.000000000	0.000000000
0.000000000	900.000000000	NaN	122.250007420	0.000000000	0.000000000	0.000000000	0.000000000	0.000000000
100.000000000	900.000000000	NaN	122.250007420	0.000000000	0.000000000	0.000000000	0.000000000	0.000000000
200.000000000	900.000000000	NaN	122.250007420	0.000000000	0.000000000	0.000000000	0.000000000	0.000000000
300.000000000	900.000000000	NaN	122.250007420	0.000000000	0.000000000	0.000000000	0.000000000	0.000000000
400.000000000	900.000000000	NaN	122.250007420	0.000000000	0.000000000	0.000000000	0.000000000	0.000000000
500.000000000	900.000000000	NaN	122.250007420	0.000000000	0.000000000	0.000000000	0.000000000	0.000000000
600.000000000	900.000000000	NaN	122.250007420	0.000000000	0.000000000	0.000000000	0.000000000	0.000000000
700.000000000	900.000000000	NaN	122.250007420	0.000000000	0.000000000	0.000000000	0.000000000	0.000000000
800.000000000	900.000000000	NaN	122.250007420	0.000000000	0.000000000	0.000000000	0.000000000	0.000000000
900.000000000	900.000000000	NaN	122.250007420	0.000000000	0.000000000	0.000000000	0.000000000	0.000000000
1000.000000000	900.000000000	NaN	122.250007420	0.000000000	0.000000000	0.000000000	0.000000000	0.000000000
-1000.000000000	1000.000000000	NaN	122.250007420	0.000000000	0.000000000	0.000000000	0.000000000	0.000000000
-900.000000000	1000.000000000	NaN	122.250007420	0.000000000	0.000000000	0.000000000	0.000000000	0.000000000
-800.000000000	1000.000000000	NaN	122.250007420	0.000000000	0.000000000	0.000000000	0.000000000	0.000000000
-700.000000000	1000.000000000	NaN	122.250007420	0.000000000	0.000000000	0.000000000	0.000000000	0.000000000
-600.000000000	1000.000000000	NaN	122.250007420	0.000000000	0.000000000	0.000000000	0.000000000	0.000000000
-500.000000000	1000.000000000	NaN	122.250007420	0.000000000	0.000000000	0.000000000	0.000000000	0.000000000
-400.000000000	1000.000000000	NaN	122.250007420	0.000000000	0.000000000	0.000000000	0.000000000	0.000000000
-300.000000000	1000.000000000	NaN	122.250007420	0.000000000	0.000000000	0.000000000	0.000000000	0.000000000
-200.000000000	1000.000000000	NaN	122.250007420	0.000000000	0.000000000	0.000000000	0.000000000	0.000000000
-100.000000000	1000.000000000	NaN	122.250007420	0.000000000	0.000000000	0.000000000	0.000000000	0.000000000
0.000000000	1000.000000000	NaN	122.250007420	0.000000000	0.000000000	0.000000000	0.000000000	0.000000000
100.000000000	1000.000000000	NaN	122.250007420	0.000000000	0.000000000	0.000000000	0.000000000	0.000000000
200.000000000	1000.000000000	NaN	122.250007420	0.000000000	0.000000000	0.000000000	0.000000000	0.000000000
300.000000000	1000.000000000	NaN	122.250007420	0.000000000	0.000000000	0.000000000	0.000000000	0.000000000
400.000000000	1000.000000000	NaN	122.250007420	0.000000000	0.000000000	0.000000000	0.000000000	0.000000000
500.000000000	1000.000000000	NaN	122.250007420	0.000000000	0.000000000	0.000000000	0.000000000	0.000000000
600.000000000	1000.000000000	NaN	122.250007420	0.000000000	0.000000000	0.000000000	0.000000000	0.000000000
700.000000000	1000.000000000	NaN	122.250007420	0.000000000	0.000000000	0.000000000	0.000000000	0.000000000
800.000000000	1000.000000000	NaN	122.250007420	0.000000000	0.000000000	0.000000000	0.000000000	0.000000000
900.000000000	1000.000000000	NaN	122.250007420	0.000000000	0.000000000	0.000000000	0.000000000	0.000000000
1000.000000000	1000.000000000	NaN	122.250007420	0.000000000	0.000000000	0.000000000	0.000000000	0.000000000
