Set Temp (deg C)	90.000000	Laser Power (uW)	1130	Laser Detuning (GHz)	10
X  Field (nT)	Z  Field (nT)	Photodiode Voltage (V)	Temperature (C) 2D	Y  Field (nT)	Photodiode Voltage (V)	Temperature (C) 1D	Frequency (Hz)	Photodiode Voltage (V)		
-1000.000000000	-1000.000000000	NaN	90.942578650	-1000.000000000	NaN	90.942578650	0.000000000	0.000000000
-900.000000000	-1000.000000000	NaN	90.942578650	-960.000000000	NaN	90.942578650	0.000000000	0.000000000
-800.000000000	-1000.000000000	NaN	90.942578650	-920.000000000	NaN	90.942578650	0.000000000	0.000000000
-700.000000000	-1000.000000000	NaN	90.942578650	-880.000000000	NaN	90.942578650	0.000000000	0.000000000
-600.000000000	-1000.000000000	NaN	90.942578650	-840.000000000	NaN	90.942578650	0.000000000	0.000000000
-500.000000000	-1000.000000000	NaN	90.942578650	-800.000000000	NaN	90.942578650	0.000000000	0.000000000
-400.000000000	-1000.000000000	NaN	90.942578650	-760.000000000	NaN	90.942578650	0.000000000	0.000000000
-300.000000000	-1000.000000000	NaN	90.942578650	-720.000000000	NaN	90.942578650	0.000000000	0.000000000
-200.000000000	-1000.000000000	NaN	90.942578650	-680.000000000	NaN	90.942578650	0.000000000	0.000000000
-100.000000000	-1000.000000000	NaN	90.942578650	-640.000000000	NaN	90.942578650	0.000000000	0.000000000
0.000000000	-1000.000000000	NaN	90.942578650	-600.000000000	NaN	90.942578650	0.000000000	0.000000000
100.000000000	-1000.000000000	NaN	90.942578650	-560.000000000	NaN	90.942578650	0.000000000	0.000000000
200.000000000	-1000.000000000	NaN	90.942578650	-520.000000000	NaN	90.942578650	0.000000000	0.000000000
300.000000000	-1000.000000000	NaN	90.942578650	-480.000000000	NaN	90.942578650	0.000000000	0.000000000
400.000000000	-1000.000000000	NaN	90.942578650	-440.000000000	NaN	90.942578650	0.000000000	0.000000000
500.000000000	-1000.000000000	NaN	90.942578650	-400.000000000	NaN	90.942578650	0.000000000	0.000000000
600.000000000	-1000.000000000	NaN	90.942578650	-360.000000000	NaN	90.942578650	0.000000000	0.000000000
700.000000000	-1000.000000000	NaN	90.942578650	-320.000000000	NaN	90.942578650	0.000000000	0.000000000
800.000000000	-1000.000000000	NaN	90.942578650	-280.000000000	NaN	90.942578650	0.000000000	0.000000000
900.000000000	-1000.000000000	NaN	90.942578650	-240.000000000	NaN	90.942578650	0.000000000	0.000000000
1000.000000000	-1000.000000000	NaN	90.942578650	-200.000000000	NaN	90.942578650	0.000000000	0.000000000
-1000.000000000	-900.000000000	NaN	90.987851252	-160.000000000	NaN	90.942578650	0.000000000	0.000000000
-900.000000000	-900.000000000	NaN	90.987851252	-120.000000000	NaN	90.942578650	0.000000000	0.000000000
-800.000000000	-900.000000000	NaN	90.987851252	-80.000000000	NaN	90.942578650	0.000000000	0.000000000
-700.000000000	-900.000000000	NaN	90.987851252	-40.000000000	NaN	90.942578650	0.000000000	0.000000000
-600.000000000	-900.000000000	NaN	90.987851252	0.000000000	NaN	90.942578650	0.000000000	0.000000000
-500.000000000	-900.000000000	NaN	90.987851252	40.000000000	NaN	90.942578650	0.000000000	0.000000000
-400.000000000	-900.000000000	NaN	90.987851252	80.000000000	NaN	90.942578650	0.000000000	0.000000000
-300.000000000	-900.000000000	NaN	90.987851252	120.000000000	NaN	90.942578650	0.000000000	0.000000000
-200.000000000	-900.000000000	NaN	90.987851252	160.000000000	NaN	90.942578650	0.000000000	0.000000000
-100.000000000	-900.000000000	NaN	90.987851252	200.000000000	NaN	90.942578650	0.000000000	0.000000000
0.000000000	-900.000000000	NaN	90.987851252	240.000000000	NaN	90.942578650	0.000000000	0.000000000
100.000000000	-900.000000000	NaN	90.987851252	280.000000000	NaN	90.942578650	0.000000000	0.000000000
200.000000000	-900.000000000	NaN	90.987851252	320.000000000	NaN	90.942578650	0.000000000	0.000000000
300.000000000	-900.000000000	NaN	90.987851252	360.000000000	NaN	90.942578650	0.000000000	0.000000000
400.000000000	-900.000000000	NaN	90.987851252	400.000000000	NaN	90.942578650	0.000000000	0.000000000
500.000000000	-900.000000000	NaN	90.987851252	440.000000000	NaN	90.942578650	0.000000000	0.000000000
600.000000000	-900.000000000	NaN	90.987851252	480.000000000	NaN	90.942578650	0.000000000	0.000000000
700.000000000	-900.000000000	NaN	90.987851252	520.000000000	NaN	90.942578650	0.000000000	0.000000000
800.000000000	-900.000000000	NaN	90.987851252	560.000000000	NaN	90.942578650	0.000000000	0.000000000
900.000000000	-900.000000000	NaN	90.987851252	600.000000000	NaN	90.942578650	0.000000000	0.000000000
1000.000000000	-900.000000000	NaN	90.987851252	640.000000000	NaN	90.942578650	0.000000000	0.000000000
-1000.000000000	-800.000000000	NaN	90.987851252	680.000000000	NaN	90.942578650	0.000000000	0.000000000
-900.000000000	-800.000000000	NaN	90.987851252	720.000000000	NaN	90.942578650	0.000000000	0.000000000
-800.000000000	-800.000000000	NaN	90.987851252	760.000000000	NaN	90.942578650	0.000000000	0.000000000
-700.000000000	-800.000000000	NaN	90.987851252	800.000000000	NaN	90.942578650	0.000000000	0.000000000
-600.000000000	-800.000000000	NaN	90.987851252	840.000000000	NaN	90.942578650	0.000000000	0.000000000
-500.000000000	-800.000000000	NaN	90.987851252	880.000000000	NaN	90.942578650	0.000000000	0.000000000
-400.000000000	-800.000000000	NaN	90.987851252	920.000000000	NaN	90.942578650	0.000000000	0.000000000
-300.000000000	-800.000000000	NaN	90.987851252	960.000000000	NaN	90.942578650	0.000000000	0.000000000
-200.000000000	-800.000000000	NaN	90.987851252	1000.000000000	NaN	90.942578650	0.000000000	0.000000000
-100.000000000	-800.000000000	NaN	90.987851252	0.000000000	0.000000000	0.000000000	0.000000000	0.000000000
0.000000000	-800.000000000	NaN	90.987851252	0.000000000	0.000000000	0.000000000	0.000000000	0.000000000
100.000000000	-800.000000000	NaN	90.987851252	0.000000000	0.000000000	0.000000000	0.000000000	0.000000000
200.000000000	-800.000000000	NaN	90.987851252	0.000000000	0.000000000	0.000000000	0.000000000	0.000000000
300.000000000	-800.000000000	NaN	90.987851252	0.000000000	0.000000000	0.000000000	0.000000000	0.000000000
400.000000000	-800.000000000	NaN	90.987851252	0.000000000	0.000000000	0.000000000	0.000000000	0.000000000
500.000000000	-800.000000000	NaN	90.987851252	0.000000000	0.000000000	0.000000000	0.000000000	0.000000000
600.000000000	-800.000000000	NaN	90.987851252	0.000000000	0.000000000	0.000000000	0.000000000	0.000000000
700.000000000	-800.000000000	NaN	90.987851252	0.000000000	0.000000000	0.000000000	0.000000000	0.000000000
800.000000000	-800.000000000	NaN	90.987851252	0.000000000	0.000000000	0.000000000	0.000000000	0.000000000
900.000000000	-800.000000000	NaN	90.987851252	0.000000000	0.000000000	0.000000000	0.000000000	0.000000000
1000.000000000	-800.000000000	NaN	90.987851252	0.000000000	0.000000000	0.000000000	0.000000000	0.000000000
-1000.000000000	-700.000000000	NaN	90.852029357	0.000000000	0.000000000	0.000000000	0.000000000	0.000000000
-900.000000000	-700.000000000	NaN	90.852029357	0.000000000	0.000000000	0.000000000	0.000000000	0.000000000
-800.000000000	-700.000000000	NaN	90.852029357	0.000000000	0.000000000	0.000000000	0.000000000	0.000000000
-700.000000000	-700.000000000	NaN	90.852029357	0.000000000	0.000000000	0.000000000	0.000000000	0.000000000
-600.000000000	-700.000000000	NaN	90.852029357	0.000000000	0.000000000	0.000000000	0.000000000	0.000000000
-500.000000000	-700.000000000	NaN	90.852029357	0.000000000	0.000000000	0.000000000	0.000000000	0.000000000
-400.000000000	-700.000000000	NaN	90.852029357	0.000000000	0.000000000	0.000000000	0.000000000	0.000000000
-300.000000000	-700.000000000	NaN	90.852029357	0.000000000	0.000000000	0.000000000	0.000000000	0.000000000
-200.000000000	-700.000000000	NaN	90.852029357	0.000000000	0.000000000	0.000000000	0.000000000	0.000000000
-100.000000000	-700.000000000	NaN	90.852029357	0.000000000	0.000000000	0.000000000	0.000000000	0.000000000
0.000000000	-700.000000000	NaN	90.852029357	0.000000000	0.000000000	0.000000000	0.000000000	0.000000000
100.000000000	-700.000000000	NaN	90.852029357	0.000000000	0.000000000	0.000000000	0.000000000	0.000000000
200.000000000	-700.000000000	NaN	90.852029357	0.000000000	0.000000000	0.000000000	0.000000000	0.000000000
300.000000000	-700.000000000	NaN	90.852029357	0.000000000	0.000000000	0.000000000	0.000000000	0.000000000
400.000000000	-700.000000000	NaN	90.852029357	0.000000000	0.000000000	0.000000000	0.000000000	0.000000000
500.000000000	-700.000000000	NaN	90.852029357	0.000000000	0.000000000	0.000000000	0.000000000	0.000000000
600.000000000	-700.000000000	NaN	90.852029357	0.000000000	0.000000000	0.000000000	0.000000000	0.000000000
700.000000000	-700.000000000	NaN	90.852029357	0.000000000	0.000000000	0.000000000	0.000000000	0.000000000
800.000000000	-700.000000000	NaN	90.852029357	0.000000000	0.000000000	0.000000000	0.000000000	0.000000000
900.000000000	-700.000000000	NaN	90.852029357	0.000000000	0.000000000	0.000000000	0.000000000	0.000000000
1000.000000000	-700.000000000	NaN	90.852029357	0.000000000	0.000000000	0.000000000	0.000000000	0.000000000
-1000.000000000	-600.000000000	NaN	90.852029357	0.000000000	0.000000000	0.000000000	0.000000000	0.000000000
-900.000000000	-600.000000000	NaN	90.852029357	0.000000000	0.000000000	0.000000000	0.000000000	0.000000000
-800.000000000	-600.000000000	NaN	90.852029357	0.000000000	0.000000000	0.000000000	0.000000000	0.000000000
-700.000000000	-600.000000000	NaN	90.852029357	0.000000000	0.000000000	0.000000000	0.000000000	0.000000000
-600.000000000	-600.000000000	NaN	90.852029357	0.000000000	0.000000000	0.000000000	0.000000000	0.000000000
-500.000000000	-600.000000000	NaN	90.852029357	0.000000000	0.000000000	0.000000000	0.000000000	0.000000000
-400.000000000	-600.000000000	NaN	90.852029357	0.000000000	0.000000000	0.000000000	0.000000000	0.000000000
-300.000000000	-600.000000000	NaN	90.852029357	0.000000000	0.000000000	0.000000000	0.000000000	0.000000000
-200.000000000	-600.000000000	NaN	90.852029357	0.000000000	0.000000000	0.000000000	0.000000000	0.000000000
-100.000000000	-600.000000000	NaN	90.852029357	0.000000000	0.000000000	0.000000000	0.000000000	0.000000000
0.000000000	-600.000000000	NaN	90.852029357	0.000000000	0.000000000	0.000000000	0.000000000	0.000000000
100.000000000	-600.000000000	NaN	90.852029357	0.000000000	0.000000000	0.000000000	0.000000000	0.000000000
200.000000000	-600.000000000	NaN	90.852029357	0.000000000	0.000000000	0.000000000	0.000000000	0.000000000
300.000000000	-600.000000000	NaN	90.852029357	0.000000000	0.000000000	0.000000000	0.000000000	0.000000000
400.000000000	-600.000000000	NaN	90.852029357	0.000000000	0.000000000	0.000000000	0.000000000	0.000000000
500.000000000	-600.000000000	NaN	90.852029357	0.000000000	0.000000000	0.000000000	0.000000000	0.000000000
600.000000000	-600.000000000	NaN	90.852029357	0.000000000	0.000000000	0.000000000	0.000000000	0.000000000
700.000000000	-600.000000000	NaN	90.852029357	0.000000000	0.000000000	0.000000000	0.000000000	0.000000000
800.000000000	-600.000000000	NaN	90.852029357	0.000000000	0.000000000	0.000000000	0.000000000	0.000000000
900.000000000	-600.000000000	NaN	90.852029357	0.000000000	0.000000000	0.000000000	0.000000000	0.000000000
1000.000000000	-600.000000000	NaN	90.852029357	0.000000000	0.000000000	0.000000000	0.000000000	0.000000000
-1000.000000000	-500.000000000	NaN	90.840710315	0.000000000	0.000000000	0.000000000	0.000000000	0.000000000
-900.000000000	-500.000000000	NaN	90.840710315	0.000000000	0.000000000	0.000000000	0.000000000	0.000000000
-800.000000000	-500.000000000	NaN	90.840710315	0.000000000	0.000000000	0.000000000	0.000000000	0.000000000
-700.000000000	-500.000000000	NaN	90.840710315	0.000000000	0.000000000	0.000000000	0.000000000	0.000000000
-600.000000000	-500.000000000	NaN	90.840710315	0.000000000	0.000000000	0.000000000	0.000000000	0.000000000
-500.000000000	-500.000000000	NaN	90.840710315	0.000000000	0.000000000	0.000000000	0.000000000	0.000000000
-400.000000000	-500.000000000	NaN	90.840710315	0.000000000	0.000000000	0.000000000	0.000000000	0.000000000
-300.000000000	-500.000000000	NaN	90.840710315	0.000000000	0.000000000	0.000000000	0.000000000	0.000000000
-200.000000000	-500.000000000	NaN	90.840710315	0.000000000	0.000000000	0.000000000	0.000000000	0.000000000
-100.000000000	-500.000000000	NaN	90.840710315	0.000000000	0.000000000	0.000000000	0.000000000	0.000000000
0.000000000	-500.000000000	NaN	90.840710315	0.000000000	0.000000000	0.000000000	0.000000000	0.000000000
100.000000000	-500.000000000	NaN	90.840710315	0.000000000	0.000000000	0.000000000	0.000000000	0.000000000
200.000000000	-500.000000000	NaN	90.840710315	0.000000000	0.000000000	0.000000000	0.000000000	0.000000000
300.000000000	-500.000000000	NaN	90.840710315	0.000000000	0.000000000	0.000000000	0.000000000	0.000000000
400.000000000	-500.000000000	NaN	90.840710315	0.000000000	0.000000000	0.000000000	0.000000000	0.000000000
500.000000000	-500.000000000	NaN	90.840710315	0.000000000	0.000000000	0.000000000	0.000000000	0.000000000
600.000000000	-500.000000000	NaN	90.840710315	0.000000000	0.000000000	0.000000000	0.000000000	0.000000000
700.000000000	-500.000000000	NaN	90.840710315	0.000000000	0.000000000	0.000000000	0.000000000	0.000000000
800.000000000	-500.000000000	NaN	90.840710315	0.000000000	0.000000000	0.000000000	0.000000000	0.000000000
900.000000000	-500.000000000	NaN	90.840710315	0.000000000	0.000000000	0.000000000	0.000000000	0.000000000
1000.000000000	-500.000000000	NaN	90.840710315	0.000000000	0.000000000	0.000000000	0.000000000	0.000000000
-1000.000000000	-400.000000000	NaN	90.840710315	0.000000000	0.000000000	0.000000000	0.000000000	0.000000000
-900.000000000	-400.000000000	NaN	90.840710315	0.000000000	0.000000000	0.000000000	0.000000000	0.000000000
-800.000000000	-400.000000000	NaN	90.840710315	0.000000000	0.000000000	0.000000000	0.000000000	0.000000000
-700.000000000	-400.000000000	NaN	90.840710315	0.000000000	0.000000000	0.000000000	0.000000000	0.000000000
-600.000000000	-400.000000000	NaN	90.840710315	0.000000000	0.000000000	0.000000000	0.000000000	0.000000000
-500.000000000	-400.000000000	NaN	90.840710315	0.000000000	0.000000000	0.000000000	0.000000000	0.000000000
-400.000000000	-400.000000000	NaN	90.840710315	0.000000000	0.000000000	0.000000000	0.000000000	0.000000000
-300.000000000	-400.000000000	NaN	90.840710315	0.000000000	0.000000000	0.000000000	0.000000000	0.000000000
-200.000000000	-400.000000000	NaN	90.840710315	0.000000000	0.000000000	0.000000000	0.000000000	0.000000000
-100.000000000	-400.000000000	NaN	90.840710315	0.000000000	0.000000000	0.000000000	0.000000000	0.000000000
0.000000000	-400.000000000	NaN	90.840710315	0.000000000	0.000000000	0.000000000	0.000000000	0.000000000
100.000000000	-400.000000000	NaN	90.840710315	0.000000000	0.000000000	0.000000000	0.000000000	0.000000000
200.000000000	-400.000000000	NaN	90.840710315	0.000000000	0.000000000	0.000000000	0.000000000	0.000000000
300.000000000	-400.000000000	NaN	90.840710315	0.000000000	0.000000000	0.000000000	0.000000000	0.000000000
400.000000000	-400.000000000	NaN	90.840710315	0.000000000	0.000000000	0.000000000	0.000000000	0.000000000
500.000000000	-400.000000000	NaN	90.840710315	0.000000000	0.000000000	0.000000000	0.000000000	0.000000000
600.000000000	-400.000000000	NaN	90.840710315	0.000000000	0.000000000	0.000000000	0.000000000	0.000000000
700.000000000	-400.000000000	NaN	90.840710315	0.000000000	0.000000000	0.000000000	0.000000000	0.000000000
800.000000000	-400.000000000	NaN	90.840710315	0.000000000	0.000000000	0.000000000	0.000000000	0.000000000
900.000000000	-400.000000000	NaN	90.840710315	0.000000000	0.000000000	0.000000000	0.000000000	0.000000000
1000.000000000	-400.000000000	NaN	90.840710315	0.000000000	0.000000000	0.000000000	0.000000000	0.000000000
-1000.000000000	-300.000000000	NaN	90.953896929	0.000000000	0.000000000	0.000000000	0.000000000	0.000000000
-900.000000000	-300.000000000	NaN	90.953896929	0.000000000	0.000000000	0.000000000	0.000000000	0.000000000
-800.000000000	-300.000000000	NaN	90.953896929	0.000000000	0.000000000	0.000000000	0.000000000	0.000000000
-700.000000000	-300.000000000	NaN	90.953896929	0.000000000	0.000000000	0.000000000	0.000000000	0.000000000
-600.000000000	-300.000000000	NaN	90.953896929	0.000000000	0.000000000	0.000000000	0.000000000	0.000000000
-500.000000000	-300.000000000	NaN	90.953896929	0.000000000	0.000000000	0.000000000	0.000000000	0.000000000
-400.000000000	-300.000000000	NaN	90.953896929	0.000000000	0.000000000	0.000000000	0.000000000	0.000000000
-300.000000000	-300.000000000	NaN	90.953896929	0.000000000	0.000000000	0.000000000	0.000000000	0.000000000
-200.000000000	-300.000000000	NaN	90.953896929	0.000000000	0.000000000	0.000000000	0.000000000	0.000000000
-100.000000000	-300.000000000	NaN	90.953896929	0.000000000	0.000000000	0.000000000	0.000000000	0.000000000
0.000000000	-300.000000000	NaN	90.953896929	0.000000000	0.000000000	0.000000000	0.000000000	0.000000000
100.000000000	-300.000000000	NaN	90.953896929	0.000000000	0.000000000	0.000000000	0.000000000	0.000000000
200.000000000	-300.000000000	NaN	90.953896929	0.000000000	0.000000000	0.000000000	0.000000000	0.000000000
300.000000000	-300.000000000	NaN	90.953896929	0.000000000	0.000000000	0.000000000	0.000000000	0.000000000
400.000000000	-300.000000000	NaN	90.953896929	0.000000000	0.000000000	0.000000000	0.000000000	0.000000000
500.000000000	-300.000000000	NaN	90.953896929	0.000000000	0.000000000	0.000000000	0.000000000	0.000000000
600.000000000	-300.000000000	NaN	90.953896929	0.000000000	0.000000000	0.000000000	0.000000000	0.000000000
700.000000000	-300.000000000	NaN	90.953896929	0.000000000	0.000000000	0.000000000	0.000000000	0.000000000
800.000000000	-300.000000000	NaN	90.953896929	0.000000000	0.000000000	0.000000000	0.000000000	0.000000000
900.000000000	-300.000000000	NaN	90.953896929	0.000000000	0.000000000	0.000000000	0.000000000	0.000000000
1000.000000000	-300.000000000	NaN	90.953896929	0.000000000	0.000000000	0.000000000	0.000000000	0.000000000
-1000.000000000	-200.000000000	NaN	90.953896929	0.000000000	0.000000000	0.000000000	0.000000000	0.000000000
-900.000000000	-200.000000000	NaN	90.953896929	0.000000000	0.000000000	0.000000000	0.000000000	0.000000000
-800.000000000	-200.000000000	NaN	90.953896929	0.000000000	0.000000000	0.000000000	0.000000000	0.000000000
-700.000000000	-200.000000000	NaN	90.953896929	0.000000000	0.000000000	0.000000000	0.000000000	0.000000000
-600.000000000	-200.000000000	NaN	90.953896929	0.000000000	0.000000000	0.000000000	0.000000000	0.000000000
-500.000000000	-200.000000000	NaN	90.953896929	0.000000000	0.000000000	0.000000000	0.000000000	0.000000000
-400.000000000	-200.000000000	NaN	90.953896929	0.000000000	0.000000000	0.000000000	0.000000000	0.000000000
-300.000000000	-200.000000000	NaN	90.953896929	0.000000000	0.000000000	0.000000000	0.000000000	0.000000000
-200.000000000	-200.000000000	NaN	90.953896929	0.000000000	0.000000000	0.000000000	0.000000000	0.000000000
-100.000000000	-200.000000000	NaN	90.953896929	0.000000000	0.000000000	0.000000000	0.000000000	0.000000000
0.000000000	-200.000000000	NaN	90.953896929	0.000000000	0.000000000	0.000000000	0.000000000	0.000000000
100.000000000	-200.000000000	NaN	90.953896929	0.000000000	0.000000000	0.000000000	0.000000000	0.000000000
200.000000000	-200.000000000	NaN	90.953896929	0.000000000	0.000000000	0.000000000	0.000000000	0.000000000
300.000000000	-200.000000000	NaN	90.953896929	0.000000000	0.000000000	0.000000000	0.000000000	0.000000000
400.000000000	-200.000000000	NaN	90.953896929	0.000000000	0.000000000	0.000000000	0.000000000	0.000000000
500.000000000	-200.000000000	NaN	90.953896929	0.000000000	0.000000000	0.000000000	0.000000000	0.000000000
600.000000000	-200.000000000	NaN	90.953896929	0.000000000	0.000000000	0.000000000	0.000000000	0.000000000
700.000000000	-200.000000000	NaN	90.953896929	0.000000000	0.000000000	0.000000000	0.000000000	0.000000000
800.000000000	-200.000000000	NaN	90.953896929	0.000000000	0.000000000	0.000000000	0.000000000	0.000000000
900.000000000	-200.000000000	NaN	90.953896929	0.000000000	0.000000000	0.000000000	0.000000000	0.000000000
1000.000000000	-200.000000000	NaN	90.953896929	0.000000000	0.000000000	0.000000000	0.000000000	0.000000000
-1000.000000000	-100.000000000	NaN	91.055757566	0.000000000	0.000000000	0.000000000	0.000000000	0.000000000
-900.000000000	-100.000000000	NaN	91.055757566	0.000000000	0.000000000	0.000000000	0.000000000	0.000000000
-800.000000000	-100.000000000	NaN	91.055757566	0.000000000	0.000000000	0.000000000	0.000000000	0.000000000
-700.000000000	-100.000000000	NaN	91.055757566	0.000000000	0.000000000	0.000000000	0.000000000	0.000000000
-600.000000000	-100.000000000	NaN	91.055757566	0.000000000	0.000000000	0.000000000	0.000000000	0.000000000
-500.000000000	-100.000000000	NaN	91.055757566	0.000000000	0.000000000	0.000000000	0.000000000	0.000000000
-400.000000000	-100.000000000	NaN	91.055757566	0.000000000	0.000000000	0.000000000	0.000000000	0.000000000
-300.000000000	-100.000000000	NaN	91.055757566	0.000000000	0.000000000	0.000000000	0.000000000	0.000000000
-200.000000000	-100.000000000	NaN	91.055757566	0.000000000	0.000000000	0.000000000	0.000000000	0.000000000
-100.000000000	-100.000000000	NaN	91.055757566	0.000000000	0.000000000	0.000000000	0.000000000	0.000000000
0.000000000	-100.000000000	NaN	91.055757566	0.000000000	0.000000000	0.000000000	0.000000000	0.000000000
100.000000000	-100.000000000	NaN	91.055757566	0.000000000	0.000000000	0.000000000	0.000000000	0.000000000
200.000000000	-100.000000000	NaN	91.055757566	0.000000000	0.000000000	0.000000000	0.000000000	0.000000000
300.000000000	-100.000000000	NaN	91.055757566	0.000000000	0.000000000	0.000000000	0.000000000	0.000000000
400.000000000	-100.000000000	NaN	91.055757566	0.000000000	0.000000000	0.000000000	0.000000000	0.000000000
500.000000000	-100.000000000	NaN	91.055757566	0.000000000	0.000000000	0.000000000	0.000000000	0.000000000
600.000000000	-100.000000000	NaN	91.055757566	0.000000000	0.000000000	0.000000000	0.000000000	0.000000000
700.000000000	-100.000000000	NaN	91.055757566	0.000000000	0.000000000	0.000000000	0.000000000	0.000000000
800.000000000	-100.000000000	NaN	91.055757566	0.000000000	0.000000000	0.000000000	0.000000000	0.000000000
900.000000000	-100.000000000	NaN	91.055757566	0.000000000	0.000000000	0.000000000	0.000000000	0.000000000
1000.000000000	-100.000000000	NaN	91.055757566	0.000000000	0.000000000	0.000000000	0.000000000	0.000000000
-1000.000000000	0.000000000	NaN	91.055757566	0.000000000	0.000000000	0.000000000	0.000000000	0.000000000
-900.000000000	0.000000000	NaN	91.055757566	0.000000000	0.000000000	0.000000000	0.000000000	0.000000000
-800.000000000	0.000000000	NaN	91.055757566	0.000000000	0.000000000	0.000000000	0.000000000	0.000000000
-700.000000000	0.000000000	NaN	91.055757566	0.000000000	0.000000000	0.000000000	0.000000000	0.000000000
-600.000000000	0.000000000	NaN	91.055757566	0.000000000	0.000000000	0.000000000	0.000000000	0.000000000
-500.000000000	0.000000000	NaN	91.055757566	0.000000000	0.000000000	0.000000000	0.000000000	0.000000000
-400.000000000	0.000000000	NaN	91.055757566	0.000000000	0.000000000	0.000000000	0.000000000	0.000000000
-300.000000000	0.000000000	NaN	91.055757566	0.000000000	0.000000000	0.000000000	0.000000000	0.000000000
-200.000000000	0.000000000	NaN	91.055757566	0.000000000	0.000000000	0.000000000	0.000000000	0.000000000
-100.000000000	0.000000000	NaN	91.055757566	0.000000000	0.000000000	0.000000000	0.000000000	0.000000000
0.000000000	0.000000000	NaN	91.055757566	0.000000000	0.000000000	0.000000000	0.000000000	0.000000000
100.000000000	0.000000000	NaN	91.055757566	0.000000000	0.000000000	0.000000000	0.000000000	0.000000000
200.000000000	0.000000000	NaN	91.055757566	0.000000000	0.000000000	0.000000000	0.000000000	0.000000000
300.000000000	0.000000000	NaN	91.055757566	0.000000000	0.000000000	0.000000000	0.000000000	0.000000000
400.000000000	0.000000000	NaN	91.055757566	0.000000000	0.000000000	0.000000000	0.000000000	0.000000000
500.000000000	0.000000000	NaN	91.055757566	0.000000000	0.000000000	0.000000000	0.000000000	0.000000000
600.000000000	0.000000000	NaN	91.055757566	0.000000000	0.000000000	0.000000000	0.000000000	0.000000000
700.000000000	0.000000000	NaN	91.055757566	0.000000000	0.000000000	0.000000000	0.000000000	0.000000000
800.000000000	0.000000000	NaN	91.055757566	0.000000000	0.000000000	0.000000000	0.000000000	0.000000000
900.000000000	0.000000000	NaN	91.055757566	0.000000000	0.000000000	0.000000000	0.000000000	0.000000000
1000.000000000	0.000000000	NaN	91.055757566	0.000000000	0.000000000	0.000000000	0.000000000	0.000000000
-1000.000000000	100.000000000	NaN	91.089709547	0.000000000	0.000000000	0.000000000	0.000000000	0.000000000
-900.000000000	100.000000000	NaN	91.089709547	0.000000000	0.000000000	0.000000000	0.000000000	0.000000000
-800.000000000	100.000000000	NaN	91.089709547	0.000000000	0.000000000	0.000000000	0.000000000	0.000000000
-700.000000000	100.000000000	NaN	91.089709547	0.000000000	0.000000000	0.000000000	0.000000000	0.000000000
-600.000000000	100.000000000	NaN	91.089709547	0.000000000	0.000000000	0.000000000	0.000000000	0.000000000
-500.000000000	100.000000000	NaN	91.089709547	0.000000000	0.000000000	0.000000000	0.000000000	0.000000000
-400.000000000	100.000000000	NaN	91.089709547	0.000000000	0.000000000	0.000000000	0.000000000	0.000000000
-300.000000000	100.000000000	NaN	91.089709547	0.000000000	0.000000000	0.000000000	0.000000000	0.000000000
-200.000000000	100.000000000	NaN	91.089709547	0.000000000	0.000000000	0.000000000	0.000000000	0.000000000
-100.000000000	100.000000000	NaN	91.089709547	0.000000000	0.000000000	0.000000000	0.000000000	0.000000000
0.000000000	100.000000000	NaN	91.089709547	0.000000000	0.000000000	0.000000000	0.000000000	0.000000000
100.000000000	100.000000000	NaN	91.089709547	0.000000000	0.000000000	0.000000000	0.000000000	0.000000000
200.000000000	100.000000000	NaN	91.089709547	0.000000000	0.000000000	0.000000000	0.000000000	0.000000000
300.000000000	100.000000000	NaN	91.089709547	0.000000000	0.000000000	0.000000000	0.000000000	0.000000000
400.000000000	100.000000000	NaN	91.089709547	0.000000000	0.000000000	0.000000000	0.000000000	0.000000000
500.000000000	100.000000000	NaN	91.089709547	0.000000000	0.000000000	0.000000000	0.000000000	0.000000000
600.000000000	100.000000000	NaN	91.089709547	0.000000000	0.000000000	0.000000000	0.000000000	0.000000000
700.000000000	100.000000000	NaN	91.089709547	0.000000000	0.000000000	0.000000000	0.000000000	0.000000000
800.000000000	100.000000000	NaN	91.089709547	0.000000000	0.000000000	0.000000000	0.000000000	0.000000000
900.000000000	100.000000000	NaN	91.089709547	0.000000000	0.000000000	0.000000000	0.000000000	0.000000000
1000.000000000	100.000000000	NaN	91.089709547	0.000000000	0.000000000	0.000000000	0.000000000	0.000000000
-1000.000000000	200.000000000	NaN	90.942578650	0.000000000	0.000000000	0.000000000	0.000000000	0.000000000
-900.000000000	200.000000000	NaN	90.942578650	0.000000000	0.000000000	0.000000000	0.000000000	0.000000000
-800.000000000	200.000000000	NaN	90.942578650	0.000000000	0.000000000	0.000000000	0.000000000	0.000000000
-700.000000000	200.000000000	NaN	90.942578650	0.000000000	0.000000000	0.000000000	0.000000000	0.000000000
-600.000000000	200.000000000	NaN	90.942578650	0.000000000	0.000000000	0.000000000	0.000000000	0.000000000
-500.000000000	200.000000000	NaN	90.942578650	0.000000000	0.000000000	0.000000000	0.000000000	0.000000000
-400.000000000	200.000000000	NaN	90.942578650	0.000000000	0.000000000	0.000000000	0.000000000	0.000000000
-300.000000000	200.000000000	NaN	90.942578650	0.000000000	0.000000000	0.000000000	0.000000000	0.000000000
-200.000000000	200.000000000	NaN	90.942578650	0.000000000	0.000000000	0.000000000	0.000000000	0.000000000
-100.000000000	200.000000000	NaN	90.942578650	0.000000000	0.000000000	0.000000000	0.000000000	0.000000000
0.000000000	200.000000000	NaN	90.942578650	0.000000000	0.000000000	0.000000000	0.000000000	0.000000000
100.000000000	200.000000000	NaN	90.942578650	0.000000000	0.000000000	0.000000000	0.000000000	0.000000000
200.000000000	200.000000000	NaN	90.942578650	0.000000000	0.000000000	0.000000000	0.000000000	0.000000000
300.000000000	200.000000000	NaN	90.942578650	0.000000000	0.000000000	0.000000000	0.000000000	0.000000000
400.000000000	200.000000000	NaN	90.942578650	0.000000000	0.000000000	0.000000000	0.000000000	0.000000000
500.000000000	200.000000000	NaN	90.942578650	0.000000000	0.000000000	0.000000000	0.000000000	0.000000000
600.000000000	200.000000000	NaN	90.942578650	0.000000000	0.000000000	0.000000000	0.000000000	0.000000000
700.000000000	200.000000000	NaN	90.942578650	0.000000000	0.000000000	0.000000000	0.000000000	0.000000000
800.000000000	200.000000000	NaN	90.942578650	0.000000000	0.000000000	0.000000000	0.000000000	0.000000000
900.000000000	200.000000000	NaN	90.942578650	0.000000000	0.000000000	0.000000000	0.000000000	0.000000000
1000.000000000	200.000000000	NaN	90.942578650	0.000000000	0.000000000	0.000000000	0.000000000	0.000000000
-1000.000000000	300.000000000	NaN	90.942578650	0.000000000	0.000000000	0.000000000	0.000000000	0.000000000
-900.000000000	300.000000000	NaN	90.942578650	0.000000000	0.000000000	0.000000000	0.000000000	0.000000000
-800.000000000	300.000000000	NaN	90.942578650	0.000000000	0.000000000	0.000000000	0.000000000	0.000000000
-700.000000000	300.000000000	NaN	90.942578650	0.000000000	0.000000000	0.000000000	0.000000000	0.000000000
-600.000000000	300.000000000	NaN	90.942578650	0.000000000	0.000000000	0.000000000	0.000000000	0.000000000
-500.000000000	300.000000000	NaN	90.942578650	0.000000000	0.000000000	0.000000000	0.000000000	0.000000000
-400.000000000	300.000000000	NaN	90.942578650	0.000000000	0.000000000	0.000000000	0.000000000	0.000000000
-300.000000000	300.000000000	NaN	90.942578650	0.000000000	0.000000000	0.000000000	0.000000000	0.000000000
-200.000000000	300.000000000	NaN	90.942578650	0.000000000	0.000000000	0.000000000	0.000000000	0.000000000
-100.000000000	300.000000000	NaN	90.942578650	0.000000000	0.000000000	0.000000000	0.000000000	0.000000000
0.000000000	300.000000000	NaN	90.942578650	0.000000000	0.000000000	0.000000000	0.000000000	0.000000000
100.000000000	300.000000000	NaN	90.942578650	0.000000000	0.000000000	0.000000000	0.000000000	0.000000000
200.000000000	300.000000000	NaN	90.942578650	0.000000000	0.000000000	0.000000000	0.000000000	0.000000000
300.000000000	300.000000000	NaN	90.942578650	0.000000000	0.000000000	0.000000000	0.000000000	0.000000000
400.000000000	300.000000000	NaN	90.942578650	0.000000000	0.000000000	0.000000000	0.000000000	0.000000000
500.000000000	300.000000000	NaN	90.942578650	0.000000000	0.000000000	0.000000000	0.000000000	0.000000000
600.000000000	300.000000000	NaN	90.942578650	0.000000000	0.000000000	0.000000000	0.000000000	0.000000000
700.000000000	300.000000000	NaN	90.942578650	0.000000000	0.000000000	0.000000000	0.000000000	0.000000000
800.000000000	300.000000000	NaN	90.942578650	0.000000000	0.000000000	0.000000000	0.000000000	0.000000000
900.000000000	300.000000000	NaN	90.942578650	0.000000000	0.000000000	0.000000000	0.000000000	0.000000000
1000.000000000	300.000000000	NaN	90.942578650	0.000000000	0.000000000	0.000000000	0.000000000	0.000000000
-1000.000000000	400.000000000	NaN	90.897304681	0.000000000	0.000000000	0.000000000	0.000000000	0.000000000
-900.000000000	400.000000000	NaN	90.897304681	0.000000000	0.000000000	0.000000000	0.000000000	0.000000000
-800.000000000	400.000000000	NaN	90.897304681	0.000000000	0.000000000	0.000000000	0.000000000	0.000000000
-700.000000000	400.000000000	NaN	90.897304681	0.000000000	0.000000000	0.000000000	0.000000000	0.000000000
-600.000000000	400.000000000	NaN	90.897304681	0.000000000	0.000000000	0.000000000	0.000000000	0.000000000
-500.000000000	400.000000000	NaN	90.897304681	0.000000000	0.000000000	0.000000000	0.000000000	0.000000000
-400.000000000	400.000000000	NaN	90.897304681	0.000000000	0.000000000	0.000000000	0.000000000	0.000000000
-300.000000000	400.000000000	NaN	90.897304681	0.000000000	0.000000000	0.000000000	0.000000000	0.000000000
-200.000000000	400.000000000	NaN	90.897304681	0.000000000	0.000000000	0.000000000	0.000000000	0.000000000
-100.000000000	400.000000000	NaN	90.897304681	0.000000000	0.000000000	0.000000000	0.000000000	0.000000000
0.000000000	400.000000000	NaN	90.897304681	0.000000000	0.000000000	0.000000000	0.000000000	0.000000000
100.000000000	400.000000000	NaN	90.897304681	0.000000000	0.000000000	0.000000000	0.000000000	0.000000000
200.000000000	400.000000000	NaN	90.897304681	0.000000000	0.000000000	0.000000000	0.000000000	0.000000000
300.000000000	400.000000000	NaN	90.897304681	0.000000000	0.000000000	0.000000000	0.000000000	0.000000000
400.000000000	400.000000000	NaN	90.897304681	0.000000000	0.000000000	0.000000000	0.000000000	0.000000000
500.000000000	400.000000000	NaN	90.897304681	0.000000000	0.000000000	0.000000000	0.000000000	0.000000000
600.000000000	400.000000000	NaN	90.897304681	0.000000000	0.000000000	0.000000000	0.000000000	0.000000000
700.000000000	400.000000000	NaN	90.897304681	0.000000000	0.000000000	0.000000000	0.000000000	0.000000000
800.000000000	400.000000000	NaN	90.897304681	0.000000000	0.000000000	0.000000000	0.000000000	0.000000000
900.000000000	400.000000000	NaN	90.897304681	0.000000000	0.000000000	0.000000000	0.000000000	0.000000000
1000.000000000	400.000000000	NaN	90.897304681	0.000000000	0.000000000	0.000000000	0.000000000	0.000000000
-1000.000000000	500.000000000	NaN	90.897304681	0.000000000	0.000000000	0.000000000	0.000000000	0.000000000
-900.000000000	500.000000000	NaN	90.897304681	0.000000000	0.000000000	0.000000000	0.000000000	0.000000000
-800.000000000	500.000000000	NaN	90.897304681	0.000000000	0.000000000	0.000000000	0.000000000	0.000000000
-700.000000000	500.000000000	NaN	90.897304681	0.000000000	0.000000000	0.000000000	0.000000000	0.000000000
-600.000000000	500.000000000	NaN	90.897304681	0.000000000	0.000000000	0.000000000	0.000000000	0.000000000
-500.000000000	500.000000000	NaN	90.897304681	0.000000000	0.000000000	0.000000000	0.000000000	0.000000000
-400.000000000	500.000000000	NaN	90.897304681	0.000000000	0.000000000	0.000000000	0.000000000	0.000000000
-300.000000000	500.000000000	NaN	90.897304681	0.000000000	0.000000000	0.000000000	0.000000000	0.000000000
-200.000000000	500.000000000	NaN	90.897304681	0.000000000	0.000000000	0.000000000	0.000000000	0.000000000
-100.000000000	500.000000000	NaN	90.897304681	0.000000000	0.000000000	0.000000000	0.000000000	0.000000000
0.000000000	500.000000000	NaN	90.897304681	0.000000000	0.000000000	0.000000000	0.000000000	0.000000000
100.000000000	500.000000000	NaN	90.897304681	0.000000000	0.000000000	0.000000000	0.000000000	0.000000000
200.000000000	500.000000000	NaN	90.897304681	0.000000000	0.000000000	0.000000000	0.000000000	0.000000000
300.000000000	500.000000000	NaN	90.897304681	0.000000000	0.000000000	0.000000000	0.000000000	0.000000000
400.000000000	500.000000000	NaN	90.897304681	0.000000000	0.000000000	0.000000000	0.000000000	0.000000000
500.000000000	500.000000000	NaN	90.897304681	0.000000000	0.000000000	0.000000000	0.000000000	0.000000000
600.000000000	500.000000000	NaN	90.897304681	0.000000000	0.000000000	0.000000000	0.000000000	0.000000000
700.000000000	500.000000000	NaN	90.897304681	0.000000000	0.000000000	0.000000000	0.000000000	0.000000000
800.000000000	500.000000000	NaN	90.897304681	0.000000000	0.000000000	0.000000000	0.000000000	0.000000000
900.000000000	500.000000000	NaN	90.897304681	0.000000000	0.000000000	0.000000000	0.000000000	0.000000000
1000.000000000	500.000000000	NaN	90.897304681	0.000000000	0.000000000	0.000000000	0.000000000	0.000000000
-1000.000000000	600.000000000	NaN	90.897304681	0.000000000	0.000000000	0.000000000	0.000000000	0.000000000
-900.000000000	600.000000000	NaN	90.897304681	0.000000000	0.000000000	0.000000000	0.000000000	0.000000000
-800.000000000	600.000000000	NaN	90.897304681	0.000000000	0.000000000	0.000000000	0.000000000	0.000000000
-700.000000000	600.000000000	NaN	90.897304681	0.000000000	0.000000000	0.000000000	0.000000000	0.000000000
-600.000000000	600.000000000	NaN	90.897304681	0.000000000	0.000000000	0.000000000	0.000000000	0.000000000
-500.000000000	600.000000000	NaN	90.897304681	0.000000000	0.000000000	0.000000000	0.000000000	0.000000000
-400.000000000	600.000000000	NaN	90.897304681	0.000000000	0.000000000	0.000000000	0.000000000	0.000000000
-300.000000000	600.000000000	NaN	90.897304681	0.000000000	0.000000000	0.000000000	0.000000000	0.000000000
-200.000000000	600.000000000	NaN	90.897304681	0.000000000	0.000000000	0.000000000	0.000000000	0.000000000
-100.000000000	600.000000000	NaN	90.897304681	0.000000000	0.000000000	0.000000000	0.000000000	0.000000000
0.000000000	600.000000000	NaN	90.897304681	0.000000000	0.000000000	0.000000000	0.000000000	0.000000000
100.000000000	600.000000000	NaN	90.897304681	0.000000000	0.000000000	0.000000000	0.000000000	0.000000000
200.000000000	600.000000000	NaN	90.897304681	0.000000000	0.000000000	0.000000000	0.000000000	0.000000000
300.000000000	600.000000000	NaN	90.897304681	0.000000000	0.000000000	0.000000000	0.000000000	0.000000000
400.000000000	600.000000000	NaN	90.897304681	0.000000000	0.000000000	0.000000000	0.000000000	0.000000000
500.000000000	600.000000000	NaN	90.897304681	0.000000000	0.000000000	0.000000000	0.000000000	0.000000000
600.000000000	600.000000000	NaN	90.897304681	0.000000000	0.000000000	0.000000000	0.000000000	0.000000000
700.000000000	600.000000000	NaN	90.897304681	0.000000000	0.000000000	0.000000000	0.000000000	0.000000000
800.000000000	600.000000000	NaN	90.897304681	0.000000000	0.000000000	0.000000000	0.000000000	0.000000000
900.000000000	600.000000000	NaN	90.897304681	0.000000000	0.000000000	0.000000000	0.000000000	0.000000000
1000.000000000	600.000000000	NaN	90.897304681	0.000000000	0.000000000	0.000000000	0.000000000	0.000000000
-1000.000000000	700.000000000	NaN	90.897304681	0.000000000	0.000000000	0.000000000	0.000000000	0.000000000
-900.000000000	700.000000000	NaN	90.897304681	0.000000000	0.000000000	0.000000000	0.000000000	0.000000000
-800.000000000	700.000000000	NaN	90.897304681	0.000000000	0.000000000	0.000000000	0.000000000	0.000000000
-700.000000000	700.000000000	NaN	90.897304681	0.000000000	0.000000000	0.000000000	0.000000000	0.000000000
-600.000000000	700.000000000	NaN	90.897304681	0.000000000	0.000000000	0.000000000	0.000000000	0.000000000
-500.000000000	700.000000000	NaN	90.897304681	0.000000000	0.000000000	0.000000000	0.000000000	0.000000000
-400.000000000	700.000000000	NaN	90.897304681	0.000000000	0.000000000	0.000000000	0.000000000	0.000000000
-300.000000000	700.000000000	NaN	90.897304681	0.000000000	0.000000000	0.000000000	0.000000000	0.000000000
-200.000000000	700.000000000	NaN	90.897304681	0.000000000	0.000000000	0.000000000	0.000000000	0.000000000
-100.000000000	700.000000000	NaN	90.897304681	0.000000000	0.000000000	0.000000000	0.000000000	0.000000000
0.000000000	700.000000000	NaN	90.897304681	0.000000000	0.000000000	0.000000000	0.000000000	0.000000000
100.000000000	700.000000000	NaN	90.897304681	0.000000000	0.000000000	0.000000000	0.000000000	0.000000000
200.000000000	700.000000000	NaN	90.897304681	0.000000000	0.000000000	0.000000000	0.000000000	0.000000000
300.000000000	700.000000000	NaN	90.897304681	0.000000000	0.000000000	0.000000000	0.000000000	0.000000000
400.000000000	700.000000000	NaN	90.897304681	0.000000000	0.000000000	0.000000000	0.000000000	0.000000000
500.000000000	700.000000000	NaN	90.897304681	0.000000000	0.000000000	0.000000000	0.000000000	0.000000000
600.000000000	700.000000000	NaN	90.897304681	0.000000000	0.000000000	0.000000000	0.000000000	0.000000000
700.000000000	700.000000000	NaN	90.897304681	0.000000000	0.000000000	0.000000000	0.000000000	0.000000000
800.000000000	700.000000000	NaN	90.897304681	0.000000000	0.000000000	0.000000000	0.000000000	0.000000000
900.000000000	700.000000000	NaN	90.897304681	0.000000000	0.000000000	0.000000000	0.000000000	0.000000000
1000.000000000	700.000000000	NaN	90.897304681	0.000000000	0.000000000	0.000000000	0.000000000	0.000000000
-1000.000000000	800.000000000	NaN	90.987851252	0.000000000	0.000000000	0.000000000	0.000000000	0.000000000
-900.000000000	800.000000000	NaN	90.987851252	0.000000000	0.000000000	0.000000000	0.000000000	0.000000000
-800.000000000	800.000000000	NaN	90.987851252	0.000000000	0.000000000	0.000000000	0.000000000	0.000000000
-700.000000000	800.000000000	NaN	90.987851252	0.000000000	0.000000000	0.000000000	0.000000000	0.000000000
-600.000000000	800.000000000	NaN	90.987851252	0.000000000	0.000000000	0.000000000	0.000000000	0.000000000
-500.000000000	800.000000000	NaN	90.987851252	0.000000000	0.000000000	0.000000000	0.000000000	0.000000000
-400.000000000	800.000000000	NaN	90.987851252	0.000000000	0.000000000	0.000000000	0.000000000	0.000000000
-300.000000000	800.000000000	NaN	90.987851252	0.000000000	0.000000000	0.000000000	0.000000000	0.000000000
-200.000000000	800.000000000	NaN	90.987851252	0.000000000	0.000000000	0.000000000	0.000000000	0.000000000
-100.000000000	800.000000000	NaN	90.987851252	0.000000000	0.000000000	0.000000000	0.000000000	0.000000000
0.000000000	800.000000000	NaN	90.987851252	0.000000000	0.000000000	0.000000000	0.000000000	0.000000000
100.000000000	800.000000000	NaN	90.987851252	0.000000000	0.000000000	0.000000000	0.000000000	0.000000000
200.000000000	800.000000000	NaN	90.987851252	0.000000000	0.000000000	0.000000000	0.000000000	0.000000000
300.000000000	800.000000000	NaN	90.987851252	0.000000000	0.000000000	0.000000000	0.000000000	0.000000000
400.000000000	800.000000000	NaN	90.987851252	0.000000000	0.000000000	0.000000000	0.000000000	0.000000000
500.000000000	800.000000000	NaN	90.987851252	0.000000000	0.000000000	0.000000000	0.000000000	0.000000000
600.000000000	800.000000000	NaN	90.987851252	0.000000000	0.000000000	0.000000000	0.000000000	0.000000000
700.000000000	800.000000000	NaN	90.987851252	0.000000000	0.000000000	0.000000000	0.000000000	0.000000000
800.000000000	800.000000000	NaN	90.987851252	0.000000000	0.000000000	0.000000000	0.000000000	0.000000000
900.000000000	800.000000000	NaN	90.987851252	0.000000000	0.000000000	0.000000000	0.000000000	0.000000000
1000.000000000	800.000000000	NaN	90.987851252	0.000000000	0.000000000	0.000000000	0.000000000	0.000000000
-1000.000000000	900.000000000	NaN	90.987851252	0.000000000	0.000000000	0.000000000	0.000000000	0.000000000
-900.000000000	900.000000000	NaN	90.987851252	0.000000000	0.000000000	0.000000000	0.000000000	0.000000000
-800.000000000	900.000000000	NaN	90.987851252	0.000000000	0.000000000	0.000000000	0.000000000	0.000000000
-700.000000000	900.000000000	NaN	90.987851252	0.000000000	0.000000000	0.000000000	0.000000000	0.000000000
-600.000000000	900.000000000	NaN	90.987851252	0.000000000	0.000000000	0.000000000	0.000000000	0.000000000
-500.000000000	900.000000000	NaN	90.987851252	0.000000000	0.000000000	0.000000000	0.000000000	0.000000000
-400.000000000	900.000000000	NaN	90.987851252	0.000000000	0.000000000	0.000000000	0.000000000	0.000000000
-300.000000000	900.000000000	NaN	90.987851252	0.000000000	0.000000000	0.000000000	0.000000000	0.000000000
-200.000000000	900.000000000	NaN	90.987851252	0.000000000	0.000000000	0.000000000	0.000000000	0.000000000
-100.000000000	900.000000000	NaN	90.987851252	0.000000000	0.000000000	0.000000000	0.000000000	0.000000000
0.000000000	900.000000000	NaN	90.987851252	0.000000000	0.000000000	0.000000000	0.000000000	0.000000000
100.000000000	900.000000000	NaN	90.987851252	0.000000000	0.000000000	0.000000000	0.000000000	0.000000000
200.000000000	900.000000000	NaN	90.987851252	0.000000000	0.000000000	0.000000000	0.000000000	0.000000000
300.000000000	900.000000000	NaN	90.987851252	0.000000000	0.000000000	0.000000000	0.000000000	0.000000000
400.000000000	900.000000000	NaN	90.987851252	0.000000000	0.000000000	0.000000000	0.000000000	0.000000000
500.000000000	900.000000000	NaN	90.987851252	0.000000000	0.000000000	0.000000000	0.000000000	0.000000000
600.000000000	900.000000000	NaN	90.987851252	0.000000000	0.000000000	0.000000000	0.000000000	0.000000000
700.000000000	900.000000000	NaN	90.987851252	0.000000000	0.000000000	0.000000000	0.000000000	0.000000000
800.000000000	900.000000000	NaN	90.987851252	0.000000000	0.000000000	0.000000000	0.000000000	0.000000000
900.000000000	900.000000000	NaN	90.987851252	0.000000000	0.000000000	0.000000000	0.000000000	0.000000000
1000.000000000	900.000000000	NaN	90.987851252	0.000000000	0.000000000	0.000000000	0.000000000	0.000000000
-1000.000000000	1000.000000000	NaN	90.953896929	0.000000000	0.000000000	0.000000000	0.000000000	0.000000000
-900.000000000	1000.000000000	NaN	90.953896929	0.000000000	0.000000000	0.000000000	0.000000000	0.000000000
-800.000000000	1000.000000000	NaN	90.953896929	0.000000000	0.000000000	0.000000000	0.000000000	0.000000000
-700.000000000	1000.000000000	NaN	90.953896929	0.000000000	0.000000000	0.000000000	0.000000000	0.000000000
-600.000000000	1000.000000000	NaN	90.953896929	0.000000000	0.000000000	0.000000000	0.000000000	0.000000000
-500.000000000	1000.000000000	NaN	90.953896929	0.000000000	0.000000000	0.000000000	0.000000000	0.000000000
-400.000000000	1000.000000000	NaN	90.953896929	0.000000000	0.000000000	0.000000000	0.000000000	0.000000000
-300.000000000	1000.000000000	NaN	90.953896929	0.000000000	0.000000000	0.000000000	0.000000000	0.000000000
-200.000000000	1000.000000000	NaN	90.953896929	0.000000000	0.000000000	0.000000000	0.000000000	0.000000000
-100.000000000	1000.000000000	NaN	90.953896929	0.000000000	0.000000000	0.000000000	0.000000000	0.000000000
0.000000000	1000.000000000	NaN	90.953896929	0.000000000	0.000000000	0.000000000	0.000000000	0.000000000
100.000000000	1000.000000000	NaN	90.953896929	0.000000000	0.000000000	0.000000000	0.000000000	0.000000000
200.000000000	1000.000000000	NaN	90.953896929	0.000000000	0.000000000	0.000000000	0.000000000	0.000000000
300.000000000	1000.000000000	NaN	90.953896929	0.000000000	0.000000000	0.000000000	0.000000000	0.000000000
400.000000000	1000.000000000	NaN	90.953896929	0.000000000	0.000000000	0.000000000	0.000000000	0.000000000
500.000000000	1000.000000000	NaN	90.953896929	0.000000000	0.000000000	0.000000000	0.000000000	0.000000000
600.000000000	1000.000000000	NaN	90.953896929	0.000000000	0.000000000	0.000000000	0.000000000	0.000000000
700.000000000	1000.000000000	NaN	90.953896929	0.000000000	0.000000000	0.000000000	0.000000000	0.000000000
800.000000000	1000.000000000	NaN	90.953896929	0.000000000	0.000000000	0.000000000	0.000000000	0.000000000
900.000000000	1000.000000000	NaN	90.953896929	0.000000000	0.000000000	0.000000000	0.000000000	0.000000000
1000.000000000	1000.000000000	NaN	90.953896929	0.000000000	0.000000000	0.000000000	0.000000000	0.000000000
