Set Temp (deg C)	86.000000	Laser Power (uW)	1143	Laser Detuning (GHz)	10
X  Field (nT)	Z  Field (nT)	Photodiode Voltage (V)	Temperature (C) 2D	Y  Field (nT)	Photodiode Voltage (V)	Temperature (C) 1D	Frequency (Hz)	Photodiode Voltage (V)		
-1000.000000000	-1000.000000000	NaN	85.911490923	-1000.000000000	NaN	85.911490923	0.000000000	0.000000000
-900.000000000	-1000.000000000	NaN	85.911490923	-960.000000000	NaN	85.911490923	0.000000000	0.000000000
-800.000000000	-1000.000000000	NaN	85.911490923	-920.000000000	NaN	85.911490923	0.000000000	0.000000000
-700.000000000	-1000.000000000	NaN	85.911490923	-880.000000000	NaN	85.911490923	0.000000000	0.000000000
-600.000000000	-1000.000000000	NaN	85.911490923	-840.000000000	NaN	85.911490923	0.000000000	0.000000000
-500.000000000	-1000.000000000	NaN	85.911490923	-800.000000000	NaN	85.911490923	0.000000000	0.000000000
-400.000000000	-1000.000000000	NaN	85.911490923	-760.000000000	NaN	85.911490923	0.000000000	0.000000000
-300.000000000	-1000.000000000	NaN	85.911490923	-720.000000000	NaN	85.911490923	0.000000000	0.000000000
-200.000000000	-1000.000000000	NaN	85.911490923	-680.000000000	NaN	85.911490923	0.000000000	0.000000000
-100.000000000	-1000.000000000	NaN	85.911490923	-640.000000000	NaN	85.911490923	0.000000000	0.000000000
0.000000000	-1000.000000000	NaN	85.911490923	-600.000000000	NaN	85.911490923	0.000000000	0.000000000
100.000000000	-1000.000000000	NaN	85.911490923	-560.000000000	NaN	85.911490923	0.000000000	0.000000000
200.000000000	-1000.000000000	NaN	85.911490923	-520.000000000	NaN	85.911490923	0.000000000	0.000000000
300.000000000	-1000.000000000	NaN	85.911490923	-480.000000000	NaN	85.911490923	0.000000000	0.000000000
400.000000000	-1000.000000000	NaN	85.911490923	-440.000000000	NaN	85.911490923	0.000000000	0.000000000
500.000000000	-1000.000000000	NaN	85.911490923	-400.000000000	NaN	85.911490923	0.000000000	0.000000000
600.000000000	-1000.000000000	NaN	85.911490923	-360.000000000	NaN	85.911490923	0.000000000	0.000000000
700.000000000	-1000.000000000	NaN	85.911490923	-320.000000000	NaN	85.911490923	0.000000000	0.000000000
800.000000000	-1000.000000000	NaN	85.911490923	-280.000000000	NaN	85.911490923	0.000000000	0.000000000
900.000000000	-1000.000000000	NaN	85.911490923	-240.000000000	NaN	85.911490923	0.000000000	0.000000000
1000.000000000	-1000.000000000	NaN	85.911490923	-200.000000000	NaN	85.911490923	0.000000000	0.000000000
-1000.000000000	-900.000000000	NaN	86.115578076	-160.000000000	NaN	85.911490923	0.000000000	0.000000000
-900.000000000	-900.000000000	NaN	86.115578076	-120.000000000	NaN	85.911490923	0.000000000	0.000000000
-800.000000000	-900.000000000	NaN	86.115578076	-80.000000000	NaN	85.911490923	0.000000000	0.000000000
-700.000000000	-900.000000000	NaN	86.115578076	-40.000000000	NaN	85.911490923	0.000000000	0.000000000
-600.000000000	-900.000000000	NaN	86.115578076	0.000000000	NaN	85.911490923	0.000000000	0.000000000
-500.000000000	-900.000000000	NaN	86.115578076	40.000000000	NaN	85.911490923	0.000000000	0.000000000
-400.000000000	-900.000000000	NaN	86.115578076	80.000000000	NaN	85.911490923	0.000000000	0.000000000
-300.000000000	-900.000000000	NaN	86.115578076	120.000000000	NaN	85.911490923	0.000000000	0.000000000
-200.000000000	-900.000000000	NaN	86.115578076	160.000000000	NaN	85.911490923	0.000000000	0.000000000
-100.000000000	-900.000000000	NaN	86.115578076	200.000000000	NaN	85.911490923	0.000000000	0.000000000
0.000000000	-900.000000000	NaN	86.115578076	240.000000000	NaN	85.911490923	0.000000000	0.000000000
100.000000000	-900.000000000	NaN	86.115578076	280.000000000	NaN	85.911490923	0.000000000	0.000000000
200.000000000	-900.000000000	NaN	86.115578076	320.000000000	NaN	85.911490923	0.000000000	0.000000000
300.000000000	-900.000000000	NaN	86.115578076	360.000000000	NaN	85.911490923	0.000000000	0.000000000
400.000000000	-900.000000000	NaN	86.115578076	400.000000000	NaN	85.911490923	0.000000000	0.000000000
500.000000000	-900.000000000	NaN	86.115578076	440.000000000	NaN	85.911490923	0.000000000	0.000000000
600.000000000	-900.000000000	NaN	86.115578076	480.000000000	NaN	85.911490923	0.000000000	0.000000000
700.000000000	-900.000000000	NaN	86.115578076	520.000000000	NaN	85.911490923	0.000000000	0.000000000
800.000000000	-900.000000000	NaN	86.115578076	560.000000000	NaN	85.911490923	0.000000000	0.000000000
900.000000000	-900.000000000	NaN	86.115578076	600.000000000	NaN	85.911490923	0.000000000	0.000000000
1000.000000000	-900.000000000	NaN	86.115578076	640.000000000	NaN	85.911490923	0.000000000	0.000000000
-1000.000000000	-800.000000000	NaN	86.115578076	680.000000000	NaN	85.911490923	0.000000000	0.000000000
-900.000000000	-800.000000000	NaN	86.115578076	720.000000000	NaN	85.911490923	0.000000000	0.000000000
-800.000000000	-800.000000000	NaN	86.115578076	760.000000000	NaN	85.911490923	0.000000000	0.000000000
-700.000000000	-800.000000000	NaN	86.115578076	800.000000000	NaN	85.911490923	0.000000000	0.000000000
-600.000000000	-800.000000000	NaN	86.115578076	840.000000000	NaN	85.911490923	0.000000000	0.000000000
-500.000000000	-800.000000000	NaN	86.115578076	880.000000000	NaN	85.911490923	0.000000000	0.000000000
-400.000000000	-800.000000000	NaN	86.115578076	920.000000000	NaN	85.911490923	0.000000000	0.000000000
-300.000000000	-800.000000000	NaN	86.115578076	960.000000000	NaN	85.911490923	0.000000000	0.000000000
-200.000000000	-800.000000000	NaN	86.115578076	1000.000000000	NaN	85.911490923	0.000000000	0.000000000
-100.000000000	-800.000000000	NaN	86.115578076	0.000000000	0.000000000	0.000000000	0.000000000	0.000000000
0.000000000	-800.000000000	NaN	86.115578076	0.000000000	0.000000000	0.000000000	0.000000000	0.000000000
100.000000000	-800.000000000	NaN	86.115578076	0.000000000	0.000000000	0.000000000	0.000000000	0.000000000
200.000000000	-800.000000000	NaN	86.115578076	0.000000000	0.000000000	0.000000000	0.000000000	0.000000000
300.000000000	-800.000000000	NaN	86.115578076	0.000000000	0.000000000	0.000000000	0.000000000	0.000000000
400.000000000	-800.000000000	NaN	86.115578076	0.000000000	0.000000000	0.000000000	0.000000000	0.000000000
500.000000000	-800.000000000	NaN	86.115578076	0.000000000	0.000000000	0.000000000	0.000000000	0.000000000
600.000000000	-800.000000000	NaN	86.115578076	0.000000000	0.000000000	0.000000000	0.000000000	0.000000000
700.000000000	-800.000000000	NaN	86.115578076	0.000000000	0.000000000	0.000000000	0.000000000	0.000000000
800.000000000	-800.000000000	NaN	86.115578076	0.000000000	0.000000000	0.000000000	0.000000000	0.000000000
900.000000000	-800.000000000	NaN	86.115578076	0.000000000	0.000000000	0.000000000	0.000000000	0.000000000
1000.000000000	-800.000000000	NaN	86.115578076	0.000000000	0.000000000	0.000000000	0.000000000	0.000000000
-1000.000000000	-700.000000000	NaN	86.058887398	0.000000000	0.000000000	0.000000000	0.000000000	0.000000000
-900.000000000	-700.000000000	NaN	86.058887398	0.000000000	0.000000000	0.000000000	0.000000000	0.000000000
-800.000000000	-700.000000000	NaN	86.058887398	0.000000000	0.000000000	0.000000000	0.000000000	0.000000000
-700.000000000	-700.000000000	NaN	86.058887398	0.000000000	0.000000000	0.000000000	0.000000000	0.000000000
-600.000000000	-700.000000000	NaN	86.058887398	0.000000000	0.000000000	0.000000000	0.000000000	0.000000000
-500.000000000	-700.000000000	NaN	86.058887398	0.000000000	0.000000000	0.000000000	0.000000000	0.000000000
-400.000000000	-700.000000000	NaN	86.058887398	0.000000000	0.000000000	0.000000000	0.000000000	0.000000000
-300.000000000	-700.000000000	NaN	86.058887398	0.000000000	0.000000000	0.000000000	0.000000000	0.000000000
-200.000000000	-700.000000000	NaN	86.058887398	0.000000000	0.000000000	0.000000000	0.000000000	0.000000000
-100.000000000	-700.000000000	NaN	86.058887398	0.000000000	0.000000000	0.000000000	0.000000000	0.000000000
0.000000000	-700.000000000	NaN	86.058887398	0.000000000	0.000000000	0.000000000	0.000000000	0.000000000
100.000000000	-700.000000000	NaN	86.058887398	0.000000000	0.000000000	0.000000000	0.000000000	0.000000000
200.000000000	-700.000000000	NaN	86.058887398	0.000000000	0.000000000	0.000000000	0.000000000	0.000000000
300.000000000	-700.000000000	NaN	86.058887398	0.000000000	0.000000000	0.000000000	0.000000000	0.000000000
400.000000000	-700.000000000	NaN	86.058887398	0.000000000	0.000000000	0.000000000	0.000000000	0.000000000
500.000000000	-700.000000000	NaN	86.058887398	0.000000000	0.000000000	0.000000000	0.000000000	0.000000000
600.000000000	-700.000000000	NaN	86.058887398	0.000000000	0.000000000	0.000000000	0.000000000	0.000000000
700.000000000	-700.000000000	NaN	86.058887398	0.000000000	0.000000000	0.000000000	0.000000000	0.000000000
800.000000000	-700.000000000	NaN	86.058887398	0.000000000	0.000000000	0.000000000	0.000000000	0.000000000
900.000000000	-700.000000000	NaN	86.058887398	0.000000000	0.000000000	0.000000000	0.000000000	0.000000000
1000.000000000	-700.000000000	NaN	86.058887398	0.000000000	0.000000000	0.000000000	0.000000000	0.000000000
-1000.000000000	-600.000000000	NaN	86.058887398	0.000000000	0.000000000	0.000000000	0.000000000	0.000000000
-900.000000000	-600.000000000	NaN	86.058887398	0.000000000	0.000000000	0.000000000	0.000000000	0.000000000
-800.000000000	-600.000000000	NaN	86.058887398	0.000000000	0.000000000	0.000000000	0.000000000	0.000000000
-700.000000000	-600.000000000	NaN	86.058887398	0.000000000	0.000000000	0.000000000	0.000000000	0.000000000
-600.000000000	-600.000000000	NaN	86.058887398	0.000000000	0.000000000	0.000000000	0.000000000	0.000000000
-500.000000000	-600.000000000	NaN	86.058887398	0.000000000	0.000000000	0.000000000	0.000000000	0.000000000
-400.000000000	-600.000000000	NaN	86.058887398	0.000000000	0.000000000	0.000000000	0.000000000	0.000000000
-300.000000000	-600.000000000	NaN	86.058887398	0.000000000	0.000000000	0.000000000	0.000000000	0.000000000
-200.000000000	-600.000000000	NaN	86.058887398	0.000000000	0.000000000	0.000000000	0.000000000	0.000000000
-100.000000000	-600.000000000	NaN	86.058887398	0.000000000	0.000000000	0.000000000	0.000000000	0.000000000
0.000000000	-600.000000000	NaN	86.058887398	0.000000000	0.000000000	0.000000000	0.000000000	0.000000000
100.000000000	-600.000000000	NaN	86.058887398	0.000000000	0.000000000	0.000000000	0.000000000	0.000000000
200.000000000	-600.000000000	NaN	86.058887398	0.000000000	0.000000000	0.000000000	0.000000000	0.000000000
300.000000000	-600.000000000	NaN	86.058887398	0.000000000	0.000000000	0.000000000	0.000000000	0.000000000
400.000000000	-600.000000000	NaN	86.058887398	0.000000000	0.000000000	0.000000000	0.000000000	0.000000000
500.000000000	-600.000000000	NaN	86.058887398	0.000000000	0.000000000	0.000000000	0.000000000	0.000000000
600.000000000	-600.000000000	NaN	86.058887398	0.000000000	0.000000000	0.000000000	0.000000000	0.000000000
700.000000000	-600.000000000	NaN	86.058887398	0.000000000	0.000000000	0.000000000	0.000000000	0.000000000
800.000000000	-600.000000000	NaN	86.058887398	0.000000000	0.000000000	0.000000000	0.000000000	0.000000000
900.000000000	-600.000000000	NaN	86.058887398	0.000000000	0.000000000	0.000000000	0.000000000	0.000000000
1000.000000000	-600.000000000	NaN	86.058887398	0.000000000	0.000000000	0.000000000	0.000000000	0.000000000
-1000.000000000	-500.000000000	NaN	86.036211080	0.000000000	0.000000000	0.000000000	0.000000000	0.000000000
-900.000000000	-500.000000000	NaN	86.036211080	0.000000000	0.000000000	0.000000000	0.000000000	0.000000000
-800.000000000	-500.000000000	NaN	86.036211080	0.000000000	0.000000000	0.000000000	0.000000000	0.000000000
-700.000000000	-500.000000000	NaN	86.036211080	0.000000000	0.000000000	0.000000000	0.000000000	0.000000000
-600.000000000	-500.000000000	NaN	86.036211080	0.000000000	0.000000000	0.000000000	0.000000000	0.000000000
-500.000000000	-500.000000000	NaN	86.036211080	0.000000000	0.000000000	0.000000000	0.000000000	0.000000000
-400.000000000	-500.000000000	NaN	86.036211080	0.000000000	0.000000000	0.000000000	0.000000000	0.000000000
-300.000000000	-500.000000000	NaN	86.036211080	0.000000000	0.000000000	0.000000000	0.000000000	0.000000000
-200.000000000	-500.000000000	NaN	86.036211080	0.000000000	0.000000000	0.000000000	0.000000000	0.000000000
-100.000000000	-500.000000000	NaN	86.036211080	0.000000000	0.000000000	0.000000000	0.000000000	0.000000000
0.000000000	-500.000000000	NaN	86.036211080	0.000000000	0.000000000	0.000000000	0.000000000	0.000000000
100.000000000	-500.000000000	NaN	86.036211080	0.000000000	0.000000000	0.000000000	0.000000000	0.000000000
200.000000000	-500.000000000	NaN	86.036211080	0.000000000	0.000000000	0.000000000	0.000000000	0.000000000
300.000000000	-500.000000000	NaN	86.036211080	0.000000000	0.000000000	0.000000000	0.000000000	0.000000000
400.000000000	-500.000000000	NaN	86.036211080	0.000000000	0.000000000	0.000000000	0.000000000	0.000000000
500.000000000	-500.000000000	NaN	86.036211080	0.000000000	0.000000000	0.000000000	0.000000000	0.000000000
600.000000000	-500.000000000	NaN	86.036211080	0.000000000	0.000000000	0.000000000	0.000000000	0.000000000
700.000000000	-500.000000000	NaN	86.036211080	0.000000000	0.000000000	0.000000000	0.000000000	0.000000000
800.000000000	-500.000000000	NaN	86.036211080	0.000000000	0.000000000	0.000000000	0.000000000	0.000000000
900.000000000	-500.000000000	NaN	86.036211080	0.000000000	0.000000000	0.000000000	0.000000000	0.000000000
1000.000000000	-500.000000000	NaN	86.036211080	0.000000000	0.000000000	0.000000000	0.000000000	0.000000000
-1000.000000000	-400.000000000	NaN	86.036211080	0.000000000	0.000000000	0.000000000	0.000000000	0.000000000
-900.000000000	-400.000000000	NaN	86.036211080	0.000000000	0.000000000	0.000000000	0.000000000	0.000000000
-800.000000000	-400.000000000	NaN	86.036211080	0.000000000	0.000000000	0.000000000	0.000000000	0.000000000
-700.000000000	-400.000000000	NaN	86.036211080	0.000000000	0.000000000	0.000000000	0.000000000	0.000000000
-600.000000000	-400.000000000	NaN	86.036211080	0.000000000	0.000000000	0.000000000	0.000000000	0.000000000
-500.000000000	-400.000000000	NaN	86.036211080	0.000000000	0.000000000	0.000000000	0.000000000	0.000000000
-400.000000000	-400.000000000	NaN	86.036211080	0.000000000	0.000000000	0.000000000	0.000000000	0.000000000
-300.000000000	-400.000000000	NaN	86.036211080	0.000000000	0.000000000	0.000000000	0.000000000	0.000000000
-200.000000000	-400.000000000	NaN	86.036211080	0.000000000	0.000000000	0.000000000	0.000000000	0.000000000
-100.000000000	-400.000000000	NaN	86.036211080	0.000000000	0.000000000	0.000000000	0.000000000	0.000000000
0.000000000	-400.000000000	NaN	86.036211080	0.000000000	0.000000000	0.000000000	0.000000000	0.000000000
100.000000000	-400.000000000	NaN	86.036211080	0.000000000	0.000000000	0.000000000	0.000000000	0.000000000
200.000000000	-400.000000000	NaN	86.036211080	0.000000000	0.000000000	0.000000000	0.000000000	0.000000000
300.000000000	-400.000000000	NaN	86.036211080	0.000000000	0.000000000	0.000000000	0.000000000	0.000000000
400.000000000	-400.000000000	NaN	86.036211080	0.000000000	0.000000000	0.000000000	0.000000000	0.000000000
500.000000000	-400.000000000	NaN	86.036211080	0.000000000	0.000000000	0.000000000	0.000000000	0.000000000
600.000000000	-400.000000000	NaN	86.036211080	0.000000000	0.000000000	0.000000000	0.000000000	0.000000000
700.000000000	-400.000000000	NaN	86.036211080	0.000000000	0.000000000	0.000000000	0.000000000	0.000000000
800.000000000	-400.000000000	NaN	86.036211080	0.000000000	0.000000000	0.000000000	0.000000000	0.000000000
900.000000000	-400.000000000	NaN	86.036211080	0.000000000	0.000000000	0.000000000	0.000000000	0.000000000
1000.000000000	-400.000000000	NaN	86.036211080	0.000000000	0.000000000	0.000000000	0.000000000	0.000000000
-1000.000000000	-300.000000000	NaN	86.013534737	0.000000000	0.000000000	0.000000000	0.000000000	0.000000000
-900.000000000	-300.000000000	NaN	86.013534737	0.000000000	0.000000000	0.000000000	0.000000000	0.000000000
-800.000000000	-300.000000000	NaN	86.013534737	0.000000000	0.000000000	0.000000000	0.000000000	0.000000000
-700.000000000	-300.000000000	NaN	86.013534737	0.000000000	0.000000000	0.000000000	0.000000000	0.000000000
-600.000000000	-300.000000000	NaN	86.013534737	0.000000000	0.000000000	0.000000000	0.000000000	0.000000000
-500.000000000	-300.000000000	NaN	86.013534737	0.000000000	0.000000000	0.000000000	0.000000000	0.000000000
-400.000000000	-300.000000000	NaN	86.013534737	0.000000000	0.000000000	0.000000000	0.000000000	0.000000000
-300.000000000	-300.000000000	NaN	86.013534737	0.000000000	0.000000000	0.000000000	0.000000000	0.000000000
-200.000000000	-300.000000000	NaN	86.013534737	0.000000000	0.000000000	0.000000000	0.000000000	0.000000000
-100.000000000	-300.000000000	NaN	86.013534737	0.000000000	0.000000000	0.000000000	0.000000000	0.000000000
0.000000000	-300.000000000	NaN	86.013534737	0.000000000	0.000000000	0.000000000	0.000000000	0.000000000
100.000000000	-300.000000000	NaN	86.013534737	0.000000000	0.000000000	0.000000000	0.000000000	0.000000000
200.000000000	-300.000000000	NaN	86.013534737	0.000000000	0.000000000	0.000000000	0.000000000	0.000000000
300.000000000	-300.000000000	NaN	86.013534737	0.000000000	0.000000000	0.000000000	0.000000000	0.000000000
400.000000000	-300.000000000	NaN	86.013534737	0.000000000	0.000000000	0.000000000	0.000000000	0.000000000
500.000000000	-300.000000000	NaN	86.013534737	0.000000000	0.000000000	0.000000000	0.000000000	0.000000000
600.000000000	-300.000000000	NaN	86.013534737	0.000000000	0.000000000	0.000000000	0.000000000	0.000000000
700.000000000	-300.000000000	NaN	86.013534737	0.000000000	0.000000000	0.000000000	0.000000000	0.000000000
800.000000000	-300.000000000	NaN	86.013534737	0.000000000	0.000000000	0.000000000	0.000000000	0.000000000
900.000000000	-300.000000000	NaN	86.013534737	0.000000000	0.000000000	0.000000000	0.000000000	0.000000000
1000.000000000	-300.000000000	NaN	86.013534737	0.000000000	0.000000000	0.000000000	0.000000000	0.000000000
-1000.000000000	-200.000000000	NaN	86.013534737	0.000000000	0.000000000	0.000000000	0.000000000	0.000000000
-900.000000000	-200.000000000	NaN	86.013534737	0.000000000	0.000000000	0.000000000	0.000000000	0.000000000
-800.000000000	-200.000000000	NaN	86.013534737	0.000000000	0.000000000	0.000000000	0.000000000	0.000000000
-700.000000000	-200.000000000	NaN	86.013534737	0.000000000	0.000000000	0.000000000	0.000000000	0.000000000
-600.000000000	-200.000000000	NaN	86.013534737	0.000000000	0.000000000	0.000000000	0.000000000	0.000000000
-500.000000000	-200.000000000	NaN	86.013534737	0.000000000	0.000000000	0.000000000	0.000000000	0.000000000
-400.000000000	-200.000000000	NaN	86.013534737	0.000000000	0.000000000	0.000000000	0.000000000	0.000000000
-300.000000000	-200.000000000	NaN	86.013534737	0.000000000	0.000000000	0.000000000	0.000000000	0.000000000
-200.000000000	-200.000000000	NaN	86.013534737	0.000000000	0.000000000	0.000000000	0.000000000	0.000000000
-100.000000000	-200.000000000	NaN	86.013534737	0.000000000	0.000000000	0.000000000	0.000000000	0.000000000
0.000000000	-200.000000000	NaN	86.013534737	0.000000000	0.000000000	0.000000000	0.000000000	0.000000000
100.000000000	-200.000000000	NaN	86.013534737	0.000000000	0.000000000	0.000000000	0.000000000	0.000000000
200.000000000	-200.000000000	NaN	86.013534737	0.000000000	0.000000000	0.000000000	0.000000000	0.000000000
300.000000000	-200.000000000	NaN	86.013534737	0.000000000	0.000000000	0.000000000	0.000000000	0.000000000
400.000000000	-200.000000000	NaN	86.013534737	0.000000000	0.000000000	0.000000000	0.000000000	0.000000000
500.000000000	-200.000000000	NaN	86.013534737	0.000000000	0.000000000	0.000000000	0.000000000	0.000000000
600.000000000	-200.000000000	NaN	86.013534737	0.000000000	0.000000000	0.000000000	0.000000000	0.000000000
700.000000000	-200.000000000	NaN	86.013534737	0.000000000	0.000000000	0.000000000	0.000000000	0.000000000
800.000000000	-200.000000000	NaN	86.013534737	0.000000000	0.000000000	0.000000000	0.000000000	0.000000000
900.000000000	-200.000000000	NaN	86.013534737	0.000000000	0.000000000	0.000000000	0.000000000	0.000000000
1000.000000000	-200.000000000	NaN	86.013534737	0.000000000	0.000000000	0.000000000	0.000000000	0.000000000
-1000.000000000	-100.000000000	NaN	86.036211080	0.000000000	0.000000000	0.000000000	0.000000000	0.000000000
-900.000000000	-100.000000000	NaN	86.036211080	0.000000000	0.000000000	0.000000000	0.000000000	0.000000000
-800.000000000	-100.000000000	NaN	86.036211080	0.000000000	0.000000000	0.000000000	0.000000000	0.000000000
-700.000000000	-100.000000000	NaN	86.036211080	0.000000000	0.000000000	0.000000000	0.000000000	0.000000000
-600.000000000	-100.000000000	NaN	86.036211080	0.000000000	0.000000000	0.000000000	0.000000000	0.000000000
-500.000000000	-100.000000000	NaN	86.036211080	0.000000000	0.000000000	0.000000000	0.000000000	0.000000000
-400.000000000	-100.000000000	NaN	86.036211080	0.000000000	0.000000000	0.000000000	0.000000000	0.000000000
-300.000000000	-100.000000000	NaN	86.036211080	0.000000000	0.000000000	0.000000000	0.000000000	0.000000000
-200.000000000	-100.000000000	NaN	86.036211080	0.000000000	0.000000000	0.000000000	0.000000000	0.000000000
-100.000000000	-100.000000000	NaN	86.036211080	0.000000000	0.000000000	0.000000000	0.000000000	0.000000000
0.000000000	-100.000000000	NaN	86.036211080	0.000000000	0.000000000	0.000000000	0.000000000	0.000000000
100.000000000	-100.000000000	NaN	86.036211080	0.000000000	0.000000000	0.000000000	0.000000000	0.000000000
200.000000000	-100.000000000	NaN	86.036211080	0.000000000	0.000000000	0.000000000	0.000000000	0.000000000
300.000000000	-100.000000000	NaN	86.036211080	0.000000000	0.000000000	0.000000000	0.000000000	0.000000000
400.000000000	-100.000000000	NaN	86.036211080	0.000000000	0.000000000	0.000000000	0.000000000	0.000000000
500.000000000	-100.000000000	NaN	86.036211080	0.000000000	0.000000000	0.000000000	0.000000000	0.000000000
600.000000000	-100.000000000	NaN	86.036211080	0.000000000	0.000000000	0.000000000	0.000000000	0.000000000
700.000000000	-100.000000000	NaN	86.036211080	0.000000000	0.000000000	0.000000000	0.000000000	0.000000000
800.000000000	-100.000000000	NaN	86.036211080	0.000000000	0.000000000	0.000000000	0.000000000	0.000000000
900.000000000	-100.000000000	NaN	86.036211080	0.000000000	0.000000000	0.000000000	0.000000000	0.000000000
1000.000000000	-100.000000000	NaN	86.036211080	0.000000000	0.000000000	0.000000000	0.000000000	0.000000000
-1000.000000000	0.000000000	NaN	86.036211080	0.000000000	0.000000000	0.000000000	0.000000000	0.000000000
-900.000000000	0.000000000	NaN	86.036211080	0.000000000	0.000000000	0.000000000	0.000000000	0.000000000
-800.000000000	0.000000000	NaN	86.036211080	0.000000000	0.000000000	0.000000000	0.000000000	0.000000000
-700.000000000	0.000000000	NaN	86.036211080	0.000000000	0.000000000	0.000000000	0.000000000	0.000000000
-600.000000000	0.000000000	NaN	86.036211080	0.000000000	0.000000000	0.000000000	0.000000000	0.000000000
-500.000000000	0.000000000	NaN	86.036211080	0.000000000	0.000000000	0.000000000	0.000000000	0.000000000
-400.000000000	0.000000000	NaN	86.036211080	0.000000000	0.000000000	0.000000000	0.000000000	0.000000000
-300.000000000	0.000000000	NaN	86.036211080	0.000000000	0.000000000	0.000000000	0.000000000	0.000000000
-200.000000000	0.000000000	NaN	86.036211080	0.000000000	0.000000000	0.000000000	0.000000000	0.000000000
-100.000000000	0.000000000	NaN	86.036211080	0.000000000	0.000000000	0.000000000	0.000000000	0.000000000
0.000000000	0.000000000	NaN	86.036211080	0.000000000	0.000000000	0.000000000	0.000000000	0.000000000
100.000000000	0.000000000	NaN	86.036211080	0.000000000	0.000000000	0.000000000	0.000000000	0.000000000
200.000000000	0.000000000	NaN	86.036211080	0.000000000	0.000000000	0.000000000	0.000000000	0.000000000
300.000000000	0.000000000	NaN	86.036211080	0.000000000	0.000000000	0.000000000	0.000000000	0.000000000
400.000000000	0.000000000	NaN	86.036211080	0.000000000	0.000000000	0.000000000	0.000000000	0.000000000
500.000000000	0.000000000	NaN	86.036211080	0.000000000	0.000000000	0.000000000	0.000000000	0.000000000
600.000000000	0.000000000	NaN	86.036211080	0.000000000	0.000000000	0.000000000	0.000000000	0.000000000
700.000000000	0.000000000	NaN	86.036211080	0.000000000	0.000000000	0.000000000	0.000000000	0.000000000
800.000000000	0.000000000	NaN	86.036211080	0.000000000	0.000000000	0.000000000	0.000000000	0.000000000
900.000000000	0.000000000	NaN	86.036211080	0.000000000	0.000000000	0.000000000	0.000000000	0.000000000
1000.000000000	0.000000000	NaN	86.036211080	0.000000000	0.000000000	0.000000000	0.000000000	0.000000000
-1000.000000000	100.000000000	NaN	86.160930485	0.000000000	0.000000000	0.000000000	0.000000000	0.000000000
-900.000000000	100.000000000	NaN	86.160930485	0.000000000	0.000000000	0.000000000	0.000000000	0.000000000
-800.000000000	100.000000000	NaN	86.160930485	0.000000000	0.000000000	0.000000000	0.000000000	0.000000000
-700.000000000	100.000000000	NaN	86.160930485	0.000000000	0.000000000	0.000000000	0.000000000	0.000000000
-600.000000000	100.000000000	NaN	86.160930485	0.000000000	0.000000000	0.000000000	0.000000000	0.000000000
-500.000000000	100.000000000	NaN	86.160930485	0.000000000	0.000000000	0.000000000	0.000000000	0.000000000
-400.000000000	100.000000000	NaN	86.160930485	0.000000000	0.000000000	0.000000000	0.000000000	0.000000000
-300.000000000	100.000000000	NaN	86.160930485	0.000000000	0.000000000	0.000000000	0.000000000	0.000000000
-200.000000000	100.000000000	NaN	86.160930485	0.000000000	0.000000000	0.000000000	0.000000000	0.000000000
-100.000000000	100.000000000	NaN	86.160930485	0.000000000	0.000000000	0.000000000	0.000000000	0.000000000
0.000000000	100.000000000	NaN	86.160930485	0.000000000	0.000000000	0.000000000	0.000000000	0.000000000
100.000000000	100.000000000	NaN	86.160930485	0.000000000	0.000000000	0.000000000	0.000000000	0.000000000
200.000000000	100.000000000	NaN	86.160930485	0.000000000	0.000000000	0.000000000	0.000000000	0.000000000
300.000000000	100.000000000	NaN	86.160930485	0.000000000	0.000000000	0.000000000	0.000000000	0.000000000
400.000000000	100.000000000	NaN	86.160930485	0.000000000	0.000000000	0.000000000	0.000000000	0.000000000
500.000000000	100.000000000	NaN	86.160930485	0.000000000	0.000000000	0.000000000	0.000000000	0.000000000
600.000000000	100.000000000	NaN	86.160930485	0.000000000	0.000000000	0.000000000	0.000000000	0.000000000
700.000000000	100.000000000	NaN	86.160930485	0.000000000	0.000000000	0.000000000	0.000000000	0.000000000
800.000000000	100.000000000	NaN	86.160930485	0.000000000	0.000000000	0.000000000	0.000000000	0.000000000
900.000000000	100.000000000	NaN	86.160930485	0.000000000	0.000000000	0.000000000	0.000000000	0.000000000
1000.000000000	100.000000000	NaN	86.160930485	0.000000000	0.000000000	0.000000000	0.000000000	0.000000000
-1000.000000000	200.000000000	NaN	86.160930485	0.000000000	0.000000000	0.000000000	0.000000000	0.000000000
-900.000000000	200.000000000	NaN	86.160930485	0.000000000	0.000000000	0.000000000	0.000000000	0.000000000
-800.000000000	200.000000000	NaN	86.160930485	0.000000000	0.000000000	0.000000000	0.000000000	0.000000000
-700.000000000	200.000000000	NaN	86.160930485	0.000000000	0.000000000	0.000000000	0.000000000	0.000000000
-600.000000000	200.000000000	NaN	86.160930485	0.000000000	0.000000000	0.000000000	0.000000000	0.000000000
-500.000000000	200.000000000	NaN	86.160930485	0.000000000	0.000000000	0.000000000	0.000000000	0.000000000
-400.000000000	200.000000000	NaN	86.160930485	0.000000000	0.000000000	0.000000000	0.000000000	0.000000000
-300.000000000	200.000000000	NaN	86.160930485	0.000000000	0.000000000	0.000000000	0.000000000	0.000000000
-200.000000000	200.000000000	NaN	86.160930485	0.000000000	0.000000000	0.000000000	0.000000000	0.000000000
-100.000000000	200.000000000	NaN	86.160930485	0.000000000	0.000000000	0.000000000	0.000000000	0.000000000
0.000000000	200.000000000	NaN	86.160930485	0.000000000	0.000000000	0.000000000	0.000000000	0.000000000
100.000000000	200.000000000	NaN	86.160930485	0.000000000	0.000000000	0.000000000	0.000000000	0.000000000
200.000000000	200.000000000	NaN	86.160930485	0.000000000	0.000000000	0.000000000	0.000000000	0.000000000
300.000000000	200.000000000	NaN	86.160930485	0.000000000	0.000000000	0.000000000	0.000000000	0.000000000
400.000000000	200.000000000	NaN	86.160930485	0.000000000	0.000000000	0.000000000	0.000000000	0.000000000
500.000000000	200.000000000	NaN	86.160930485	0.000000000	0.000000000	0.000000000	0.000000000	0.000000000
600.000000000	200.000000000	NaN	86.160930485	0.000000000	0.000000000	0.000000000	0.000000000	0.000000000
700.000000000	200.000000000	NaN	86.160930485	0.000000000	0.000000000	0.000000000	0.000000000	0.000000000
800.000000000	200.000000000	NaN	86.160930485	0.000000000	0.000000000	0.000000000	0.000000000	0.000000000
900.000000000	200.000000000	NaN	86.160930485	0.000000000	0.000000000	0.000000000	0.000000000	0.000000000
1000.000000000	200.000000000	NaN	86.160930485	0.000000000	0.000000000	0.000000000	0.000000000	0.000000000
-1000.000000000	300.000000000	NaN	86.070225548	0.000000000	0.000000000	0.000000000	0.000000000	0.000000000
-900.000000000	300.000000000	NaN	86.070225548	0.000000000	0.000000000	0.000000000	0.000000000	0.000000000
-800.000000000	300.000000000	NaN	86.070225548	0.000000000	0.000000000	0.000000000	0.000000000	0.000000000
-700.000000000	300.000000000	NaN	86.070225548	0.000000000	0.000000000	0.000000000	0.000000000	0.000000000
-600.000000000	300.000000000	NaN	86.070225548	0.000000000	0.000000000	0.000000000	0.000000000	0.000000000
-500.000000000	300.000000000	NaN	86.070225548	0.000000000	0.000000000	0.000000000	0.000000000	0.000000000
-400.000000000	300.000000000	NaN	86.070225548	0.000000000	0.000000000	0.000000000	0.000000000	0.000000000
-300.000000000	300.000000000	NaN	86.070225548	0.000000000	0.000000000	0.000000000	0.000000000	0.000000000
-200.000000000	300.000000000	NaN	86.070225548	0.000000000	0.000000000	0.000000000	0.000000000	0.000000000
-100.000000000	300.000000000	NaN	86.070225548	0.000000000	0.000000000	0.000000000	0.000000000	0.000000000
0.000000000	300.000000000	NaN	86.070225548	0.000000000	0.000000000	0.000000000	0.000000000	0.000000000
100.000000000	300.000000000	NaN	86.070225548	0.000000000	0.000000000	0.000000000	0.000000000	0.000000000
200.000000000	300.000000000	NaN	86.070225548	0.000000000	0.000000000	0.000000000	0.000000000	0.000000000
300.000000000	300.000000000	NaN	86.070225548	0.000000000	0.000000000	0.000000000	0.000000000	0.000000000
400.000000000	300.000000000	NaN	86.070225548	0.000000000	0.000000000	0.000000000	0.000000000	0.000000000
500.000000000	300.000000000	NaN	86.070225548	0.000000000	0.000000000	0.000000000	0.000000000	0.000000000
600.000000000	300.000000000	NaN	86.070225548	0.000000000	0.000000000	0.000000000	0.000000000	0.000000000
700.000000000	300.000000000	NaN	86.070225548	0.000000000	0.000000000	0.000000000	0.000000000	0.000000000
800.000000000	300.000000000	NaN	86.070225548	0.000000000	0.000000000	0.000000000	0.000000000	0.000000000
900.000000000	300.000000000	NaN	86.070225548	0.000000000	0.000000000	0.000000000	0.000000000	0.000000000
1000.000000000	300.000000000	NaN	86.070225548	0.000000000	0.000000000	0.000000000	0.000000000	0.000000000
-1000.000000000	400.000000000	NaN	86.070225548	0.000000000	0.000000000	0.000000000	0.000000000	0.000000000
-900.000000000	400.000000000	NaN	86.070225548	0.000000000	0.000000000	0.000000000	0.000000000	0.000000000
-800.000000000	400.000000000	NaN	86.070225548	0.000000000	0.000000000	0.000000000	0.000000000	0.000000000
-700.000000000	400.000000000	NaN	86.070225548	0.000000000	0.000000000	0.000000000	0.000000000	0.000000000
-600.000000000	400.000000000	NaN	86.070225548	0.000000000	0.000000000	0.000000000	0.000000000	0.000000000
-500.000000000	400.000000000	NaN	86.070225548	0.000000000	0.000000000	0.000000000	0.000000000	0.000000000
-400.000000000	400.000000000	NaN	86.070225548	0.000000000	0.000000000	0.000000000	0.000000000	0.000000000
-300.000000000	400.000000000	NaN	86.070225548	0.000000000	0.000000000	0.000000000	0.000000000	0.000000000
-200.000000000	400.000000000	NaN	86.070225548	0.000000000	0.000000000	0.000000000	0.000000000	0.000000000
-100.000000000	400.000000000	NaN	86.070225548	0.000000000	0.000000000	0.000000000	0.000000000	0.000000000
0.000000000	400.000000000	NaN	86.070225548	0.000000000	0.000000000	0.000000000	0.000000000	0.000000000
100.000000000	400.000000000	NaN	86.070225548	0.000000000	0.000000000	0.000000000	0.000000000	0.000000000
200.000000000	400.000000000	NaN	86.070225548	0.000000000	0.000000000	0.000000000	0.000000000	0.000000000
300.000000000	400.000000000	NaN	86.070225548	0.000000000	0.000000000	0.000000000	0.000000000	0.000000000
400.000000000	400.000000000	NaN	86.070225548	0.000000000	0.000000000	0.000000000	0.000000000	0.000000000
500.000000000	400.000000000	NaN	86.070225548	0.000000000	0.000000000	0.000000000	0.000000000	0.000000000
600.000000000	400.000000000	NaN	86.070225548	0.000000000	0.000000000	0.000000000	0.000000000	0.000000000
700.000000000	400.000000000	NaN	86.070225548	0.000000000	0.000000000	0.000000000	0.000000000	0.000000000
800.000000000	400.000000000	NaN	86.070225548	0.000000000	0.000000000	0.000000000	0.000000000	0.000000000
900.000000000	400.000000000	NaN	86.070225548	0.000000000	0.000000000	0.000000000	0.000000000	0.000000000
1000.000000000	400.000000000	NaN	86.070225548	0.000000000	0.000000000	0.000000000	0.000000000	0.000000000
-1000.000000000	500.000000000	NaN	85.854799761	0.000000000	0.000000000	0.000000000	0.000000000	0.000000000
-900.000000000	500.000000000	NaN	85.854799761	0.000000000	0.000000000	0.000000000	0.000000000	0.000000000
-800.000000000	500.000000000	NaN	85.854799761	0.000000000	0.000000000	0.000000000	0.000000000	0.000000000
-700.000000000	500.000000000	NaN	85.854799761	0.000000000	0.000000000	0.000000000	0.000000000	0.000000000
-600.000000000	500.000000000	NaN	85.854799761	0.000000000	0.000000000	0.000000000	0.000000000	0.000000000
-500.000000000	500.000000000	NaN	85.854799761	0.000000000	0.000000000	0.000000000	0.000000000	0.000000000
-400.000000000	500.000000000	NaN	85.854799761	0.000000000	0.000000000	0.000000000	0.000000000	0.000000000
-300.000000000	500.000000000	NaN	85.854799761	0.000000000	0.000000000	0.000000000	0.000000000	0.000000000
-200.000000000	500.000000000	NaN	85.854799761	0.000000000	0.000000000	0.000000000	0.000000000	0.000000000
-100.000000000	500.000000000	NaN	85.854799761	0.000000000	0.000000000	0.000000000	0.000000000	0.000000000
0.000000000	500.000000000	NaN	85.854799761	0.000000000	0.000000000	0.000000000	0.000000000	0.000000000
100.000000000	500.000000000	NaN	85.854799761	0.000000000	0.000000000	0.000000000	0.000000000	0.000000000
200.000000000	500.000000000	NaN	85.854799761	0.000000000	0.000000000	0.000000000	0.000000000	0.000000000
300.000000000	500.000000000	NaN	85.854799761	0.000000000	0.000000000	0.000000000	0.000000000	0.000000000
400.000000000	500.000000000	NaN	85.854799761	0.000000000	0.000000000	0.000000000	0.000000000	0.000000000
500.000000000	500.000000000	NaN	85.854799761	0.000000000	0.000000000	0.000000000	0.000000000	0.000000000
600.000000000	500.000000000	NaN	85.854799761	0.000000000	0.000000000	0.000000000	0.000000000	0.000000000
700.000000000	500.000000000	NaN	85.854799761	0.000000000	0.000000000	0.000000000	0.000000000	0.000000000
800.000000000	500.000000000	NaN	85.854799761	0.000000000	0.000000000	0.000000000	0.000000000	0.000000000
900.000000000	500.000000000	NaN	85.854799761	0.000000000	0.000000000	0.000000000	0.000000000	0.000000000
1000.000000000	500.000000000	NaN	85.854799761	0.000000000	0.000000000	0.000000000	0.000000000	0.000000000
-1000.000000000	600.000000000	NaN	85.854799761	0.000000000	0.000000000	0.000000000	0.000000000	0.000000000
-900.000000000	600.000000000	NaN	85.854799761	0.000000000	0.000000000	0.000000000	0.000000000	0.000000000
-800.000000000	600.000000000	NaN	85.854799761	0.000000000	0.000000000	0.000000000	0.000000000	0.000000000
-700.000000000	600.000000000	NaN	85.854799761	0.000000000	0.000000000	0.000000000	0.000000000	0.000000000
-600.000000000	600.000000000	NaN	85.854799761	0.000000000	0.000000000	0.000000000	0.000000000	0.000000000
-500.000000000	600.000000000	NaN	85.854799761	0.000000000	0.000000000	0.000000000	0.000000000	0.000000000
-400.000000000	600.000000000	NaN	85.854799761	0.000000000	0.000000000	0.000000000	0.000000000	0.000000000
-300.000000000	600.000000000	NaN	85.854799761	0.000000000	0.000000000	0.000000000	0.000000000	0.000000000
-200.000000000	600.000000000	NaN	85.854799761	0.000000000	0.000000000	0.000000000	0.000000000	0.000000000
-100.000000000	600.000000000	NaN	85.854799761	0.000000000	0.000000000	0.000000000	0.000000000	0.000000000
0.000000000	600.000000000	NaN	85.854799761	0.000000000	0.000000000	0.000000000	0.000000000	0.000000000
100.000000000	600.000000000	NaN	85.854799761	0.000000000	0.000000000	0.000000000	0.000000000	0.000000000
200.000000000	600.000000000	NaN	85.854799761	0.000000000	0.000000000	0.000000000	0.000000000	0.000000000
300.000000000	600.000000000	NaN	85.854799761	0.000000000	0.000000000	0.000000000	0.000000000	0.000000000
400.000000000	600.000000000	NaN	85.854799761	0.000000000	0.000000000	0.000000000	0.000000000	0.000000000
500.000000000	600.000000000	NaN	85.854799761	0.000000000	0.000000000	0.000000000	0.000000000	0.000000000
600.000000000	600.000000000	NaN	85.854799761	0.000000000	0.000000000	0.000000000	0.000000000	0.000000000
700.000000000	600.000000000	NaN	85.854799761	0.000000000	0.000000000	0.000000000	0.000000000	0.000000000
800.000000000	600.000000000	NaN	85.854799761	0.000000000	0.000000000	0.000000000	0.000000000	0.000000000
900.000000000	600.000000000	NaN	85.854799761	0.000000000	0.000000000	0.000000000	0.000000000	0.000000000
1000.000000000	600.000000000	NaN	85.854799761	0.000000000	0.000000000	0.000000000	0.000000000	0.000000000
-1000.000000000	700.000000000	NaN	85.877476237	0.000000000	0.000000000	0.000000000	0.000000000	0.000000000
-900.000000000	700.000000000	NaN	85.877476237	0.000000000	0.000000000	0.000000000	0.000000000	0.000000000
-800.000000000	700.000000000	NaN	85.877476237	0.000000000	0.000000000	0.000000000	0.000000000	0.000000000
-700.000000000	700.000000000	NaN	85.877476237	0.000000000	0.000000000	0.000000000	0.000000000	0.000000000
-600.000000000	700.000000000	NaN	85.877476237	0.000000000	0.000000000	0.000000000	0.000000000	0.000000000
-500.000000000	700.000000000	NaN	85.877476237	0.000000000	0.000000000	0.000000000	0.000000000	0.000000000
-400.000000000	700.000000000	NaN	85.877476237	0.000000000	0.000000000	0.000000000	0.000000000	0.000000000
-300.000000000	700.000000000	NaN	85.877476237	0.000000000	0.000000000	0.000000000	0.000000000	0.000000000
-200.000000000	700.000000000	NaN	85.877476237	0.000000000	0.000000000	0.000000000	0.000000000	0.000000000
-100.000000000	700.000000000	NaN	85.877476237	0.000000000	0.000000000	0.000000000	0.000000000	0.000000000
0.000000000	700.000000000	NaN	85.877476237	0.000000000	0.000000000	0.000000000	0.000000000	0.000000000
100.000000000	700.000000000	NaN	85.877476237	0.000000000	0.000000000	0.000000000	0.000000000	0.000000000
200.000000000	700.000000000	NaN	85.877476237	0.000000000	0.000000000	0.000000000	0.000000000	0.000000000
300.000000000	700.000000000	NaN	85.877476237	0.000000000	0.000000000	0.000000000	0.000000000	0.000000000
400.000000000	700.000000000	NaN	85.877476237	0.000000000	0.000000000	0.000000000	0.000000000	0.000000000
500.000000000	700.000000000	NaN	85.877476237	0.000000000	0.000000000	0.000000000	0.000000000	0.000000000
600.000000000	700.000000000	NaN	85.877476237	0.000000000	0.000000000	0.000000000	0.000000000	0.000000000
700.000000000	700.000000000	NaN	85.877476237	0.000000000	0.000000000	0.000000000	0.000000000	0.000000000
800.000000000	700.000000000	NaN	85.877476237	0.000000000	0.000000000	0.000000000	0.000000000	0.000000000
900.000000000	700.000000000	NaN	85.877476237	0.000000000	0.000000000	0.000000000	0.000000000	0.000000000
1000.000000000	700.000000000	NaN	85.877476237	0.000000000	0.000000000	0.000000000	0.000000000	0.000000000
-1000.000000000	800.000000000	NaN	85.877476237	0.000000000	0.000000000	0.000000000	0.000000000	0.000000000
-900.000000000	800.000000000	NaN	85.877476237	0.000000000	0.000000000	0.000000000	0.000000000	0.000000000
-800.000000000	800.000000000	NaN	85.877476237	0.000000000	0.000000000	0.000000000	0.000000000	0.000000000
-700.000000000	800.000000000	NaN	85.877476237	0.000000000	0.000000000	0.000000000	0.000000000	0.000000000
-600.000000000	800.000000000	NaN	85.877476237	0.000000000	0.000000000	0.000000000	0.000000000	0.000000000
-500.000000000	800.000000000	NaN	85.877476237	0.000000000	0.000000000	0.000000000	0.000000000	0.000000000
-400.000000000	800.000000000	NaN	85.877476237	0.000000000	0.000000000	0.000000000	0.000000000	0.000000000
-300.000000000	800.000000000	NaN	85.877476237	0.000000000	0.000000000	0.000000000	0.000000000	0.000000000
-200.000000000	800.000000000	NaN	85.877476237	0.000000000	0.000000000	0.000000000	0.000000000	0.000000000
-100.000000000	800.000000000	NaN	85.877476237	0.000000000	0.000000000	0.000000000	0.000000000	0.000000000
0.000000000	800.000000000	NaN	85.877476237	0.000000000	0.000000000	0.000000000	0.000000000	0.000000000
100.000000000	800.000000000	NaN	85.877476237	0.000000000	0.000000000	0.000000000	0.000000000	0.000000000
200.000000000	800.000000000	NaN	85.877476237	0.000000000	0.000000000	0.000000000	0.000000000	0.000000000
300.000000000	800.000000000	NaN	85.877476237	0.000000000	0.000000000	0.000000000	0.000000000	0.000000000
400.000000000	800.000000000	NaN	85.877476237	0.000000000	0.000000000	0.000000000	0.000000000	0.000000000
500.000000000	800.000000000	NaN	85.877476237	0.000000000	0.000000000	0.000000000	0.000000000	0.000000000
600.000000000	800.000000000	NaN	85.877476237	0.000000000	0.000000000	0.000000000	0.000000000	0.000000000
700.000000000	800.000000000	NaN	85.877476237	0.000000000	0.000000000	0.000000000	0.000000000	0.000000000
800.000000000	800.000000000	NaN	85.877476237	0.000000000	0.000000000	0.000000000	0.000000000	0.000000000
900.000000000	800.000000000	NaN	85.877476237	0.000000000	0.000000000	0.000000000	0.000000000	0.000000000
1000.000000000	800.000000000	NaN	85.877476237	0.000000000	0.000000000	0.000000000	0.000000000	0.000000000
-1000.000000000	900.000000000	NaN	86.217620810	0.000000000	0.000000000	0.000000000	0.000000000	0.000000000
-900.000000000	900.000000000	NaN	86.217620810	0.000000000	0.000000000	0.000000000	0.000000000	0.000000000
-800.000000000	900.000000000	NaN	86.217620810	0.000000000	0.000000000	0.000000000	0.000000000	0.000000000
-700.000000000	900.000000000	NaN	86.217620810	0.000000000	0.000000000	0.000000000	0.000000000	0.000000000
-600.000000000	900.000000000	NaN	86.217620810	0.000000000	0.000000000	0.000000000	0.000000000	0.000000000
-500.000000000	900.000000000	NaN	86.217620810	0.000000000	0.000000000	0.000000000	0.000000000	0.000000000
-400.000000000	900.000000000	NaN	86.217620810	0.000000000	0.000000000	0.000000000	0.000000000	0.000000000
-300.000000000	900.000000000	NaN	86.217620810	0.000000000	0.000000000	0.000000000	0.000000000	0.000000000
-200.000000000	900.000000000	NaN	86.217620810	0.000000000	0.000000000	0.000000000	0.000000000	0.000000000
-100.000000000	900.000000000	NaN	86.217620810	0.000000000	0.000000000	0.000000000	0.000000000	0.000000000
0.000000000	900.000000000	NaN	86.217620810	0.000000000	0.000000000	0.000000000	0.000000000	0.000000000
100.000000000	900.000000000	NaN	86.217620810	0.000000000	0.000000000	0.000000000	0.000000000	0.000000000
200.000000000	900.000000000	NaN	86.217620810	0.000000000	0.000000000	0.000000000	0.000000000	0.000000000
300.000000000	900.000000000	NaN	86.217620810	0.000000000	0.000000000	0.000000000	0.000000000	0.000000000
400.000000000	900.000000000	NaN	86.217620810	0.000000000	0.000000000	0.000000000	0.000000000	0.000000000
500.000000000	900.000000000	NaN	86.217620810	0.000000000	0.000000000	0.000000000	0.000000000	0.000000000
600.000000000	900.000000000	NaN	86.217620810	0.000000000	0.000000000	0.000000000	0.000000000	0.000000000
700.000000000	900.000000000	NaN	86.217620810	0.000000000	0.000000000	0.000000000	0.000000000	0.000000000
800.000000000	900.000000000	NaN	86.217620810	0.000000000	0.000000000	0.000000000	0.000000000	0.000000000
900.000000000	900.000000000	NaN	86.217620810	0.000000000	0.000000000	0.000000000	0.000000000	0.000000000
1000.000000000	900.000000000	NaN	86.217620810	0.000000000	0.000000000	0.000000000	0.000000000	0.000000000
-1000.000000000	1000.000000000	NaN	86.217620810	0.000000000	0.000000000	0.000000000	0.000000000	0.000000000
-900.000000000	1000.000000000	NaN	86.217620810	0.000000000	0.000000000	0.000000000	0.000000000	0.000000000
-800.000000000	1000.000000000	NaN	86.217620810	0.000000000	0.000000000	0.000000000	0.000000000	0.000000000
-700.000000000	1000.000000000	NaN	86.217620810	0.000000000	0.000000000	0.000000000	0.000000000	0.000000000
-600.000000000	1000.000000000	NaN	86.217620810	0.000000000	0.000000000	0.000000000	0.000000000	0.000000000
-500.000000000	1000.000000000	NaN	86.217620810	0.000000000	0.000000000	0.000000000	0.000000000	0.000000000
-400.000000000	1000.000000000	NaN	86.217620810	0.000000000	0.000000000	0.000000000	0.000000000	0.000000000
-300.000000000	1000.000000000	NaN	86.217620810	0.000000000	0.000000000	0.000000000	0.000000000	0.000000000
-200.000000000	1000.000000000	NaN	86.217620810	0.000000000	0.000000000	0.000000000	0.000000000	0.000000000
-100.000000000	1000.000000000	NaN	86.217620810	0.000000000	0.000000000	0.000000000	0.000000000	0.000000000
0.000000000	1000.000000000	NaN	86.217620810	0.000000000	0.000000000	0.000000000	0.000000000	0.000000000
100.000000000	1000.000000000	NaN	86.217620810	0.000000000	0.000000000	0.000000000	0.000000000	0.000000000
200.000000000	1000.000000000	NaN	86.217620810	0.000000000	0.000000000	0.000000000	0.000000000	0.000000000
300.000000000	1000.000000000	NaN	86.217620810	0.000000000	0.000000000	0.000000000	0.000000000	0.000000000
400.000000000	1000.000000000	NaN	86.217620810	0.000000000	0.000000000	0.000000000	0.000000000	0.000000000
500.000000000	1000.000000000	NaN	86.217620810	0.000000000	0.000000000	0.000000000	0.000000000	0.000000000
600.000000000	1000.000000000	NaN	86.217620810	0.000000000	0.000000000	0.000000000	0.000000000	0.000000000
700.000000000	1000.000000000	NaN	86.217620810	0.000000000	0.000000000	0.000000000	0.000000000	0.000000000
800.000000000	1000.000000000	NaN	86.217620810	0.000000000	0.000000000	0.000000000	0.000000000	0.000000000
900.000000000	1000.000000000	NaN	86.217620810	0.000000000	0.000000000	0.000000000	0.000000000	0.000000000
1000.000000000	1000.000000000	NaN	86.217620810	0.000000000	0.000000000	0.000000000	0.000000000	0.000000000
